YYYY-MM-DD	hh:mm:ss	Status	Interval [s]	n1	n2	n3	n4	n5	n6	n7	n8	n9	n10	n11	n12	n13	n14	n15	n16	n17	n18	n19	n20	RI [mm/h]	RA [mm]	RAT [mm]
2022-04-03	18:29:00		60	0	0	0	0	0	0	0	0	0	0	0	0	0	0	0	0	0	0	0	0	0,0000	0,0000	265,7926
2022-04-03	18:30:00		60	0	0	0	0	0	0	0	0	0	0	0	0	0	0	0	0	0	0	0	0	0,0000	0,0000	265,7926
2022-04-03	18:31:00		60	0	0	0	0	0	0	0	0	0	0	0	0	0	0	0	0	0	0	0	0	0,0000	0,0000	265,7926
2022-04-03	18:32:00		60	0	0	0	0	0	0	0	0	0	0	0	0	0	0	0	0	0	0	0	0	0,0000	0,0000	265,7926
2022-04-03	18:33:00		60	0	0	0	0	0	0	0	0	0	0	0	0	0	0	0	0	0	0	0	0	0,0000	0,0000	265,7926
2022-04-03	18:34:00		60	1	0	1	0	0	0	0	0	0	0	0	0	0	0	0	0	0	0	0	0	0,0013	0,0000	265,7926
2022-04-03	18:35:00		60	0	0	0	0	0	0	0	0	0	0	0	0	0	0	0	0	0	0	0	0	0,0000	0,0000	265,7926
2022-04-03	18:36:00		60	0	0	0	0	0	0	0	0	0	0	0	0	0	0	0	0	0	0	0	0	0,0000	0,0000	265,7926
2022-04-03	18:37:00		60	0	0	0	0	0	0	0	0	0	0	0	0	0	0	0	0	0	0	0	0	0,0000	0,0000	265,7926
2022-04-03	18:38:00		60	0	0	0	0	0	0	0	0	0	0	0	0	0	0	0	0	0	0	0	0	0,0000	0,0000	265,7926
2022-04-03	18:39:00		60	0	0	0	0	0	0	0	0	0	0	0	0	0	0	0	0	0	0	0	0	0,0000	0,0000	265,7926
2022-04-03	18:40:00		60	0	0	0	0	0	0	0	0	0	0	0	0	0	0	0	0	0	0	0	0	0,0000	0,0000	265,7926
2022-04-03	18:41:00		60	0	0	0	0	0	0	0	0	0	0	0	0	0	0	0	0	0	0	0	0	0,0000	0,0000	265,7926
2022-04-03	18:42:00		60	0	0	0	0	0	0	0	0	0	0	0	0	0	0	0	0	0	0	0	0	0,0000	0,0000	265,7926
2022-04-03	18:43:00		60	0	0	0	0	0	0	3	0	1	0	0	0	0	0	0	0	0	0	0	0	0,0477	0,0008	265,7934
2022-04-03	18:44:00		60	0	0	1	3	1	2	16	35	11	5	1	0	0	0	0	0	0	0	0	0	1,1021	0,0184	265,8118
2022-04-03	18:45:00		60	3	0	1	1	2	8	18	5	0	0	0	0	0	0	0	0	0	0	0	0	0,2790	0,0046	265,8164
2022-04-03	18:46:00		60	2	0	0	1	0	1	2	1	0	0	0	0	0	0	0	0	0	0	0	0	0,0394	0,0007	265,8171
2022-04-03	18:47:00		60	0	0	0	0	0	0	0	0	0	0	0	0	0	0	0	0	0	0	0	0	0,0000	0,0000	265,8171
2022-04-03	18:48:00		60	0	0	0	0	0	0	0	0	0	0	0	0	0	0	0	0	0	0	0	0	0,0000	0,0000	265,8171
2022-04-03	18:49:00		60	0	0	0	0	0	0	0	0	0	0	0	0	0	0	0	0	0	0	0	0	0,0000	0,0000	265,8171
2022-04-03	18:50:00		60	0	0	0	0	0	0	0	0	0	0	0	0	0	0	0	0	0	0	0	0	0,0000	0,0000	265,8171
2022-04-03	18:51:00		60	0	0	0	0	0	0	0	0	0	0	0	0	0	0	0	0	0	0	0	0	0,0000	0,0000	265,8171
2022-04-03	18:52:00		60	0	0	0	0	0	0	0	0	0	0	0	0	0	0	0	0	0	0	0	0	0,0000	0,0000	265,8171
2022-04-03	18:53:00		60	0	0	0	0	0	0	0	0	0	0	0	0	0	0	0	0	0	0	0	0	0,0000	0,0000	265,8171
2022-04-03	18:54:00		60	0	0	0	0	0	0	0	0	0	0	0	0	0	0	0	0	0	0	0	0	0,0000	0,0000	265,8171
2022-04-03	18:55:00		60	0	0	0	0	0	0	0	0	0	0	0	0	0	0	0	0	0	0	0	0	0,0000	0,0000	265,8171
2022-04-03	18:56:00		60	0	0	0	0	0	0	0	0	0	0	0	0	0	0	0	0	0	0	0	0	0,0000	0,0000	265,8171
2022-04-03	18:57:00		60	0	0	0	0	0	0	0	0	0	0	0	0	0	0	0	0	0	0	0	0	0,0000	0,0000	265,8171
2022-04-03	18:58:00		60	0	0	0	0	0	0	0	0	0	0	0	0	0	0	0	0	0	0	0	0	0,0000	0,0000	265,8171
2022-04-03	18:59:00		60	0	0	0	0	0	0	0	0	0	0	0	0	0	0	0	0	0	0	0	0	0,0000	0,0000	265,8171
2022-04-03	19:00:00		60	0	0	0	0	0	0	0	0	0	0	0	0	0	0	0	0	0	0	0	0	0,0000	0,0000	265,8171
2022-04-03	19:01:00		60	0	0	0	0	0	0	0	0	0	0	0	0	0	0	0	0	0	0	0	0	0,0000	0,0000	265,8171
2022-04-03	19:02:00		60	0	0	0	0	0	0	0	0	0	0	0	0	0	0	0	0	0	0	0	0	0,0000	0,0000	265,8171
2022-04-03	19:03:00		60	0	0	0	0	0	0	0	0	0	0	0	0	0	0	0	0	0	0	0	0	0,0000	0,0000	265,8171
2022-04-03	19:04:00		60	0	0	0	0	0	0	0	0	0	0	0	0	0	0	0	0	0	0	0	0	0,0000	0,0000	265,8171
2022-04-03	19:05:00		60	6	0	0	0	0	0	0	0	0	0	0	0	0	0	0	0	0	0	0	0	0,0017	0,0000	265,8171
2022-04-03	19:06:00		60	0	0	0	0	0	0	0	0	0	0	0	0	0	0	0	0	0	0	0	0	0,0000	0,0000	265,8171
2022-04-03	19:07:00		60	0	0	0	0	0	0	0	0	0	0	0	0	0	0	0	0	0	0	0	0	0,0000	0,0000	265,8171
2022-04-03	19:08:00		60	0	0	0	0	0	0	0	0	0	0	0	0	0	0	0	0	0	0	0	0	0,0000	0,0000	265,8171
2022-04-03	19:09:00		60	0	0	0	0	0	0	0	0	0	0	0	0	0	0	0	0	0	0	0	0	0,0000	0,0000	265,8171
2022-04-03	19:10:00		60	0	0	0	0	0	0	0	0	0	0	0	0	0	0	0	0	0	0	0	0	0,0000	0,0000	265,8171
2022-04-03	19:11:00		60	0	0	0	0	0	0	0	0	0	0	0	0	0	0	0	0	0	0	0	0	0,0000	0,0000	265,8171
2022-04-03	19:12:00		60	0	0	0	0	0	0	0	0	0	0	0	0	0	0	0	0	0	0	0	0	0,0000	0,0000	265,8171
2022-04-03	19:13:00		60	0	0	0	0	0	0	0	0	0	0	0	0	0	0	0	0	0	0	0	0	0,0000	0,0000	265,8171
2022-04-03	19:14:00		60	0	0	0	0	0	0	0	0	0	0	0	0	0	0	0	0	0	0	0	0	0,0000	0,0000	265,8171
2022-04-03	19:15:00		60	0	0	0	0	0	0	0	0	0	0	0	0	0	0	0	0	0	0	0	0	0,0000	0,0000	265,8171
2022-04-03	19:16:00		60	7	0	3	0	1	1	0	0	0	0	0	0	0	0	0	0	0	0	0	0	0,0128	0,0002	265,8173
2022-04-03	19:17:00		60	4	0	3	9	2	0	0	0	0	0	0	0	0	0	0	0	0	0	0	0	0,0260	0,0004	265,8178
2022-04-03	19:18:00		60	0	0	0	0	0	0	0	0	0	0	0	0	0	0	0	0	0	0	0	0	0,0000	0,0000	265,8178
2022-04-03	19:19:00		60	0	0	0	0	0	0	0	0	0	0	0	0	0	0	0	0	0	0	0	0	0,0000	0,0000	265,8178
2022-04-03	19:20:00		60	0	0	0	0	0	0	0	0	0	0	0	0	0	0	0	0	0	0	0	0	0,0000	0,0000	265,8178
2022-04-03	19:21:00		60	0	0	0	0	0	0	0	0	0	0	0	0	0	0	0	0	0	0	0	0	0,0000	0,0000	265,8178
2022-04-03	19:22:00		60	0	0	0	0	0	0	0	0	0	0	0	0	0	0	0	0	0	0	0	0	0,0000	0,0000	265,8178
2022-04-03	19:23:00		60	0	0	0	0	0	0	0	0	0	0	0	0	0	0	0	0	0	0	0	0	0,0000	0,0000	265,8178
2022-04-03	19:24:00		60	0	0	0	0	0	0	0	0	0	0	0	0	0	0	0	0	0	0	0	0	0,0000	0,0000	265,8178
2022-04-03	19:25:00		60	3	1	0	0	0	0	2	1	0	0	0	0	0	0	0	0	0	0	0	0	0,0337	0,0006	265,8183
2022-04-03	19:26:00		60	12	56	15	3	1	0	0	0	0	0	0	0	0	0	0	0	0	0	0	0	0,0606	0,0010	265,8193
2022-04-03	19:27:00		60	19	59	38	16	3	0	0	0	0	0	0	0	0	0	0	0	0	0	0	0	0,1174	0,0020	265,8213
2022-04-03	19:28:00		60	17	48	27	25	0	0	1	0	0	0	0	0	0	0	0	0	0	0	0	0	0,1148	0,0019	265,8232
2022-04-03	19:29:00		60	15	40	8	3	4	10	37	5	2	0	0	0	0	0	0	0	0	0	0	0	0,5412	0,0090	265,8322
2022-04-03	19:30:00		60	12	41	16	38	35	71	64	6	0	0	0	0	0	0	0	0	0	0	0	0	1,2001	0,0200	265,8522
2022-04-03	19:31:00		60	15	26	25	42	73	78	38	5	0	0	0	0	0	0	0	0	0	0	0	0	1,1097	0,0185	265,8707
2022-04-03	19:32:00		60	14	51	59	93	108	158	87	12	0	0	0	0	0	0	0	0	0	0	0	0	2,2653	0,0378	265,9085
2022-04-03	19:33:00		60	10	33	57	87	107	140	86	13	0	0	0	0	0	0	0	0	0	0	0	0	2,1579	0,0360	265,9444
2022-04-03	19:34:00		60	11	44	62	86	86	140	77	5	1	1	0	0	0	0	0	0	0	0	0	0	1,9610	0,0327	265,9771
2022-04-03	19:35:00		60	12	50	47	73	129	226	144	18	5	1	0	0	0	0	0	0	0	0	0	0	3,3247	0,0554	266,0325
2022-04-03	19:36:00		60	13	41	52	71	128	230	102	15	1	0	0	0	0	0	0	0	0	0	0	0	2,8115	0,0469	266,0794
2022-04-03	19:37:00		60	11	31	51	79	129	194	106	6	1	0	0	0	0	0	0	0	0	0	0	0	2,5505	0,0425	266,1219
2022-04-03	19:38:00		60	16	27	45	76	92	127	62	2	0	0	0	0	0	0	0	0	0	0	0	0	1,6460	0,0274	266,1493
2022-04-03	19:39:00		60	12	23	43	77	82	65	20	0	0	0	0	0	0	0	0	0	0	0	0	0	0,9205	0,0153	266,1647
2022-04-03	19:40:00		60	11	20	39	72	45	46	5	0	0	0	0	0	0	0	0	0	0	0	0	0	0,5770	0,0096	266,1743
2022-04-03	19:41:00		60	19	36	48	43	30	20	2	0	0	0	0	0	0	0	0	0	0	0	0	0	0,3530	0,0059	266,1802
2022-04-03	19:42:00		60	15	33	39	23	16	14	2	0	0	0	0	0	0	0	0	0	0	0	0	0	0,2362	0,0039	266,1841
2022-04-03	19:43:00		60	31	40	24	29	19	10	0	0	0	0	0	0	0	0	0	0	0	0	0	0	0,2119	0,0035	266,1876
2022-04-03	19:44:00		60	26	70	59	18	3	1	0	0	0	0	0	0	0	0	0	0	0	0	0	0	0,1564	0,0026	266,1902
2022-04-03	19:45:00		60	23	37	35	21	4	0	0	0	0	0	0	0	0	0	0	0	0	0	0	0	0,1141	0,0019	266,1921
2022-04-03	19:46:00		60	17	29	2	0	0	0	0	0	0	0	0	0	0	0	0	0	0	0	0	0	0,0242	0,0004	266,1926
2022-04-03	19:47:00		60	8	2	0	0	0	0	0	0	0	0	0	0	0	0	0	0	0	0	0	0	0,0035	0,0001	266,1926
2022-04-03	19:48:00		60	5	0	0	0	0	0	0	0	0	0	0	0	0	0	0	0	0	0	0	0	0,0015	0,0000	266,1926
2022-04-03	19:49:00		60	0	0	0	0	0	0	0	0	0	0	0	0	0	0	0	0	0	0	0	0	0,0000	0,0000	266,1926
2022-04-03	19:50:00		60	0	0	0	0	0	0	0	0	0	0	0	0	0	0	0	0	0	0	0	0	0,0000	0,0000	266,1926
2022-04-03	19:51:00		60	0	0	0	0	0	0	0	0	0	0	0	0	0	0	0	0	0	0	0	0	0,0000	0,0000	266,1926
2022-04-03	19:52:00		60	0	0	0	0	0	0	0	0	0	0	0	0	0	0	0	0	0	0	0	0	0,0000	0,0000	266,1926
2022-04-03	19:53:00		60	0	0	0	0	0	0	0	0	0	0	0	0	0	0	0	0	0	0	0	0	0,0000	0,0000	266,1926
2022-04-03	19:54:00		60	0	0	0	0	0	0	0	0	0	0	0	0	0	0	0	0	0	0	0	0	0,0000	0,0000	266,1926
2022-04-03	19:55:00		60	5	0	0	0	0	0	0	0	0	0	0	0	0	0	0	0	0	0	0	0	0,0015	0,0000	266,1927
2022-04-03	19:56:00		60	0	0	0	0	0	0	0	0	0	0	0	0	0	0	0	0	0	0	0	0	0,0000	0,0000	266,1927
2022-04-03	19:57:00		60	0	0	0	0	0	0	0	0	0	0	0	0	0	0	0	0	0	0	0	0	0,0000	0,0000	266,1927
2022-04-03	19:58:00		60	4	0	0	0	0	0	0	0	0	0	0	0	0	0	0	0	0	0	0	0	0,0012	0,0000	266,1927
2022-04-03	19:59:00		60	9	0	0	0	0	0	0	0	0	0	0	0	0	0	0	0	0	0	0	0	0,0026	0,0000	266,1927
2022-04-03	20:00:00		60	6	0	0	0	0	0	0	0	0	0	0	0	0	0	0	0	0	0	0	0	0,0017	0,0000	266,1928
2022-04-03	20:01:00		60	0	0	0	0	0	0	0	0	0	0	0	0	0	0	0	0	0	0	0	0	0,0000	0,0000	266,1928
2022-04-03	20:02:00		60	0	0	0	0	0	0	0	0	0	0	0	0	0	0	0	0	0	0	0	0	0,0000	0,0000	266,1928
2022-04-03	20:03:00		60	0	0	0	0	0	0	0	0	0	0	0	0	0	0	0	0	0	0	0	0	0,0000	0,0000	266,1928
2022-04-03	20:04:00		60	8	0	0	0	0	0	0	0	0	0	0	0	0	0	0	0	0	0	0	0	0,0023	0,0000	266,1928
2022-04-03	20:05:00		60	6	0	0	0	0	0	0	0	0	0	0	0	0	0	0	0	0	0	0	0	0,0017	0,0000	266,1928
2022-04-03	20:06:00		60	0	0	0	0	0	0	0	0	0	0	0	0	0	0	0	0	0	0	0	0	0,0000	0,0000	266,1928
2022-04-03	20:07:00		60	4	0	0	0	0	0	0	0	0	0	0	0	0	0	0	0	0	0	0	0	0,0012	0,0000	266,1928
2022-04-03	20:08:00		60	0	0	0	0	0	0	0	0	0	0	0	0	0	0	0	0	0	0	0	0	0,0000	0,0000	266,1928
2022-04-03	20:09:00		60	0	0	0	0	0	0	0	0	0	0	0	0	0	0	0	0	0	0	0	0	0,0000	0,0000	266,1928
2022-04-03	20:10:00		60	0	0	0	0	0	0	0	0	0	0	0	0	0	0	0	0	0	0	0	0	0,0000	0,0000	266,1928
2022-04-03	20:11:00		60	5	0	0	0	0	0	0	0	0	0	0	0	0	0	0	0	0	0	0	0	0,0015	0,0000	266,1929
2022-04-03	20:12:00		60	0	0	0	0	0	0	0	0	0	0	0	0	0	0	0	0	0	0	0	0	0,0000	0,0000	266,1929
2022-04-03	20:13:00		60	0	0	0	0	0	0	0	0	0	0	0	0	0	0	0	0	0	0	0	0	0,0000	0,0000	266,1929
2022-04-03	20:14:00		60	0	0	0	0	0	0	0	0	0	0	0	0	0	0	0	0	0	0	0	0	0,0000	0,0000	266,1929
2022-04-03	20:15:00		60	0	0	0	0	0	0	0	0	0	0	0	0	0	0	0	0	0	0	0	0	0,0000	0,0000	266,1929
2022-04-03	20:16:00		60	0	0	0	0	0	0	0	0	0	0	0	0	0	0	0	0	0	0	0	0	0,0000	0,0000	266,1929
2022-04-03	20:17:00		60	0	0	0	0	0	0	0	0	0	0	0	0	0	0	0	0	0	0	0	0	0,0000	0,0000	266,1929
2022-04-03	20:18:00		60	0	0	0	0	0	0	0	0	0	0	0	0	0	0	0	0	0	0	0	0	0,0000	0,0000	266,1929
2022-04-03	20:19:00		60	0	0	0	0	0	0	0	0	0	0	0	0	0	0	0	0	0	0	0	0	0,0000	0,0000	266,1929
2022-04-03	20:20:00		60	4	0	0	0	0	0	0	0	0	0	0	0	0	0	0	0	0	0	0	0	0,0012	0,0000	266,1929
2022-04-03	20:21:00		60	0	0	0	0	0	0	0	0	0	0	0	0	0	0	0	0	0	0	0	0	0,0000	0,0000	266,1929
2022-04-03	20:22:00		60	0	0	0	0	0	0	0	0	0	0	0	0	0	0	0	0	0	0	0	0	0,0000	0,0000	266,1929
2022-04-03	20:23:00		60	0	0	0	0	0	0	0	0	0	0	0	0	0	0	0	0	0	0	0	0	0,0000	0,0000	266,1929
2022-04-03	20:24:00		60	0	0	0	0	0	0	0	0	0	0	0	0	0	0	0	0	0	0	0	0	0,0000	0,0000	266,1929
2022-04-03	20:25:00		60	0	0	0	0	0	0	0	0	0	0	0	0	0	0	0	0	0	0	0	0	0,0000	0,0000	266,1929
2022-04-03	20:26:00		60	0	0	0	0	0	0	0	0	0	0	0	0	0	0	0	0	0	0	0	0	0,0000	0,0000	266,1929
2022-04-03	20:27:00		60	0	0	0	0	0	0	0	0	0	0	0	0	0	0	0	0	0	0	0	0	0,0000	0,0000	266,1929
2022-04-03	20:28:00		60	0	0	0	0	0	0	0	0	0	0	0	0	0	0	0	0	0	0	0	0	0,0000	0,0000	266,1929
2022-04-03	20:29:00		60	0	0	0	0	0	0	0	0	0	0	0	0	0	0	0	0	0	0	0	0	0,0000	0,0000	266,1929
2022-04-03	20:30:00		60	0	0	0	0	0	0	0	0	0	0	0	0	0	0	0	0	0	0	0	0	0,0000	0,0000	266,1929
2022-04-03	20:31:00		60	0	0	0	0	0	0	0	0	0	0	0	0	0	0	0	0	0	0	0	0	0,0000	0,0000	266,1929
2022-04-03	20:32:00		60	0	0	0	0	0	0	0	0	0	0	0	0	0	0	0	0	0	0	0	0	0,0000	0,0000	266,1929
2022-04-03	20:33:00		60	8	0	0	0	0	0	0	0	0	0	0	0	0	0	0	0	0	0	0	0	0,0023	0,0000	266,1929
2022-04-03	20:34:00		60	0	0	0	0	0	0	0	0	0	0	0	0	0	0	0	0	0	0	0	0	0,0000	0,0000	266,1929
2022-04-03	20:35:00		60	0	0	0	0	0	0	0	0	0	0	0	0	0	0	0	0	0	0	0	0	0,0000	0,0000	266,1929
2022-04-03	20:36:00		60	0	0	0	0	0	0	0	0	0	0	0	0	0	0	0	0	0	0	0	0	0,0000	0,0000	266,1929
2022-04-03	20:37:00		60	4	0	0	0	0	0	0	0	0	0	0	0	0	0	0	0	0	0	0	0	0,0012	0,0000	266,1929
2022-04-03	20:38:00		60	0	0	0	0	0	0	0	0	0	0	0	0	0	0	0	0	0	0	0	0	0,0000	0,0000	266,1929
2022-04-03	20:39:00		60	0	0	0	0	0	0	0	0	0	0	0	0	0	0	0	0	0	0	0	0	0,0000	0,0000	266,1929
2022-04-03	20:40:00		60	0	0	0	0	0	0	0	0	0	0	0	0	0	0	0	0	0	0	0	0	0,0000	0,0000	266,1929
2022-04-03	20:41:00		60	0	0	0	0	0	0	0	0	0	0	0	0	0	0	0	0	0	0	0	0	0,0000	0,0000	266,1929
2022-04-03	20:42:00		60	0	0	0	0	0	0	0	0	0	0	0	0	0	0	0	0	0	0	0	0	0,0000	0,0000	266,1929
2022-04-03	20:43:00		60	0	0	0	0	0	0	0	0	0	0	0	0	0	0	0	0	0	0	0	0	0,0000	0,0000	266,1929
2022-04-03	20:44:00		60	0	0	0	0	0	0	0	0	0	0	0	0	0	0	0	0	0	0	0	0	0,0000	0,0000	266,1929
2022-04-03	20:45:00		60	0	0	0	0	0	0	0	0	0	0	0	0	0	0	0	0	0	0	0	0	0,0000	0,0000	266,1929
2022-04-03	20:46:00		60	0	0	0	0	0	0	0	0	0	0	0	0	0	0	0	0	0	0	0	0	0,0000	0,0000	266,1929
2022-04-03	20:47:00		60	4	0	0	0	0	0	0	0	0	0	0	0	0	0	0	0	0	0	0	0	0,0012	0,0000	266,1930
2022-04-03	20:48:00		60	4	0	0	0	0	0	0	0	0	0	0	0	0	0	0	0	0	0	0	0	0,0012	0,0000	266,1930
2022-04-03	20:49:00		60	0	0	0	0	0	0	0	0	0	0	0	0	0	0	0	0	0	0	0	0	0,0000	0,0000	266,1930
2022-04-03	20:50:00		60	0	0	0	0	0	0	0	0	0	0	0	0	0	0	0	0	0	0	0	0	0,0000	0,0000	266,1930
2022-04-03	20:51:00		60	0	0	0	0	0	0	0	0	0	0	0	0	0	0	0	0	0	0	0	0	0,0000	0,0000	266,1930
2022-04-03	20:52:00		60	0	0	0	0	0	0	0	0	0	0	0	0	0	0	0	0	0	0	0	0	0,0000	0,0000	266,1930
2022-04-03	20:53:00		60	0	0	0	0	0	0	0	0	0	0	0	0	0	0	0	0	0	0	0	0	0,0000	0,0000	266,1930
2022-04-03	20:54:00		60	0	0	0	0	0	0	0	0	0	0	0	0	0	0	0	0	0	0	0	0	0,0000	0,0000	266,1930
2022-04-03	20:55:00		60	0	0	0	0	0	0	0	0	0	0	0	0	0	0	0	0	0	0	0	0	0,0000	0,0000	266,1930
2022-04-03	20:56:00		60	0	0	0	0	0	0	0	0	0	0	0	0	0	0	0	0	0	0	0	0	0,0000	0,0000	266,1930
2022-04-03	20:57:00		60	0	0	0	0	0	0	0	0	0	0	0	0	0	0	0	0	0	0	0	0	0,0000	0,0000	266,1930
2022-04-03	20:58:00		60	0	0	0	0	0	0	0	0	0	0	0	0	0	0	0	0	0	0	0	0	0,0000	0,0000	266,1930
2022-04-03	20:59:00		60	9	0	0	0	0	0	0	0	0	0	0	0	0	0	0	0	0	0	0	0	0,0026	0,0000	266,1930
2022-04-03	21:00:00		60	9	0	0	0	0	0	0	0	0	0	0	0	0	0	0	0	0	0	0	0	0,0026	0,0000	266,1931
2022-04-03	21:01:00		60	0	0	0	0	0	0	0	0	0	0	0	0	0	0	0	0	0	0	0	0	0,0000	0,0000	266,1931
2022-04-03	21:02:00		60	0	0	0	0	0	0	0	0	0	0	0	0	0	0	0	0	0	0	0	0	0,0000	0,0000	266,1931
2022-04-03	21:03:00		60	0	0	0	0	0	0	0	0	0	0	0	0	0	0	0	0	0	0	0	0	0,0000	0,0000	266,1931
2022-04-03	21:04:00		60	0	0	0	0	0	0	0	0	0	0	0	0	0	0	0	0	0	0	0	0	0,0000	0,0000	266,1931
2022-04-03	21:05:00		60	0	0	0	0	0	0	0	0	0	0	0	0	0	0	0	0	0	0	0	0	0,0000	0,0000	266,1931
2022-04-03	21:06:00		60	0	0	0	0	0	0	0	0	0	0	0	0	0	0	0	0	0	0	0	0	0,0000	0,0000	266,1931
2022-04-03	21:07:00		60	0	0	0	0	0	0	0	0	0	0	0	0	0	0	0	0	0	0	0	0	0,0000	0,0000	266,1931
2022-04-03	21:08:00		60	0	0	0	0	0	0	0	0	0	0	0	0	0	0	0	0	0	0	0	0	0,0000	0,0000	266,1931
2022-04-03	21:09:00		60	0	0	0	0	0	0	0	0	0	0	0	0	0	0	0	0	0	0	0	0	0,0000	0,0000	266,1931
2022-04-03	21:10:00		60	0	0	0	0	0	0	0	0	0	0	0	0	0	0	0	0	0	0	0	0	0,0000	0,0000	266,1931
2022-04-03	21:11:00		60	0	0	0	0	0	0	0	0	0	0	0	0	0	0	0	0	0	0	0	0	0,0000	0,0000	266,1931
2022-04-03	21:12:00		60	0	0	0	0	0	0	0	0	0	0	0	0	0	0	0	0	0	0	0	0	0,0000	0,0000	266,1931
2022-04-03	21:13:00		60	0	0	0	0	0	0	0	0	0	0	0	0	0	0	0	0	0	0	0	0	0,0000	0,0000	266,1931
2022-04-03	21:14:00		60	0	0	0	0	0	0	0	0	0	0	0	0	0	0	0	0	0	0	0	0	0,0000	0,0000	266,1931
2022-04-03	21:15:00		60	5	0	0	0	0	0	0	0	0	0	0	0	0	0	0	0	0	0	0	0	0,0015	0,0000	266,1931
2022-04-03	21:16:00		60	0	0	0	0	0	0	0	0	0	0	0	0	0	0	0	0	0	0	0	0	0,0000	0,0000	266,1931
2022-04-03	21:17:00		60	0	0	0	0	0	0	0	0	0	0	0	0	0	0	0	0	0	0	0	0	0,0000	0,0000	266,1931
2022-04-03	21:18:00		60	0	0	0	0	0	0	0	0	0	0	0	0	0	0	0	0	0	0	0	0	0,0000	0,0000	266,1931
2022-04-03	21:19:00		60	0	0	0	0	0	0	0	0	0	0	0	0	0	0	0	0	0	0	0	0	0,0000	0,0000	266,1931
2022-04-03	21:20:00		60	0	0	0	0	0	0	0	0	0	0	0	0	0	0	0	0	0	0	0	0	0,0000	0,0000	266,1931
2022-04-03	21:21:00		60	0	0	0	0	0	0	0	0	0	0	0	0	0	0	0	0	0	0	0	0	0,0000	0,0000	266,1931
2022-04-03	21:22:00		60	0	0	0	0	0	0	0	0	0	0	0	0	0	0	0	0	0	0	0	0	0,0000	0,0000	266,1931
2022-04-03	21:23:00		60	0	0	0	0	0	0	0	0	0	0	0	0	0	0	0	0	0	0	0	0	0,0000	0,0000	266,1931
2022-04-03	21:24:00		60	0	0	0	0	0	0	0	0	0	0	0	0	0	0	0	0	0	0	0	0	0,0000	0,0000	266,1931
2022-04-03	21:25:00		60	0	0	0	0	0	0	0	0	0	0	0	0	0	0	0	0	0	0	0	0	0,0000	0,0000	266,1931
2022-04-03	21:26:00		60	0	0	0	0	0	0	0	0	0	0	0	0	0	0	0	0	0	0	0	0	0,0000	0,0000	266,1931
2022-04-03	21:27:00		60	5	0	0	0	0	0	0	0	0	0	0	0	0	0	0	0	0	0	0	0	0,0015	0,0000	266,1931
2022-04-03	21:28:00		60	0	0	0	0	0	0	0	0	0	0	0	0	0	0	0	0	0	0	0	0	0,0000	0,0000	266,1931
2022-04-03	21:29:00		60	0	0	0	0	0	0	0	0	0	0	0	0	0	0	0	0	0	0	0	0	0,0000	0,0000	266,1931
2022-04-03	21:30:00		60	0	0	0	0	0	0	0	0	0	0	0	0	0	0	0	0	0	0	0	0	0,0000	0,0000	266,1931
2022-04-03	21:31:00		60	0	0	0	0	0	0	0	0	0	0	0	0	0	0	0	0	0	0	0	0	0,0000	0,0000	266,1931
2022-04-03	21:32:00		60	0	0	0	0	0	0	0	0	0	0	0	0	0	0	0	0	0	0	0	0	0,0000	0,0000	266,1931
2022-04-03	21:33:00		60	0	0	0	0	0	0	0	0	0	0	0	0	0	0	0	0	0	0	0	0	0,0000	0,0000	266,1931
2022-04-03	21:34:00		60	4	0	0	0	0	0	0	0	0	0	0	0	0	0	0	0	0	0	0	0	0,0012	0,0000	266,1931
2022-04-03	21:35:00		60	0	0	0	0	0	0	0	0	0	0	0	0	0	0	0	0	0	0	0	0	0,0000	0,0000	266,1931
2022-04-03	21:36:00		60	0	0	0	0	0	0	0	0	0	0	0	0	0	0	0	0	0	0	0	0	0,0000	0,0000	266,1931
2022-04-03	21:37:00		60	0	0	0	0	0	0	0	0	0	0	0	0	0	0	0	0	0	0	0	0	0,0000	0,0000	266,1931
2022-04-03	21:38:00		60	0	0	0	0	0	0	0	0	0	0	0	0	0	0	0	0	0	0	0	0	0,0000	0,0000	266,1931
2022-04-03	21:39:00		60	4	0	0	0	0	0	0	0	0	0	0	0	0	0	0	0	0	0	0	0	0,0012	0,0000	266,1932
2022-04-03	21:40:00		60	0	0	0	0	0	0	0	0	0	0	0	0	0	0	0	0	0	0	0	0	0,0000	0,0000	266,1932
2022-04-03	21:41:00		60	0	0	0	0	0	0	0	0	0	0	0	0	0	0	0	0	0	0	0	0	0,0000	0,0000	266,1932
2022-04-03	21:42:00		60	0	0	0	0	0	0	0	0	0	0	0	0	0	0	0	0	0	0	0	0	0,0000	0,0000	266,1932
2022-04-03	21:43:00		60	0	0	0	0	0	0	0	0	0	0	0	0	0	0	0	0	0	0	0	0	0,0000	0,0000	266,1932
2022-04-03	21:44:00		60	0	0	0	0	0	0	0	0	0	0	0	0	0	0	0	0	0	0	0	0	0,0000	0,0000	266,1932
2022-04-03	21:45:00		60	0	0	0	0	0	0	0	0	0	0	0	0	0	0	0	0	0	0	0	0	0,0000	0,0000	266,1932
2022-04-03	21:46:00		60	0	0	0	0	0	0	0	0	0	0	0	0	0	0	0	0	0	0	0	0	0,0000	0,0000	266,1932
2022-04-03	21:47:00		60	0	0	0	0	0	0	0	0	0	0	0	0	0	0	0	0	0	0	0	0	0,0000	0,0000	266,1932
2022-04-03	21:48:00		60	0	0	0	0	0	0	0	0	0	0	0	0	0	0	0	0	0	0	0	0	0,0000	0,0000	266,1932
2022-04-03	21:49:00		60	0	0	0	0	0	0	0	0	0	0	0	0	0	0	0	0	0	0	0	0	0,0000	0,0000	266,1932
2022-04-03	21:50:00		60	0	0	0	0	0	0	0	0	0	0	0	0	0	0	0	0	0	0	0	0	0,0000	0,0000	266,1932
2022-04-03	21:51:00		60	0	0	0	0	0	0	0	0	0	0	0	0	0	0	0	0	0	0	0	0	0,0000	0,0000	266,1932
2022-04-03	21:52:00		60	0	0	0	0	0	0	0	0	0	0	0	0	0	0	0	0	0	0	0	0	0,0000	0,0000	266,1932
2022-04-03	21:53:00		60	0	0	0	0	0	0	0	0	0	0	0	0	0	0	0	0	0	0	0	0	0,0000	0,0000	266,1932
2022-04-03	21:54:00		60	0	0	0	0	0	0	0	0	0	0	0	0	0	0	0	0	0	0	0	0	0,0000	0,0000	266,1932
2022-04-03	21:55:00		60	0	0	0	0	0	0	0	0	0	0	0	0	0	0	0	0	0	0	0	0	0,0000	0,0000	266,1932
2022-04-03	21:56:00		60	0	0	0	0	0	0	0	0	0	0	0	0	0	0	0	0	0	0	0	0	0,0000	0,0000	266,1932
2022-04-03	21:57:00		60	0	0	0	0	0	0	0	0	0	0	0	0	0	0	0	0	0	0	0	0	0,0000	0,0000	266,1932
2022-04-03	21:58:00		60	0	0	0	0	0	0	0	0	0	0	0	0	0	0	0	0	0	0	0	0	0,0000	0,0000	266,1932
2022-04-03	21:59:00		60	8	0	0	0	0	0	0	0	0	0	0	0	0	0	0	0	0	0	0	0	0,0023	0,0000	266,1932
2022-04-03	22:00:00		60	6	0	0	0	0	0	0	0	0	0	0	0	0	0	0	0	0	0	0	0	0,0017	0,0000	266,1932
2022-04-03	22:01:00		60	0	0	0	0	0	0	0	0	0	0	0	0	0	0	0	0	0	0	0	0	0,0000	0,0000	266,1932
2022-04-03	22:02:00		60	0	0	0	0	0	0	0	0	0	0	0	0	0	0	0	0	0	0	0	0	0,0000	0,0000	266,1932
2022-04-03	22:03:00		60	0	0	0	0	0	0	0	0	0	0	0	0	0	0	0	0	0	0	0	0	0,0000	0,0000	266,1932
2022-04-03	22:04:00		60	4	0	0	0	0	0	0	0	0	0	0	0	0	0	0	0	0	0	0	0	0,0012	0,0000	266,1932
2022-04-03	22:05:00		60	0	0	0	0	0	0	0	0	0	0	0	0	0	0	0	0	0	0	0	0	0,0000	0,0000	266,1932
2022-04-03	22:06:00		60	0	0	0	0	0	0	0	0	0	0	0	0	0	0	0	0	0	0	0	0	0,0000	0,0000	266,1932
2022-04-03	22:07:00		60	0	0	0	0	0	0	0	0	0	0	0	0	0	0	0	0	0	0	0	0	0,0000	0,0000	266,1932
2022-04-03	22:08:00		60	0	0	0	0	0	0	0	0	0	0	0	0	0	0	0	0	0	0	0	0	0,0000	0,0000	266,1932
2022-04-03	22:09:00		60	0	0	0	0	0	0	0	0	0	0	0	0	0	0	0	0	0	0	0	0	0,0000	0,0000	266,1932
2022-04-03	22:10:00		60	0	0	0	0	0	0	0	0	0	0	0	0	0	0	0	0	0	0	0	0	0,0000	0,0000	266,1932
2022-04-03	22:11:00		60	0	0	0	0	0	0	0	0	0	0	0	0	0	0	0	0	0	0	0	0	0,0000	0,0000	266,1932
2022-04-03	22:12:00		60	5	0	0	0	0	0	0	0	0	0	0	0	0	0	0	0	0	0	0	0	0,0015	0,0000	266,1933
2022-04-03	22:13:00		60	0	0	0	0	0	0	0	0	0	0	0	0	0	0	0	0	0	0	0	0	0,0000	0,0000	266,1933
2022-04-03	22:14:00		60	0	0	0	0	0	0	0	0	0	0	0	0	0	0	0	0	0	0	0	0	0,0000	0,0000	266,1933
2022-04-03	22:15:00		60	0	0	0	0	0	0	0	0	0	0	0	0	0	0	0	0	0	0	0	0	0,0000	0,0000	266,1933
2022-04-03	22:16:00		60	0	0	0	0	0	0	0	0	0	0	0	0	0	0	0	0	0	0	0	0	0,0000	0,0000	266,1933
2022-04-03	22:17:00		60	0	0	0	0	0	0	0	0	0	0	0	0	0	0	0	0	0	0	0	0	0,0000	0,0000	266,1933
2022-04-03	22:18:00		60	0	0	0	0	0	0	0	0	0	0	0	0	0	0	0	0	0	0	0	0	0,0000	0,0000	266,1933
2022-04-03	22:19:00		60	0	0	0	0	0	0	0	0	0	0	0	0	0	0	0	0	0	0	0	0	0,0000	0,0000	266,1933
2022-04-03	22:20:00		60	0	0	0	0	0	0	0	0	0	0	0	0	0	0	0	0	0	0	0	0	0,0000	0,0000	266,1933
2022-04-03	22:21:00		60	0	0	0	0	0	0	0	0	0	0	0	0	0	0	0	0	0	0	0	0	0,0000	0,0000	266,1933
2022-04-03	22:22:00		60	0	0	0	0	0	0	0	0	0	0	0	0	0	0	0	0	0	0	0	0	0,0000	0,0000	266,1933
2022-04-03	22:23:00		60	0	0	0	0	0	0	0	0	0	0	0	0	0	0	0	0	0	0	0	0	0,0000	0,0000	266,1933
2022-04-03	22:24:00		60	0	0	0	0	0	0	0	0	0	0	0	0	0	0	0	0	0	0	0	0	0,0000	0,0000	266,1933
2022-04-03	22:25:00		60	0	0	0	0	0	0	0	0	0	0	0	0	0	0	0	0	0	0	0	0	0,0000	0,0000	266,1933
2022-04-03	22:26:00		60	0	0	0	0	0	0	0	0	0	0	0	0	0	0	0	0	0	0	0	0	0,0000	0,0000	266,1933
2022-04-03	22:27:00		60	0	0	0	0	0	0	0	0	0	0	0	0	0	0	0	0	0	0	0	0	0,0000	0,0000	266,1933
2022-04-03	22:28:00		60	0	0	0	0	0	0	0	0	0	0	0	0	0	0	0	0	0	0	0	0	0,0000	0,0000	266,1933
2022-04-03	22:29:00		60	0	0	0	0	0	0	0	0	0	0	0	0	0	0	0	0	0	0	0	0	0,0000	0,0000	266,1933
2022-04-03	22:30:00		60	0	0	0	0	0	0	0	0	0	0	0	0	0	0	0	0	0	0	0	0	0,0000	0,0000	266,1933
2022-04-03	22:31:00		60	0	0	0	0	0	0	0	0	0	0	0	0	0	0	0	0	0	0	0	0	0,0000	0,0000	266,1933
2022-04-03	22:32:00		60	0	0	0	0	0	0	0	0	0	0	0	0	0	0	0	0	0	0	0	0	0,0000	0,0000	266,1933
2022-04-03	22:33:00		60	0	0	0	0	0	0	0	0	0	0	0	0	0	0	0	0	0	0	0	0	0,0000	0,0000	266,1933
2022-04-03	22:34:00		60	0	0	0	0	0	0	0	0	0	0	0	0	0	0	0	0	0	0	0	0	0,0000	0,0000	266,1933
2022-04-03	22:35:00		60	0	0	0	0	0	0	0	0	0	0	0	0	0	0	0	0	0	0	0	0	0,0000	0,0000	266,1933
2022-04-03	22:36:00		60	0	0	0	0	0	0	0	0	0	0	0	0	0	0	0	0	0	0	0	0	0,0000	0,0000	266,1933
2022-04-03	22:37:00		60	0	0	0	0	0	0	0	0	0	0	0	0	0	0	0	0	0	0	0	0	0,0000	0,0000	266,1933
2022-04-03	22:38:00		60	0	0	0	0	0	0	0	0	0	0	0	0	0	0	0	0	0	0	0	0	0,0000	0,0000	266,1933
2022-04-03	22:39:00		60	0	0	0	0	0	0	0	0	0	0	0	0	0	0	0	0	0	0	0	0	0,0000	0,0000	266,1933
2022-04-03	22:40:00		60	0	0	0	0	0	0	0	0	0	0	0	0	0	0	0	0	0	0	0	0	0,0000	0,0000	266,1933
2022-04-03	22:41:00		60	0	0	0	0	0	0	0	0	0	0	0	0	0	0	0	0	0	0	0	0	0,0000	0,0000	266,1933
2022-04-03	22:42:00		60	0	0	0	0	0	0	0	0	0	0	0	0	0	0	0	0	0	0	0	0	0,0000	0,0000	266,1933
2022-04-03	22:43:00		60	0	0	0	0	0	0	0	0	0	0	0	0	0	0	0	0	0	0	0	0	0,0000	0,0000	266,1933
2022-04-03	22:44:00		60	0	0	0	0	0	0	0	0	0	0	0	0	0	0	0	0	0	0	0	0	0,0000	0,0000	266,1933
2022-04-03	22:45:00		60	0	0	0	0	0	0	0	0	0	0	0	0	0	0	0	0	0	0	0	0	0,0000	0,0000	266,1933
2022-04-03	22:46:00		60	7	0	0	0	0	0	0	0	0	0	0	0	0	0	0	0	0	0	0	0	0,0020	0,0000	266,1933
2022-04-03	22:47:00		60	0	0	0	0	0	0	0	0	0	0	0	0	0	0	0	0	0	0	0	0	0,0000	0,0000	266,1933
2022-04-03	22:48:00		60	0	0	0	0	0	0	0	0	0	0	0	0	0	0	0	0	0	0	0	0	0,0000	0,0000	266,1933
2022-04-03	22:49:00		60	0	0	0	0	0	0	0	0	0	0	0	0	0	0	0	0	0	0	0	0	0,0000	0,0000	266,1933
2022-04-03	22:50:00		60	4	0	0	0	0	0	0	0	0	0	0	0	0	0	0	0	0	0	0	0	0,0012	0,0000	266,1933
2022-04-03	22:51:00		60	0	0	0	0	0	0	0	0	0	0	0	0	0	0	0	0	0	0	0	0	0,0000	0,0000	266,1933
2022-04-03	22:52:00		60	0	0	0	0	0	0	0	0	0	0	0	0	0	0	0	0	0	0	0	0	0,0000	0,0000	266,1933
2022-04-03	22:53:00		60	0	0	0	0	0	0	0	0	0	0	0	0	0	0	0	0	0	0	0	0	0,0000	0,0000	266,1933
2022-04-03	22:54:00		60	0	0	0	0	0	0	0	0	0	0	0	0	0	0	0	0	0	0	0	0	0,0000	0,0000	266,1933
2022-04-03	22:55:00		60	0	0	0	0	0	0	0	0	0	0	0	0	0	0	0	0	0	0	0	0	0,0000	0,0000	266,1933
2022-04-03	22:56:00		60	0	0	0	0	0	0	0	0	0	0	0	0	0	0	0	0	0	0	0	0	0,0000	0,0000	266,1933
2022-04-03	22:57:00		60	0	0	0	0	0	0	0	0	0	0	0	0	0	0	0	0	0	0	0	0	0,0000	0,0000	266,1933
2022-04-03	22:58:00		60	0	0	0	0	0	0	0	0	0	0	0	0	0	0	0	0	0	0	0	0	0,0000	0,0000	266,1933
2022-04-03	22:59:00		60	4	0	0	0	0	0	0	0	0	0	0	0	0	0	0	0	0	0	0	0	0,0012	0,0000	266,1933
2022-04-03	23:00:00		60	5	0	0	0	0	0	0	0	0	0	0	0	0	0	0	0	0	0	0	0	0,0015	0,0000	266,1934
2022-04-03	23:01:00		60	0	0	0	0	0	0	0	0	0	0	0	0	0	0	0	0	0	0	0	0	0,0000	0,0000	266,1934
2022-04-03	23:02:00		60	0	0	0	0	0	0	0	0	0	0	0	0	0	0	0	0	0	0	0	0	0,0000	0,0000	266,1934
2022-04-03	23:03:00		60	0	0	0	0	0	0	0	0	0	0	0	0	0	0	0	0	0	0	0	0	0,0000	0,0000	266,1934
2022-04-03	23:04:00		60	6	0	0	0	0	0	0	0	0	0	0	0	0	0	0	0	0	0	0	0	0,0017	0,0000	266,1934
2022-04-03	23:05:00		60	7	0	0	0	0	0	0	0	0	0	0	0	0	0	0	0	0	0	0	0	0,0020	0,0000	266,1934
2022-04-03	23:06:00		60	0	0	0	0	0	0	0	0	0	0	0	0	0	0	0	0	0	0	0	0	0,0000	0,0000	266,1934
2022-04-03	23:07:00		60	0	0	0	0	0	0	0	0	0	0	0	0	0	0	0	0	0	0	0	0	0,0000	0,0000	266,1934
2022-04-03	23:08:00		60	0	0	0	0	0	0	0	0	0	0	0	0	0	0	0	0	0	0	0	0	0,0000	0,0000	266,1934
2022-04-03	23:09:00		60	8	0	0	0	0	0	0	0	0	0	0	0	0	0	0	0	0	0	0	0	0,0023	0,0000	266,1935
2022-04-03	23:10:00		60	0	0	0	0	0	0	0	0	0	0	0	0	0	0	0	0	0	0	0	0	0,0000	0,0000	266,1935
2022-04-03	23:11:00		60	0	0	0	0	0	0	0	0	0	0	0	0	0	0	0	0	0	0	0	0	0,0000	0,0000	266,1935
2022-04-03	23:12:00		60	0	0	0	0	0	0	0	0	0	0	0	0	0	0	0	0	0	0	0	0	0,0000	0,0000	266,1935
2022-04-03	23:13:00		60	0	0	0	0	0	0	0	0	0	0	0	0	0	0	0	0	0	0	0	0	0,0000	0,0000	266,1935
2022-04-03	23:14:00		60	0	0	0	0	0	0	0	0	0	0	0	0	0	0	0	0	0	0	0	0	0,0000	0,0000	266,1935
2022-04-03	23:15:00		60	5	0	0	0	0	0	0	0	0	0	0	0	0	0	0	0	0	0	0	0	0,0015	0,0000	266,1935
2022-04-03	23:16:00		60	0	0	0	0	0	0	0	0	0	0	0	0	0	0	0	0	0	0	0	0	0,0000	0,0000	266,1935
2022-04-03	23:17:00		60	0	0	0	0	0	0	0	0	0	0	0	0	0	0	0	0	0	0	0	0	0,0000	0,0000	266,1935
2022-04-03	23:18:00		60	0	0	0	0	0	0	0	0	0	0	0	0	0	0	0	0	0	0	0	0	0,0000	0,0000	266,1935
2022-04-03	23:19:00		60	0	0	0	0	0	0	0	0	0	0	0	0	0	0	0	0	0	0	0	0	0,0000	0,0000	266,1935
2022-04-03	23:20:00		60	0	0	0	0	0	0	0	0	0	0	0	0	0	0	0	0	0	0	0	0	0,0000	0,0000	266,1935
2022-04-03	23:21:00		60	0	0	0	0	0	0	0	0	0	0	0	0	0	0	0	0	0	0	0	0	0,0000	0,0000	266,1935
2022-04-03	23:22:00		60	0	0	0	0	0	0	0	0	0	0	0	0	0	0	0	0	0	0	0	0	0,0000	0,0000	266,1935
2022-04-03	23:23:00		60	0	0	0	0	0	0	0	0	0	0	0	0	0	0	0	0	0	0	0	0	0,0000	0,0000	266,1935
2022-04-03	23:24:00		60	4	0	0	0	0	0	0	0	0	0	0	0	0	0	0	0	0	0	0	0	0,0012	0,0000	266,1935
2022-04-03	23:25:00		60	0	0	0	0	0	0	0	0	0	0	0	0	0	0	0	0	0	0	0	0	0,0000	0,0000	266,1935
2022-04-03	23:26:00		60	0	0	0	0	0	0	0	0	0	0	0	0	0	0	0	0	0	0	0	0	0,0000	0,0000	266,1935
2022-04-03	23:27:00		60	0	0	0	0	0	0	0	0	0	0	0	0	0	0	0	0	0	0	0	0	0,0000	0,0000	266,1935
2022-04-03	23:28:00		60	0	0	0	0	0	0	0	0	0	0	0	0	0	0	0	0	0	0	0	0	0,0000	0,0000	266,1935
2022-04-03	23:29:00		60	0	0	0	0	0	0	0	0	0	0	0	0	0	0	0	0	0	0	0	0	0,0000	0,0000	266,1935
2022-04-03	23:30:00		60	0	0	0	0	0	0	0	0	0	0	0	0	0	0	0	0	0	0	0	0	0,0000	0,0000	266,1935
2022-04-03	23:31:00		60	0	0	0	0	0	0	0	0	0	0	0	0	0	0	0	0	0	0	0	0	0,0000	0,0000	266,1935
2022-04-03	23:32:00		60	0	0	0	0	0	0	0	0	0	0	0	0	0	0	0	0	0	0	0	0	0,0000	0,0000	266,1935
2022-04-03	23:33:00		60	0	0	0	0	0	0	0	0	0	0	0	0	0	0	0	0	0	0	0	0	0,0000	0,0000	266,1935
2022-04-03	23:34:00		60	0	0	0	0	0	0	0	0	0	0	0	0	0	0	0	0	0	0	0	0	0,0000	0,0000	266,1935
2022-04-03	23:35:00		60	0	0	0	0	0	0	0	0	0	0	0	0	0	0	0	0	0	0	0	0	0,0000	0,0000	266,1935
2022-04-03	23:36:00		60	0	0	0	0	0	0	0	0	0	0	0	0	0	0	0	0	0	0	0	0	0,0000	0,0000	266,1935
2022-04-03	23:37:00		60	0	0	0	0	0	0	0	0	0	0	0	0	0	0	0	0	0	0	0	0	0,0000	0,0000	266,1935
2022-04-03	23:38:00		60	0	0	0	0	0	0	0	0	0	0	0	0	0	0	0	0	0	0	0	0	0,0000	0,0000	266,1935
2022-04-03	23:39:00		60	0	0	0	0	0	0	0	0	0	0	0	0	0	0	0	0	0	0	0	0	0,0000	0,0000	266,1935
2022-04-03	23:40:00		60	0	0	0	0	0	0	0	0	0	0	0	0	0	0	0	0	0	0	0	0	0,0000	0,0000	266,1935
2022-04-03	23:41:00		60	0	0	0	0	0	0	0	0	0	0	0	0	0	0	0	0	0	0	0	0	0,0000	0,0000	266,1935
2022-04-03	23:42:00		60	0	0	0	0	0	0	0	0	0	0	0	0	0	0	0	0	0	0	0	0	0,0000	0,0000	266,1935
2022-04-03	23:43:00		60	0	0	0	0	0	0	0	0	0	0	0	0	0	0	0	0	0	0	0	0	0,0000	0,0000	266,1935
2022-04-03	23:44:00		60	0	0	0	0	0	0	0	0	0	0	0	0	0	0	0	0	0	0	0	0	0,0000	0,0000	266,1935
2022-04-03	23:45:00		60	0	0	0	0	0	0	0	0	0	0	0	0	0	0	0	0	0	0	0	0	0,0000	0,0000	266,1935
2022-04-03	23:46:00		60	0	0	0	0	0	0	0	0	0	0	0	0	0	0	0	0	0	0	0	0	0,0000	0,0000	266,1935
2022-04-03	23:47:00		60	0	0	0	0	0	0	0	0	0	0	0	0	0	0	0	0	0	0	0	0	0,0000	0,0000	266,1935
2022-04-03	23:48:00		60	0	0	0	0	0	0	0	0	0	0	0	0	0	0	0	0	0	0	0	0	0,0000	0,0000	266,1935
2022-04-03	23:49:00		60	0	0	0	0	0	0	0	0	0	0	0	0	0	0	0	0	0	0	0	0	0,0000	0,0000	266,1935
2022-04-03	23:50:00		60	0	0	0	0	0	0	0	0	0	0	0	0	0	0	0	0	0	0	0	0	0,0000	0,0000	266,1935
2022-04-03	23:51:00		60	0	0	0	0	0	0	0	0	0	0	0	0	0	0	0	0	0	0	0	0	0,0000	0,0000	266,1935
2022-04-03	23:52:00		60	0	0	0	0	0	0	0	0	0	0	0	0	0	0	0	0	0	0	0	0	0,0000	0,0000	266,1935
2022-04-03	23:53:00		60	0	0	0	0	0	0	0	0	0	0	0	0	0	0	0	0	0	0	0	0	0,0000	0,0000	266,1935
2022-04-03	23:54:00		60	0	0	0	0	0	0	0	0	0	0	0	0	0	0	0	0	0	0	0	0	0,0000	0,0000	266,1935
2022-04-03	23:55:00		60	0	0	0	0	0	0	0	0	0	0	0	0	0	0	0	0	0	0	0	0	0,0000	0,0000	266,1935
2022-04-03	23:56:00		60	0	0	0	0	0	0	0	0	0	0	0	0	0	0	0	0	0	0	0	0	0,0000	0,0000	266,1935
2022-04-03	23:57:00		60	0	0	0	0	0	0	0	0	0	0	0	0	0	0	0	0	0	0	0	0	0,0000	0,0000	266,1935
2022-04-03	23:58:00		60	0	0	0	0	0	0	0	0	0	0	0	0	0	0	0	0	0	0	0	0	0,0000	0,0000	266,1935
2022-04-03	23:59:00		60	6	0	0	0	0	0	0	0	0	0	0	0	0	0	0	0	0	0	0	0	0,0017	0,0000	266,1935
2022-04-04	00:00:00		60	16	0	0	0	0	0	0	0	0	0	0	0	0	0	0	0	0	0	0	0	0,0047	0,0001	266,1936
2022-04-04	00:01:00		60	30	0	0	0	0	0	0	0	0	0	0	0	0	0	0	0	0	0	0	0	0,0087	0,0001	266,1938
2022-04-04	00:02:00		60	35	0	0	0	0	0	0	0	0	0	0	0	0	0	0	0	0	0	0	0	0,0102	0,0002	266,1939
2022-04-04	00:03:00		60	17	0	0	0	0	0	0	0	0	0	0	0	0	0	0	0	0	0	0	0	0,0049	0,0001	266,1940
2022-04-04	00:04:00		60	5	0	0	0	0	0	0	0	0	0	0	0	0	0	0	0	0	0	0	0	0,0015	0,0000	266,1940
2022-04-04	00:05:00		60	4	0	0	0	0	0	0	0	0	0	0	0	0	0	0	0	0	0	0	0	0,0012	0,0000	266,1941
2022-04-04	00:06:00		60	0	0	0	0	0	0	0	0	0	0	0	0	0	0	0	0	0	0	0	0	0,0000	0,0000	266,1941
2022-04-04	00:07:00		60	0	0	0	0	0	0	0	0	0	0	0	0	0	0	0	0	0	0	0	0	0,0000	0,0000	266,1941
2022-04-04	00:08:00		60	0	0	0	0	0	0	0	0	0	0	0	0	0	0	0	0	0	0	0	0	0,0000	0,0000	266,1941
2022-04-04	00:09:00		60	5	0	0	0	0	0	0	0	0	0	0	0	0	0	0	0	0	0	0	0	0,0015	0,0000	266,1941
2022-04-04	00:10:00		60	11	0	0	0	0	0	0	0	0	0	0	0	0	0	0	0	0	0	0	0	0,0032	0,0001	266,1941
2022-04-04	00:11:00		60	0	0	0	0	0	0	0	0	0	0	0	0	0	0	0	0	0	0	0	0	0,0000	0,0000	266,1941
2022-04-04	00:12:00		60	0	0	0	0	0	0	0	0	0	0	0	0	0	0	0	0	0	0	0	0	0,0000	0,0000	266,1941
2022-04-04	00:13:00		60	0	0	0	0	0	0	0	0	0	0	0	0	0	0	0	0	0	0	0	0	0,0000	0,0000	266,1941
2022-04-04	00:14:00		60	8	0	0	0	0	0	0	0	0	0	0	0	0	0	0	0	0	0	0	0	0,0023	0,0000	266,1942
2022-04-04	00:15:00		60	0	0	0	0	0	0	0	0	0	0	0	0	0	0	0	0	0	0	0	0	0,0000	0,0000	266,1942
2022-04-04	00:16:00		60	0	0	0	0	0	0	0	0	0	0	0	0	0	0	0	0	0	0	0	0	0,0000	0,0000	266,1942
2022-04-04	00:17:00		60	0	0	0	0	0	0	0	0	0	0	0	0	0	0	0	0	0	0	0	0	0,0000	0,0000	266,1942
2022-04-04	00:18:00		60	0	0	0	0	0	0	0	0	0	0	0	0	0	0	0	0	0	0	0	0	0,0000	0,0000	266,1942
2022-04-04	00:19:00		60	0	0	0	0	0	0	0	0	0	0	0	0	0	0	0	0	0	0	0	0	0,0000	0,0000	266,1942
2022-04-04	00:20:00		60	0	0	0	0	0	0	0	0	0	0	0	0	0	0	0	0	0	0	0	0	0,0000	0,0000	266,1942
2022-04-04	00:21:00		60	0	0	0	0	0	0	0	0	0	0	0	0	0	0	0	0	0	0	0	0	0,0000	0,0000	266,1942
2022-04-04	00:22:00		60	0	0	0	0	0	2	0	0	0	0	0	0	0	0	0	0	0	0	0	0	0,0096	0,0002	266,1943
2022-04-04	00:23:00		60	2	0	0	0	1	0	0	0	0	0	0	0	0	0	0	0	0	0	0	0	0,0035	0,0001	266,1944
2022-04-04	00:24:00		60	0	0	0	0	0	0	0	0	0	0	0	0	0	0	0	0	0	0	0	0	0,0000	0,0000	266,1944
2022-04-04	00:25:00		60	0	0	0	0	0	0	0	0	0	0	0	0	0	0	0	0	0	0	0	0	0,0000	0,0000	266,1944
2022-04-04	00:26:00		60	0	0	0	0	0	0	0	0	0	0	0	0	0	0	0	0	0	0	0	0	0,0000	0,0000	266,1944
2022-04-04	00:27:00		60	0	0	0	0	0	0	0	0	0	0	0	0	0	0	0	0	0	0	0	0	0,0000	0,0000	266,1944
2022-04-04	00:28:00		60	0	0	0	1	0	0	0	0	0	0	0	0	0	0	0	0	0	0	0	0	0,0018	0,0000	266,1944
2022-04-04	00:29:00		60	0	0	0	0	0	0	0	0	0	0	0	0	0	0	0	0	0	0	0	0	0,0000	0,0000	266,1944
2022-04-04	00:30:00		60	0	0	0	0	0	0	0	0	0	0	0	0	0	0	0	0	0	0	0	0	0,0000	0,0000	266,1944
2022-04-04	00:31:00		60	0	0	0	0	0	0	0	0	0	0	0	0	0	0	0	0	0	0	0	0	0,0000	0,0000	266,1944
2022-04-04	00:32:00		60	0	0	0	0	0	0	0	0	0	0	0	0	0	0	0	0	0	0	0	0	0,0000	0,0000	266,1944
2022-04-04	00:33:00		60	4	0	0	0	0	0	0	0	0	0	0	0	0	0	0	0	0	0	0	0	0,0012	0,0000	266,1944
2022-04-04	00:34:00		60	0	0	0	0	0	0	0	0	0	0	0	0	0	0	0	0	0	0	0	0	0,0000	0,0000	266,1944
2022-04-04	00:35:00		60	0	0	0	0	0	0	0	0	0	0	0	0	0	0	0	0	0	0	0	0	0,0000	0,0000	266,1944
2022-04-04	00:36:00		60	0	0	0	0	0	0	0	0	0	0	0	0	0	0	0	0	0	0	0	0	0,0000	0,0000	266,1944
2022-04-04	00:37:00		60	0	0	0	0	0	0	0	0	0	0	0	0	0	0	0	0	0	0	0	0	0,0000	0,0000	266,1944
2022-04-04	00:38:00		60	0	0	0	0	0	0	0	0	0	0	0	0	0	0	0	0	0	0	0	0	0,0000	0,0000	266,1944
2022-04-04	00:39:00		60	0	0	0	0	0	0	0	0	0	0	0	0	0	0	0	0	0	0	0	0	0,0000	0,0000	266,1944
2022-04-04	00:40:00		60	0	0	0	0	0	0	0	0	0	0	0	0	0	0	0	0	0	0	0	0	0,0000	0,0000	266,1944
2022-04-04	00:41:00		60	0	0	0	0	0	0	0	0	0	0	0	0	0	0	0	0	0	0	0	0	0,0000	0,0000	266,1944
2022-04-04	00:42:00		60	4	0	0	0	0	0	0	0	0	0	0	0	0	0	0	0	0	0	0	0	0,0012	0,0000	266,1945
2022-04-04	00:43:00		60	0	0	0	0	0	0	0	0	0	0	0	0	0	0	0	0	0	0	0	0	0,0000	0,0000	266,1945
2022-04-04	00:44:00		60	0	0	0	0	0	0	0	0	0	0	0	0	0	0	0	0	0	0	0	0	0,0000	0,0000	266,1945
2022-04-04	00:45:00		60	0	0	0	0	0	0	0	0	0	0	0	0	0	0	0	0	0	0	0	0	0,0000	0,0000	266,1945
2022-04-04	00:46:00		60	0	0	0	0	1	1	0	0	0	0	0	0	0	0	0	0	0	0	0	0	0,0077	0,0001	266,1946
2022-04-04	00:47:00		60	1	0	0	0	1	0	0	0	0	0	0	0	0	0	0	0	0	0	0	0	0,0032	0,0001	266,1946
2022-04-04	00:48:00		60	2	1	0	1	0	0	0	0	0	0	0	0	0	0	0	0	0	0	0	0	0,0029	0,0000	266,1947
2022-04-04	00:49:00		60	0	0	0	0	0	0	0	0	0	0	0	0	0	0	0	0	0	0	0	0	0,0000	0,0000	266,1947
2022-04-04	00:50:00		60	1	0	1	0	0	0	0	0	0	0	0	0	0	0	0	0	0	0	0	0	0,0013	0,0000	266,1947
2022-04-04	00:51:00		60	0	0	0	0	0	0	0	0	0	0	0	0	0	0	0	0	0	0	0	0	0,0000	0,0000	266,1947
2022-04-04	00:52:00		60	0	0	0	0	0	0	0	0	0	0	0	0	0	0	0	0	0	0	0	0	0,0000	0,0000	266,1947
2022-04-04	00:53:00		60	0	0	0	0	0	0	0	0	0	0	0	0	0	0	0	0	0	0	0	0	0,0000	0,0000	266,1947
2022-04-04	00:54:00		60	0	0	0	0	0	0	0	0	0	0	0	0	0	0	0	0	0	0	0	0	0,0000	0,0000	266,1947
2022-04-04	00:55:00		60	0	0	0	0	0	0	0	0	0	0	0	0	0	0	0	0	0	0	0	0	0,0000	0,0000	266,1947
2022-04-04	00:56:00		60	0	0	0	0	0	0	0	0	0	0	0	0	0	0	0	0	0	0	0	0	0,0000	0,0000	266,1947
2022-04-04	00:57:00		60	0	0	0	0	0	0	0	0	0	0	0	0	0	0	0	0	0	0	0	0	0,0000	0,0000	266,1947
2022-04-04	00:58:00		60	0	0	0	0	0	0	0	0	0	0	0	0	0	0	0	0	0	0	0	0	0,0000	0,0000	266,1947
2022-04-04	00:59:00		60	5	0	0	0	0	0	0	0	0	0	0	0	0	0	0	0	0	0	0	0	0,0015	0,0000	266,1947
2022-04-04	01:00:00		60	5	0	0	0	0	0	0	0	0	0	0	0	0	0	0	0	0	0	0	0	0,0015	0,0000	266,1948
2022-04-04	01:01:00		60	0	0	0	0	0	0	0	0	0	0	0	0	0	0	0	0	0	0	0	0	0,0000	0,0000	266,1948
2022-04-04	01:02:00		60	0	0	0	0	0	0	0	0	0	0	0	0	0	0	0	0	0	0	0	0	0,0000	0,0000	266,1948
2022-04-04	01:03:00		60	1	0	0	0	0	0	0	2	0	0	0	0	0	0	0	0	0	0	0	0	0,0299	0,0005	266,1953
2022-04-04	01:04:00		60	0	0	0	0	0	0	1	0	0	0	0	0	0	0	0	0	0	0	0	0	0,0087	0,0001	266,1954
2022-04-04	01:05:00		60	2	0	0	0	0	4	1	0	1	2	0	0	0	0	0	0	0	0	0	0	0,1079	0,0018	266,1972
2022-04-04	01:06:00		60	4	0	0	0	3	2	3	0	0	0	0	0	0	0	0	0	0	0	0	0	0,0456	0,0008	266,1980
2022-04-04	01:07:00		60	3	1	0	1	0	2	6	0	0	0	1	0	0	0	0	0	0	0	0	0	0,1091	0,0018	266,1998
2022-04-04	01:08:00		60	3	0	1	3	4	2	1	0	0	0	0	0	0	0	0	0	0	0	0	0	0,0371	0,0006	266,2004
2022-04-04	01:09:00		60	1	0	0	3	3	4	3	0	0	0	0	0	0	0	0	0	0	0	0	0	0,0596	0,0010	266,2014
2022-04-04	01:10:00		60	3	1	3	8	1	1	3	2	3	0	0	0	0	0	0	0	0	0	0	0	0,1467	0,0024	266,2038
2022-04-04	01:11:00		60	1	1	2	4	2	1	4	2	0	0	0	0	0	0	0	0	0	0	0	0	0,0852	0,0014	266,2053
2022-04-04	01:12:00		60	2	2	1	2	3	4	2	2	0	1	1	0	0	0	0	0	0	0	0	0	0,1541	0,0026	266,2078
2022-04-04	01:13:00		60	1	3	2	2	7	3	4	3	1	0	1	0	0	0	0	0	0	0	0	0	0,1870	0,0031	266,2109
2022-04-04	01:14:00		60	9	1	2	6	5	8	5	0	0	0	0	0	0	0	0	0	0	0	0	0	0,1123	0,0019	266,2128
2022-04-04	01:15:00		60	12	3	1	4	2	1	8	2	0	1	0	0	0	0	0	0	0	0	0	0	0,1524	0,0025	266,2154
2022-04-04	01:16:00		60	5	2	4	2	1	7	7	2	0	0	0	0	0	0	0	0	0	0	0	0	0,1375	0,0023	266,2176
2022-04-04	01:17:00		60	0	4	3	7	4	5	4	0	0	0	0	0	0	0	0	0	0	0	0	0	0,0883	0,0015	266,2191
2022-04-04	01:18:00		60	2	2	4	7	5	8	3	1	0	0	0	0	0	0	0	0	0	0	0	0	0,1121	0,0019	266,2210
2022-04-04	01:19:00		60	5	0	1	3	6	6	4	0	0	0	0	0	0	0	0	0	0	0	0	0	0,0887	0,0015	266,2225
2022-04-04	01:20:00		60	2	0	5	8	3	14	3	3	1	1	0	0	0	0	0	0	0	0	0	0	0,2167	0,0036	266,2261
2022-04-04	01:21:00		60	3	5	3	3	8	6	0	2	0	0	0	0	0	0	0	0	0	0	0	0	0,0937	0,0016	266,2276
2022-04-04	01:22:00		60	3	6	2	5	4	5	5	2	1	0	0	0	0	0	0	0	0	0	0	0	0,1456	0,0024	266,2301
2022-04-04	01:23:00		60	2	5	4	6	3	1	3	1	0	0	0	0	0	0	0	0	0	0	0	0	0,0728	0,0012	266,2313
2022-04-04	01:24:00		60	3	6	7	6	3	6	10	2	0	1	0	0	0	0	0	0	0	0	0	0	0,2057	0,0034	266,2347
2022-04-04	01:25:00		60	4	6	7	4	5	6	3	2	0	0	0	0	0	0	0	0	0	0	0	0	0,1181	0,0020	266,2367
2022-04-04	01:26:00		60	8	4	2	6	9	8	0	0	0	0	0	0	0	0	0	0	0	0	0	0	0,0816	0,0014	266,2380
2022-04-04	01:27:00		60	2	6	2	6	2	3	1	1	0	0	0	0	0	0	0	0	0	0	0	0	0,0605	0,0010	266,2390
2022-04-04	01:28:00		60	4	3	6	9	2	0	1	0	0	0	0	0	0	0	0	0	0	0	0	0	0,0397	0,0007	266,2397
2022-04-04	01:29:00		60	0	4	4	3	1	1	0	0	0	0	0	0	0	0	0	0	0	0	0	0	0,0196	0,0003	266,2400
2022-04-04	01:30:00		60	1	6	2	2	0	0	0	0	0	0	0	0	0	0	0	0	0	0	0	0	0,0095	0,0002	266,2402
2022-04-04	01:31:00		60	3	1	1	3	0	0	0	0	0	0	0	0	0	0	0	0	0	0	0	0	0,0078	0,0001	266,2403
2022-04-04	01:32:00		60	4	1	3	1	0	0	0	0	0	0	0	0	0	0	0	0	0	0	0	0	0,0067	0,0001	266,2404
2022-04-04	01:33:00		60	0	1	0	0	1	0	0	0	0	0	0	0	0	0	0	0	0	0	0	0	0,0035	0,0001	266,2405
2022-04-04	01:34:00		60	0	0	0	1	0	0	0	0	0	0	0	0	0	0	0	0	0	0	0	0	0,0018	0,0000	266,2405
2022-04-04	01:35:00		60	0	0	0	0	0	0	0	0	0	0	0	0	0	0	0	0	0	0	0	0	0,0000	0,0000	266,2405
2022-04-04	01:36:00		60	0	0	0	0	0	0	0	0	0	0	0	0	0	0	0	0	0	0	0	0	0,0000	0,0000	266,2405
2022-04-04	01:37:00		60	0	0	0	0	0	0	0	0	0	0	0	0	0	0	0	0	0	0	0	0	0,0000	0,0000	266,2405
2022-04-04	01:38:00		60	0	0	0	0	0	0	0	0	0	0	0	0	0	0	0	0	0	0	0	0	0,0000	0,0000	266,2405
2022-04-04	01:39:00		60	0	0	0	0	0	0	0	0	0	0	0	0	0	0	0	0	0	0	0	0	0,0000	0,0000	266,2405
2022-04-04	01:40:00		60	0	0	0	0	0	0	0	0	0	0	0	0	0	0	0	0	0	0	0	0	0,0000	0,0000	266,2405
2022-04-04	01:41:00		60	0	0	0	0	0	0	0	0	0	0	0	0	0	0	0	0	0	0	0	0	0,0000	0,0000	266,2405
2022-04-04	01:42:00		60	0	0	0	0	0	0	0	0	0	0	0	0	0	0	0	0	0	0	0	0	0,0000	0,0000	266,2405
2022-04-04	01:43:00		60	0	0	0	0	0	0	0	0	0	0	0	0	0	0	0	0	0	0	0	0	0,0000	0,0000	266,2405
2022-04-04	01:44:00		60	0	0	0	0	0	0	0	0	0	0	0	0	0	0	0	0	0	0	0	0	0,0000	0,0000	266,2405
2022-04-04	01:45:00		60	0	0	0	0	0	0	0	0	0	0	0	0	0	0	0	0	0	0	0	0	0,0000	0,0000	266,2405
2022-04-04	01:46:00		60	0	0	0	0	0	0	0	0	0	0	0	0	0	0	0	0	0	0	0	0	0,0000	0,0000	266,2405
2022-04-04	01:47:00		60	0	0	0	1	1	2	0	0	0	0	0	0	0	0	0	0	0	0	0	0	0,0142	0,0002	266,2408
2022-04-04	01:48:00		60	2	0	0	0	0	1	1	0	0	0	0	0	0	0	0	0	0	0	0	0	0,0141	0,0002	266,2410
2022-04-04	01:49:00		60	0	0	0	0	0	0	0	0	0	0	0	0	0	0	0	0	0	0	0	0	0,0000	0,0000	266,2410
2022-04-04	01:50:00		60	1	0	0	0	1	1	0	0	0	0	0	0	0	0	0	0	0	0	0	0	0,0080	0,0001	266,2411
2022-04-04	01:51:00		60	0	0	1	0	0	0	0	0	0	0	0	0	0	0	0	0	0	0	0	0	0,0011	0,0000	266,2411
2022-04-04	01:52:00		60	0	0	0	0	0	0	0	0	0	0	0	0	0	0	0	0	0	0	0	0	0,0000	0,0000	266,2411
2022-04-04	01:53:00		60	0	0	0	0	0	0	0	0	0	0	0	0	0	0	0	0	0	0	0	0	0,0000	0,0000	266,2411
2022-04-04	01:54:00		60	3	0	1	0	0	0	0	0	0	0	0	0	0	0	0	0	0	0	0	0	0,0019	0,0000	266,2412
2022-04-04	01:55:00		60	0	0	0	0	0	0	0	0	0	0	0	0	0	0	0	0	0	0	0	0	0,0000	0,0000	266,2412
2022-04-04	01:56:00		60	1	0	0	0	0	0	1	0	0	0	0	0	0	0	0	0	0	0	0	0	0,0090	0,0002	266,2413
2022-04-04	01:57:00		60	0	0	0	0	0	0	0	0	0	0	0	0	0	0	0	0	0	0	0	0	0,0000	0,0000	266,2413
2022-04-04	01:58:00		60	0	0	0	0	0	0	0	0	0	0	0	0	0	0	0	0	0	0	0	0	0,0000	0,0000	266,2413
2022-04-04	01:59:00		60	11	0	1	0	0	0	0	0	0	0	0	0	0	0	0	0	0	0	0	0	0,0042	0,0001	266,2414
2022-04-04	02:00:00		60	6	0	0	0	0	2	0	0	0	0	0	0	0	0	0	0	0	0	0	0	0,0113	0,0002	266,2416
2022-04-04	02:01:00		60	2	0	1	1	0	0	0	0	0	0	0	0	0	0	0	0	0	0	0	0	0,0034	0,0001	266,2416
2022-04-04	02:02:00		60	3	1	0	0	0	0	1	0	0	0	0	0	0	0	0	0	0	0	0	0	0,0102	0,0002	266,2418
2022-04-04	02:03:00		60	1	1	1	1	0	0	0	0	0	0	0	0	0	0	0	0	0	0	0	0	0,0037	0,0001	266,2419
2022-04-04	02:04:00		60	0	1	1	1	1	1	0	0	0	0	0	0	0	0	0	0	0	0	0	0	0,0111	0,0002	266,2421
2022-04-04	02:05:00		60	1	0	0	4	0	1	0	0	0	0	0	0	0	0	0	0	0	0	0	0	0,0122	0,0002	266,2423
2022-04-04	02:06:00		60	2	1	0	1	1	0	1	0	0	0	0	0	0	0	0	0	0	0	0	0	0,0146	0,0002	266,2425
2022-04-04	02:07:00		60	1	2	0	1	2	0	0	0	0	0	0	0	0	0	0	0	0	0	0	0	0,0090	0,0002	266,2426
2022-04-04	02:08:00		60	4	2	2	2	0	2	2	1	0	0	1	0	0	0	0	0	0	0	0	0	0,0938	0,0016	266,2442
2022-04-04	02:09:00		60	1	2	1	3	1	1	4	2	0	1	0	0	0	0	0	0	0	0	0	0	0,1091	0,0018	266,2460
2022-04-04	02:10:00		60	3	1	1	6	3	3	3	3	1	0	0	0	0	0	0	0	0	0	0	0	0,1282	0,0021	266,2482
2022-04-04	02:11:00		60	3	5	3	5	7	3	5	0	0	0	0	0	0	0	0	0	0	0	0	0	0,0940	0,0016	266,2497
2022-04-04	02:12:00		60	2	6	2	13	9	11	6	0	0	0	0	0	0	0	0	0	0	0	0	0	0,1602	0,0027	266,2524
2022-04-04	02:13:00		60	1	5	4	7	7	4	4	0	0	0	0	0	0	0	0	0	0	0	0	0	0,0941	0,0016	266,2540
2022-04-04	02:14:00		60	0	1	5	9	3	3	2	0	0	1	0	0	0	0	0	0	0	0	0	0	0,0913	0,0015	266,2555
2022-04-04	02:15:00		60	0	4	4	4	3	3	3	0	0	0	0	0	0	0	0	0	0	0	0	0	0,0629	0,0010	266,2565
2022-04-04	02:16:00		60	1	2	2	3	4	5	3	3	0	0	0	0	0	0	0	0	0	0	0	0	0,1150	0,0019	266,2585
2022-04-04	02:17:00		60	2	4	2	0	4	3	1	0	0	0	0	0	0	0	0	0	0	0	0	0	0,0396	0,0007	266,2591
2022-04-04	02:18:00		60	3	3	2	9	8	2	1	1	0	0	0	0	0	0	0	0	0	0	0	0	0,0769	0,0013	266,2604
2022-04-04	02:19:00		60	0	1	5	8	1	2	1	1	1	1	2	0	0	0	0	0	0	0	0	0	0,1943	0,0032	266,2636
2022-04-04	02:20:00		60	2	2	6	4	3	4	3	4	2	0	0	1	0	0	0	0	0	0	0	0	0,2437	0,0041	266,2677
2022-04-04	02:21:00		60	4	3	3	2	2	2	4	1	1	0	0	0	0	0	0	0	0	0	0	0	0,0962	0,0016	266,2693
2022-04-04	02:22:00		60	8	1	1	5	3	3	2	2	2	0	0	0	2	0	0	0	0	0	0	0	0,3427	0,0057	266,2750
2022-04-04	02:23:00		60	12	3	8	3	8	2	2	1	3	1	7	1	0	0	0	0	0	0	0	0	0,5571	0,0093	266,2843
2022-04-04	02:24:00		60	4	4	7	8	1	2	6	3	3	1	3	0	0	0	0	0	0	0	0	0	0,3595	0,0060	266,2903
2022-04-04	02:25:00		60	9	5	2	2	2	4	12	9	1	3	1	2	0	0	0	0	0	0	0	0	0,5715	0,0095	266,2998
2022-04-04	02:26:00		60	0	3	7	4	3	3	12	5	1	0	3	0	1	0	0	0	0	0	0	0	0,4797	0,0080	266,3078
2022-04-04	02:27:00		60	3	2	10	3	1	10	5	3	1	3	1	0	0	0	0	0	0	0	0	0	0,3091	0,0052	266,3130
2022-04-04	02:28:00		60	0	4	5	10	7	10	9	5	1	0	0	0	0	0	0	0	0	0	0	0	0,2675	0,0045	266,3174
2022-04-04	02:29:00		60	2	5	5	3	2	7	5	0	0	0	0	0	0	0	0	0	0	0	0	0	0,0970	0,0016	266,3190
2022-04-04	02:30:00		60	1	8	3	5	8	14	7	0	0	0	0	0	0	0	0	0	0	0	0	0	0,1682	0,0028	266,3218
2022-04-04	02:31:00		60	1	3	4	6	5	4	2	1	0	0	0	0	0	0	0	0	0	0	0	0	0,0827	0,0014	266,3232
2022-04-04	02:32:00		60	3	3	8	6	5	4	0	0	0	0	0	0	0	0	0	0	0	0	0	0	0,0552	0,0009	266,3241
2022-04-04	02:33:00		60	5	2	4	9	4	3	2	0	0	0	0	0	0	0	0	0	0	0	0	0	0,0661	0,0011	266,3252
2022-04-04	02:34:00		60	4	7	4	3	2	0	0	1	0	0	0	0	0	0	0	0	0	0	0	0	0,0354	0,0006	266,3258
2022-04-04	02:35:00		60	4	10	3	4	1	2	0	0	0	0	0	0	0	0	0	0	0	0	0	0	0,0298	0,0005	266,3263
2022-04-04	02:36:00		60	4	3	6	7	3	0	0	0	0	0	0	0	0	0	0	0	0	0	0	0	0,0303	0,0005	266,3268
2022-04-04	02:37:00		60	3	3	5	3	0	0	0	0	0	0	0	0	0	0	0	0	0	0	0	0	0,0132	0,0002	266,3271
2022-04-04	02:38:00		60	4	5	6	0	0	1	0	0	0	0	0	0	0	0	0	0	0	0	0	0	0,0152	0,0003	266,3273
2022-04-04	02:39:00		60	3	4	0	1	1	0	0	0	0	0	0	0	0	0	0	0	0	0	0	0	0,0079	0,0001	266,3274
2022-04-04	02:40:00		60	3	3	3	0	0	1	0	0	0	0	0	0	0	0	0	0	0	0	0	0	0,0106	0,0002	266,3276
2022-04-04	02:41:00		60	4	1	0	0	0	0	0	0	0	0	0	0	0	0	0	0	0	0	0	0	0,0018	0,0000	266,3276
2022-04-04	02:42:00		60	0	0	0	0	0	0	0	0	0	0	0	0	0	0	0	0	0	0	0	0	0,0000	0,0000	266,3276
2022-04-04	02:43:00		60	0	0	0	0	0	0	0	0	0	0	0	0	0	0	0	0	0	0	0	0	0,0000	0,0000	266,3276
2022-04-04	02:44:00		60	0	0	0	0	0	0	0	0	0	0	0	0	0	0	0	0	0	0	0	0	0,0000	0,0000	266,3276
2022-04-04	02:45:00		60	0	0	0	0	0	0	0	0	0	0	0	0	0	0	0	0	0	0	0	0	0,0000	0,0000	266,3276
2022-04-04	02:46:00		60	3	0	0	0	0	1	0	0	0	0	0	0	0	0	0	0	0	0	0	0	0,0057	0,0001	266,3277
2022-04-04	02:47:00		60	0	0	0	0	0	0	0	0	0	0	0	0	0	0	0	0	0	0	0	0	0,0000	0,0000	266,3277
2022-04-04	02:48:00		60	0	0	0	0	0	0	0	0	0	0	0	0	0	0	0	0	0	0	0	0	0,0000	0,0000	266,3277
2022-04-04	02:49:00		60	0	0	0	0	0	0	0	0	0	0	0	0	0	0	0	0	0	0	0	0	0,0000	0,0000	266,3277
2022-04-04	02:50:00		60	0	0	0	0	0	0	0	0	0	0	0	0	0	0	0	0	0	0	0	0	0,0000	0,0000	266,3277
2022-04-04	02:51:00		60	0	0	0	0	0	0	0	0	0	0	0	0	0	0	0	0	0	0	0	0	0,0000	0,0000	266,3277
2022-04-04	02:52:00		60	0	0	0	0	0	0	0	0	0	0	0	0	0	0	0	0	0	0	0	0	0,0000	0,0000	266,3277
2022-04-04	02:53:00		60	0	0	0	0	0	0	0	0	0	0	0	0	0	0	0	0	0	0	0	0	0,0000	0,0000	266,3277
2022-04-04	02:54:00		60	0	0	0	0	0	0	0	0	0	0	0	0	0	0	0	0	0	0	0	0	0,0000	0,0000	266,3277
2022-04-04	02:55:00		60	0	0	0	0	0	0	0	0	0	0	0	0	0	0	0	0	0	0	0	0	0,0000	0,0000	266,3277
2022-04-04	02:56:00		60	0	0	0	0	0	0	0	0	0	0	0	0	0	0	0	0	0	0	0	0	0,0000	0,0000	266,3277
2022-04-04	02:57:00		60	0	0	0	0	0	0	0	0	0	0	0	0	0	0	0	0	0	0	0	0	0,0000	0,0000	266,3277
2022-04-04	02:58:00		60	0	0	0	0	0	0	0	0	0	0	0	0	0	0	0	0	0	0	0	0	0,0000	0,0000	266,3277
2022-04-04	02:59:00		60	8	0	0	0	0	0	0	0	0	0	0	0	0	0	0	0	0	0	0	0	0,0023	0,0000	266,3278
2022-04-04	03:00:00		60	6	0	0	0	0	0	0	0	0	0	0	0	0	0	0	0	0	0	0	0	0,0017	0,0000	266,3278
2022-04-04	03:01:00		60	1	0	0	0	0	1	0	0	0	0	0	0	0	0	0	0	0	0	0	0	0,0051	0,0001	266,3279
2022-04-04	03:02:00		60	0	0	0	0	0	0	0	0	0	0	0	0	0	0	0	0	0	0	0	0	0,0000	0,0000	266,3279
2022-04-04	03:03:00		60	0	0	0	0	0	0	0	0	0	0	0	0	0	0	0	0	0	0	0	0	0,0000	0,0000	266,3279
2022-04-04	03:04:00		60	3	0	0	0	0	1	0	0	0	0	0	0	0	0	0	0	0	0	0	0	0,0057	0,0001	266,3280
2022-04-04	03:05:00		60	1	0	0	0	0	1	0	0	0	0	0	0	0	0	0	0	0	0	0	0	0,0051	0,0001	266,3281
2022-04-04	03:06:00		60	3	0	0	0	1	0	0	0	0	0	0	0	0	0	0	0	0	0	0	0	0,0038	0,0001	266,3281
2022-04-04	03:07:00		60	2	0	1	0	0	0	0	0	0	0	0	0	0	0	0	0	0	0	0	0	0,0016	0,0000	266,3282
2022-04-04	03:08:00		60	1	0	1	0	0	0	0	0	0	0	0	0	0	0	0	0	0	0	0	0	0,0013	0,0000	266,3282
2022-04-04	03:09:00		60	0	0	0	0	0	0	0	0	0	0	0	0	0	0	0	0	0	0	0	0	0,0000	0,0000	266,3282
2022-04-04	03:10:00		60	0	0	0	0	0	0	0	0	0	0	0	0	0	0	0	0	0	0	0	0	0,0000	0,0000	266,3282
2022-04-04	03:11:00		60	0	0	0	0	0	0	0	0	0	0	0	0	0	0	0	0	0	0	0	0	0,0000	0,0000	266,3282
2022-04-04	03:12:00		60	0	0	0	0	0	0	0	0	0	0	0	0	0	0	0	0	0	0	0	0	0,0000	0,0000	266,3282
2022-04-04	03:13:00		60	0	0	0	0	0	0	0	0	0	0	0	0	0	0	0	0	0	0	0	0	0,0000	0,0000	266,3282
2022-04-04	03:14:00		60	0	0	0	0	0	0	0	0	0	0	0	0	0	0	0	0	0	0	0	0	0,0000	0,0000	266,3282
2022-04-04	03:15:00		60	4	0	0	0	0	0	0	0	0	0	0	0	0	0	0	0	0	0	0	0	0,0012	0,0000	266,3282
2022-04-04	03:16:00		60	0	0	0	0	0	0	0	0	0	0	0	0	0	0	0	0	0	0	0	0	0,0000	0,0000	266,3282
2022-04-04	03:17:00		60	0	0	0	0	0	0	0	0	0	0	0	0	0	0	0	0	0	0	0	0	0,0000	0,0000	266,3282
2022-04-04	03:18:00		60	0	0	0	0	0	0	0	0	0	0	0	0	0	0	0	0	0	0	0	0	0,0000	0,0000	266,3282
2022-04-04	03:19:00		60	0	0	0	0	0	0	0	0	0	0	0	0	0	0	0	0	0	0	0	0	0,0000	0,0000	266,3282
2022-04-04	03:20:00		60	0	0	0	0	0	0	0	0	0	0	0	0	0	0	0	0	0	0	0	0	0,0000	0,0000	266,3282
2022-04-04	03:21:00		60	0	0	0	0	0	0	0	0	0	0	0	0	0	0	0	0	0	0	0	0	0,0000	0,0000	266,3282
2022-04-04	03:22:00		60	0	0	0	0	0	0	0	0	0	0	0	0	0	0	0	0	0	0	0	0	0,0000	0,0000	266,3282
2022-04-04	03:23:00		60	0	0	0	0	0	0	0	0	0	0	0	0	0	0	0	0	0	0	0	0	0,0000	0,0000	266,3282
2022-04-04	03:24:00		60	0	0	0	0	0	0	0	0	0	0	0	0	0	0	0	0	0	0	0	0	0,0000	0,0000	266,3282
2022-04-04	03:25:00		60	0	0	0	0	0	0	0	0	0	0	0	0	0	0	0	0	0	0	0	0	0,0000	0,0000	266,3282
2022-04-04	03:26:00		60	0	0	0	0	0	0	0	0	0	0	0	0	0	0	0	0	0	0	0	0	0,0000	0,0000	266,3282
2022-04-04	03:27:00		60	0	0	0	0	0	0	0	0	0	0	0	0	0	0	0	0	0	0	0	0	0,0000	0,0000	266,3282
2022-04-04	03:28:00		60	4	0	0	0	0	1	1	0	0	0	0	0	0	0	0	0	0	0	0	0	0,0147	0,0002	266,3284
2022-04-04	03:29:00		60	2	0	0	0	0	1	0	0	0	0	0	0	0	0	0	0	0	0	0	0	0,0054	0,0001	266,3285
2022-04-04	03:30:00		60	2	0	0	1	0	0	0	0	0	0	0	0	0	0	0	0	0	0	0	0	0,0024	0,0000	266,3286
2022-04-04	03:31:00		60	0	0	0	0	0	0	0	0	0	0	0	0	0	0	0	0	0	0	0	0	0,0000	0,0000	266,3286
2022-04-04	03:32:00		60	4	0	0	1	0	0	0	0	0	0	0	0	0	0	0	0	0	0	0	0	0,0029	0,0000	266,3286
2022-04-04	03:33:00		60	0	0	0	0	0	0	0	0	0	0	0	0	0	0	0	0	0	0	0	0	0,0000	0,0000	266,3286
2022-04-04	03:34:00		60	0	0	0	0	0	0	0	0	0	0	0	0	0	0	0	0	0	0	0	0	0,0000	0,0000	266,3286
2022-04-04	03:35:00		60	0	0	0	0	0	0	0	0	0	0	0	0	0	0	0	0	0	0	0	0	0,0000	0,0000	266,3286
2022-04-04	03:36:00		60	0	0	0	0	0	0	0	0	0	0	0	0	0	0	0	0	0	0	0	0	0,0000	0,0000	266,3286
2022-04-04	03:37:00		60	1	0	1	0	0	0	0	0	0	0	0	0	0	0	0	0	0	0	0	0	0,0013	0,0000	266,3286
2022-04-04	03:38:00		60	0	0	0	0	0	0	0	0	0	0	0	0	0	0	0	0	0	0	0	0	0,0000	0,0000	266,3286
2022-04-04	03:39:00		60	0	0	0	0	0	0	0	0	0	0	0	0	0	0	0	0	0	0	0	0	0,0000	0,0000	266,3286
2022-04-04	03:40:00		60	3	0	1	0	0	0	0	0	0	0	0	0	0	0	0	0	0	0	0	0	0,0019	0,0000	266,3287
2022-04-04	03:41:00		60	0	0	0	0	0	0	0	0	0	0	0	0	0	0	0	0	0	0	0	0	0,0000	0,0000	266,3287
2022-04-04	03:42:00		60	0	0	0	0	0	0	0	0	0	0	0	0	0	0	0	0	0	0	0	0	0,0000	0,0000	266,3287
2022-04-04	03:43:00		60	0	0	0	0	0	0	0	0	0	0	0	0	0	0	0	0	0	0	0	0	0,0000	0,0000	266,3287
2022-04-04	03:44:00		60	0	0	0	0	0	0	0	0	0	0	0	0	0	0	0	0	0	0	0	0	0,0000	0,0000	266,3287
2022-04-04	03:45:00		60	0	0	0	0	0	0	0	0	0	0	0	0	0	0	0	0	0	0	0	0	0,0000	0,0000	266,3287
2022-04-04	03:46:00		60	5	0	0	0	0	0	0	0	0	0	0	0	0	0	0	0	0	0	0	0	0,0015	0,0000	266,3287
2022-04-04	03:47:00		60	0	0	0	0	0	0	0	0	0	0	0	0	0	0	0	0	0	0	0	0	0,0000	0,0000	266,3287
2022-04-04	03:48:00		60	5	0	0	0	0	0	0	0	0	0	0	0	0	0	0	0	0	0	0	0	0,0015	0,0000	266,3287
2022-04-04	03:49:00		60	0	0	0	0	0	0	0	0	0	0	0	0	0	0	0	0	0	0	0	0	0,0000	0,0000	266,3287
2022-04-04	03:50:00		60	0	0	0	0	0	0	0	0	0	0	0	0	0	0	0	0	0	0	0	0	0,0000	0,0000	266,3287
2022-04-04	03:51:00		60	0	0	0	0	0	0	0	0	0	0	0	0	0	0	0	0	0	0	0	0	0,0000	0,0000	266,3287
2022-04-04	03:52:00		60	5	0	0	0	0	0	0	0	0	0	0	0	0	0	0	0	0	0	0	0	0,0015	0,0000	266,3287
2022-04-04	03:53:00		60	0	0	0	0	0	0	0	0	0	0	0	0	0	0	0	0	0	0	0	0	0,0000	0,0000	266,3287
2022-04-04	03:54:00		60	0	0	0	0	0	0	0	0	0	0	0	0	0	0	0	0	0	0	0	0	0,0000	0,0000	266,3287
2022-04-04	03:55:00		60	0	0	0	0	0	0	0	0	0	0	0	0	0	0	0	0	0	0	0	0	0,0000	0,0000	266,3287
2022-04-04	03:56:00		60	0	0	0	0	0	0	0	0	0	0	0	0	0	0	0	0	0	0	0	0	0,0000	0,0000	266,3287
2022-04-04	03:57:00		60	0	0	0	0	0	0	0	0	0	0	0	0	0	0	0	0	0	0	0	0	0,0000	0,0000	266,3287
2022-04-04	03:58:00		60	0	0	0	0	0	0	0	0	0	0	0	0	0	0	0	0	0	0	0	0	0,0000	0,0000	266,3287
2022-04-04	03:59:00		60	7	0	0	0	0	0	0	0	0	0	0	0	0	0	0	0	0	0	0	0	0,0020	0,0000	266,3288
2022-04-04	04:00:00		60	4	0	0	0	0	0	0	0	0	0	0	0	0	0	0	0	0	0	0	0	0,0012	0,0000	266,3288
2022-04-04	04:01:00		60	1	0	0	0	1	0	0	0	0	0	0	0	0	0	0	0	0	0	0	0	0,0032	0,0001	266,3289
2022-04-04	04:02:00		60	0	0	0	0	0	0	0	0	0	0	0	0	0	0	0	0	0	0	0	0	0,0000	0,0000	266,3289
2022-04-04	04:03:00		60	0	0	0	0	0	0	0	0	0	0	0	0	0	0	0	0	0	0	0	0	0,0000	0,0000	266,3289
2022-04-04	04:04:00		60	4	0	0	0	0	0	0	0	0	0	0	0	0	0	0	0	0	0	0	0	0,0012	0,0000	266,3289
2022-04-04	04:05:00		60	0	0	0	0	0	0	0	0	0	0	0	0	0	0	0	0	0	0	0	0	0,0000	0,0000	266,3289
2022-04-04	04:06:00		60	0	0	0	0	0	0	0	0	0	0	0	0	0	0	0	0	0	0	0	0	0,0000	0,0000	266,3289
2022-04-04	04:07:00		60	0	0	0	0	0	0	0	0	0	0	0	0	0	0	0	0	0	0	0	0	0,0000	0,0000	266,3289
2022-04-04	04:08:00		60	0	0	0	0	0	0	0	0	0	0	0	0	0	0	0	0	0	0	0	0	0,0000	0,0000	266,3289
2022-04-04	04:09:00		60	0	0	0	0	0	0	0	0	0	0	0	0	0	0	0	0	0	0	0	0	0,0000	0,0000	266,3289
2022-04-04	04:10:00		60	0	0	0	0	0	0	0	0	0	0	0	0	0	0	0	0	0	0	0	0	0,0000	0,0000	266,3289
2022-04-04	04:11:00		60	0	0	0	0	0	0	0	0	0	0	0	0	0	0	0	0	0	0	0	0	0,0000	0,0000	266,3289
2022-04-04	04:12:00		60	0	0	0	0	0	0	0	0	0	0	0	0	0	0	0	0	0	0	0	0	0,0000	0,0000	266,3289
2022-04-04	04:13:00		60	0	0	0	0	0	0	0	0	0	0	0	0	0	0	0	0	0	0	0	0	0,0000	0,0000	266,3289
2022-04-04	04:14:00		60	0	0	0	0	0	0	0	0	0	0	0	0	0	0	0	0	0	0	0	0	0,0000	0,0000	266,3289
2022-04-04	04:15:00		60	0	0	0	0	0	0	0	0	0	0	0	0	0	0	0	0	0	0	0	0	0,0000	0,0000	266,3289
2022-04-04	04:16:00		60	4	0	0	0	0	0	0	0	0	0	0	0	0	0	0	0	0	0	0	0	0,0012	0,0000	266,3289
2022-04-04	04:17:00		60	1	0	1	0	0	0	0	0	0	0	0	0	0	0	0	0	0	0	0	0	0,0013	0,0000	266,3289
2022-04-04	04:18:00		60	2	1	0	0	0	1	0	0	0	0	0	0	0	0	0	0	0	0	0	0	0,0060	0,0001	266,3290
2022-04-04	04:19:00		60	0	0	0	0	1	0	0	0	0	0	0	0	0	0	0	0	0	0	0	0	0,0029	0,0000	266,3291
2022-04-04	04:20:00		60	3	1	0	0	1	0	0	0	0	0	0	0	0	0	0	0	0	0	0	0	0,0043	0,0001	266,3291
2022-04-04	04:21:00		60	1	0	0	1	3	1	0	0	0	0	0	0	0	0	0	0	0	0	0	0	0,0155	0,0003	266,3294
2022-04-04	04:22:00		60	1	0	0	0	0	1	1	0	0	0	0	0	0	0	0	0	0	0	0	0	0,0138	0,0002	266,3296
2022-04-04	04:23:00		60	0	0	2	2	1	1	0	0	0	0	0	0	0	0	0	0	0	0	0	0	0,0133	0,0002	266,3298
2022-04-04	04:24:00		60	1	0	0	1	0	0	0	0	0	0	0	0	0	0	0	0	0	0	0	0	0,0021	0,0000	266,3299
2022-04-04	04:25:00		60	3	2	0	0	2	1	0	0	0	0	0	0	0	0	0	0	0	0	0	0	0,0126	0,0002	266,3301
2022-04-04	04:26:00		60	2	1	1	4	1	1	0	0	0	0	0	0	0	0	0	0	0	0	0	0	0,0170	0,0003	266,3304
2022-04-04	04:27:00		60	1	0	2	4	3	2	1	0	0	0	0	0	0	0	0	0	0	0	0	0	0,0364	0,0006	266,3310
2022-04-04	04:28:00		60	0	1	0	1	1	0	2	0	0	0	0	0	0	0	0	0	0	0	0	0	0,0227	0,0004	266,3314
2022-04-04	04:29:00		60	3	4	5	6	5	5	0	0	0	0	0	0	0	0	0	0	0	0	0	0	0,0574	0,0010	266,3323
2022-04-04	04:30:00		60	2	0	3	9	2	2	0	0	0	0	0	0	0	0	0	0	0	0	0	0	0,0350	0,0006	266,3329
2022-04-04	04:31:00		60	3	2	4	5	3	1	0	0	0	0	0	0	0	0	0	0	0	0	0	0	0,0285	0,0005	266,3334
2022-04-04	04:32:00		60	2	5	4	5	2	1	0	1	0	0	0	0	0	0	0	0	0	0	0	0	0,0420	0,0007	266,3341
2022-04-04	04:33:00		60	1	4	3	2	5	9	5	3	0	2	0	0	0	0	0	0	0	0	0	0	0,2129	0,0035	266,3376
2022-04-04	04:34:00		60	6	3	5	2	4	8	13	1	0	0	0	0	0	0	0	0	0	0	0	0	0,1904	0,0032	266,3408
2022-04-04	04:35:00		60	4	4	5	8	9	18	8	0	0	1	1	0	0	0	0	0	0	0	0	0	0,2778	0,0046	266,3454
2022-04-04	04:36:00		60	7	5	6	13	5	7	17	4	6	0	0	0	1	0	0	0	0	0	0	0	0,5271	0,0088	266,3542
2022-04-04	04:37:00		60	6	8	6	7	4	21	20	3	2	2	1	0	0	0	0	0	0	0	0	0	0,5011	0,0084	266,3626
2022-04-04	04:38:00		60	10	6	6	11	13	16	10	4	0	0	0	0	0	0	0	0	0	0	0	0	0,2928	0,0049	266,3674
2022-04-04	04:39:00		60	5	6	8	11	16	7	17	2	0	1	0	0	0	0	0	0	0	0	0	0	0,3196	0,0053	266,3728
2022-04-04	04:40:00		60	7	7	10	9	8	9	7	0	0	0	0	0	0	0	0	0	0	0	0	0	0,1599	0,0027	266,3754
2022-04-04	04:41:00		60	7	4	2	9	8	14	3	1	0	0	0	0	0	0	0	0	0	0	0	0	0,1535	0,0026	266,3780
2022-04-04	04:42:00		60	8	5	3	11	8	13	2	1	0	0	0	0	0	0	0	0	0	0	0	0	0,1454	0,0024	266,3804
2022-04-04	04:43:00		60	5	7	11	14	5	6	0	0	0	0	1	0	0	0	0	0	0	0	0	0	0,1290	0,0021	266,3826
2022-04-04	04:44:00		60	9	8	11	4	2	3	3	4	0	0	0	0	0	0	0	0	0	0	0	0	0,1316	0,0022	266,3848
2022-04-04	04:45:00		60	3	5	10	2	5	9	9	2	0	0	0	0	0	0	0	0	0	0	0	0	0,1836	0,0031	266,3878
2022-04-04	04:46:00		60	4	7	6	1	10	11	8	0	0	0	0	0	0	0	0	0	0	0	0	0	0,1646	0,0027	266,3906
2022-04-04	04:47:00		60	8	5	2	13	7	3	1	0	0	0	0	0	0	0	0	0	0	0	0	0	0,0737	0,0012	266,3918
2022-04-04	04:48:00		60	8	10	7	13	8	1	0	0	0	0	0	0	0	0	0	0	0	0	0	0	0,0665	0,0011	266,3929
2022-04-04	04:49:00		60	5	8	11	6	1	0	0	0	1	0	0	0	0	0	0	0	0	0	0	0	0,0527	0,0009	266,3938
2022-04-04	04:50:00		60	5	8	8	4	0	0	0	1	0	2	0	0	0	0	0	0	0	0	0	0	0,0945	0,0016	266,3954
2022-04-04	04:51:00		60	6	18	1	0	0	3	10	3	1	0	0	0	0	0	0	0	0	0	0	0	0,1810	0,0030	266,3984
2022-04-04	04:52:00		60	11	7	0	0	5	10	6	7	2	1	1	0	0	0	0	0	0	0	0	0	0,3415	0,0057	266,4041
2022-04-04	04:53:00		60	9	3	2	4	7	15	11	8	1	1	0	0	0	0	0	0	0	0	0	0	0,3705	0,0062	266,4102
2022-04-04	04:54:00		60	8	2	4	10	12	11	8	7	0	1	0	0	0	0	0	0	0	0	0	0	0,3152	0,0053	266,4155
2022-04-04	04:55:00		60	8	2	4	11	10	19	22	8	1	2	2	0	0	0	0	0	0	0	0	0	0,6248	0,0104	266,4259
2022-04-04	04:56:00		60	5	6	8	9	9	25	23	1	0	1	0	0	0	0	0	0	0	0	0	0	0,4195	0,0070	266,4329
2022-04-04	04:57:00		60	7	13	9	7	11	19	20	8	0	0	0	0	0	0	0	0	0	0	0	0	0,4473	0,0075	266,4403
2022-04-04	04:58:00		60	3	10	9	22	14	15	14	2	2	0	0	0	0	0	0	0	0	0	0	0	0,3621	0,0060	266,4464
2022-04-04	04:59:00		60	15	3	11	15	16	22	14	4	1	0	0	0	0	0	0	0	0	0	0	0	0,3986	0,0066	266,4530
2022-04-04	05:00:00		60	10	5	8	13	13	20	12	2	2	0	0	0	0	0	0	0	0	0	0	0	0,3478	0,0058	266,4588
2022-04-04	05:01:00		60	3	9	7	17	10	23	16	5	0	0	0	0	0	0	0	0	0	0	0	0	0,3963	0,0066	266,4654
2022-04-04	05:02:00		60	4	11	15	22	12	12	16	1	0	0	0	0	0	0	0	0	0	0	0	0	0,3089	0,0051	266,4706
2022-04-04	05:03:00		60	6	12	9	17	9	19	6	0	0	0	0	0	0	0	0	0	0	0	0	0	0,2176	0,0036	266,4742
2022-04-04	05:04:00		60	6	13	9	10	9	4	1	0	0	0	0	0	0	0	0	0	0	0	0	0	0,0904	0,0015	266,4757
2022-04-04	05:05:00		60	5	12	14	10	7	0	4	0	0	0	0	0	0	0	0	0	0	0	0	0	0,0961	0,0016	266,4773
2022-04-04	05:06:00		60	8	10	5	1	1	6	6	2	1	0	0	0	0	0	0	0	0	0	0	0	0,1503	0,0025	266,4798
2022-04-04	05:07:00		60	5	7	6	6	6	11	7	1	0	0	0	0	0	0	0	0	0	0	0	0	0,1684	0,0028	266,4826
2022-04-04	05:08:00		60	7	8	3	3	7	18	6	1	0	0	0	0	0	0	0	0	0	0	0	0	0,1887	0,0031	266,4858
2022-04-04	05:09:00		60	8	2	7	5	18	12	3	1	0	0	0	0	0	0	0	0	0	0	0	0	0,1700	0,0028	266,4886
2022-04-04	05:10:00		60	5	4	4	7	5	7	2	0	0	0	0	0	0	0	0	0	0	0	0	0	0,0858	0,0014	266,4900
2022-04-04	05:11:00		60	4	4	5	12	7	6	1	0	0	0	0	0	0	0	0	0	0	0	0	0	0,0877	0,0015	266,4915
2022-04-04	05:12:00		60	5	12	8	9	16	2	0	0	0	0	0	1	0	0	0	0	0	0	0	0	0,1610	0,0027	266,4942
2022-04-04	05:13:00		60	8	5	15	12	0	0	5	5	2	3	0	0	0	0	0	0	0	0	0	0	0,2900	0,0048	266,4990
2022-04-04	05:14:00		60	7	6	12	9	0	4	4	8	0	0	0	0	0	0	0	0	0	0	0	0	0,2067	0,0034	266,5025
2022-04-04	05:15:00		60	9	5	7	2	4	9	3	3	0	0	0	0	0	0	0	0	0	0	0	0	0,1417	0,0024	266,5048
2022-04-04	05:16:00		60	4	10	5	7	7	7	2	0	0	0	0	0	0	0	0	0	0	0	0	0	0,0958	0,0016	266,5064
2022-04-04	05:17:00		60	8	3	2	3	3	6	1	0	0	0	0	0	0	0	0	0	0	0	0	0	0,0576	0,0010	266,5074
2022-04-04	05:18:00		60	7	4	5	7	1	1	0	0	0	0	0	0	0	0	0	0	0	0	0	0	0,0297	0,0005	266,5079
2022-04-04	05:19:00		60	6	0	6	7	3	0	0	0	0	0	0	0	0	0	0	0	0	0	0	0	0,0291	0,0005	266,5084
2022-04-04	05:20:00		60	4	7	9	2	1	0	0	0	0	0	0	0	0	0	0	0	0	0	0	0	0,0212	0,0004	266,5087
2022-04-04	05:21:00		60	2	7	5	1	0	0	0	0	0	0	0	0	0	0	0	0	0	0	0	0	0,0118	0,0002	266,5089
2022-04-04	05:22:00		60	2	8	2	0	0	0	0	0	0	0	0	0	0	0	0	0	0	0	0	0	0,0074	0,0001	266,5090
2022-04-04	05:23:00		60	4	7	1	0	0	0	0	0	0	0	0	0	0	0	0	0	0	0	0	0	0,0064	0,0001	266,5091
2022-04-04	05:24:00		60	5	4	0	0	0	0	0	0	0	0	0	0	0	0	0	0	0	0	0	0	0,0038	0,0001	266,5092
2022-04-04	05:25:00		60	5	2	0	0	0	0	0	0	0	0	0	0	0	0	0	0	0	0	0	0	0,0026	0,0000	266,5092
2022-04-04	05:26:00		60	0	0	0	0	0	0	0	0	0	0	0	0	0	0	0	0	0	0	0	0	0,0000	0,0000	266,5092
2022-04-04	05:27:00		60	4	0	0	0	0	0	0	0	0	0	0	0	0	0	0	0	0	0	0	0	0,0012	0,0000	266,5093
2022-04-04	05:28:00		60	4	0	0	0	0	0	0	0	0	0	0	0	0	0	0	0	0	0	0	0	0,0012	0,0000	266,5093
2022-04-04	05:29:00		60	0	0	0	0	0	0	0	0	0	0	0	0	0	0	0	0	0	0	0	0	0,0000	0,0000	266,5093
2022-04-04	05:30:00		60	0	0	0	0	0	0	0	0	0	0	0	0	0	0	0	0	0	0	0	0	0,0000	0,0000	266,5093
2022-04-04	05:31:00		60	0	0	0	0	0	0	0	0	0	0	0	0	0	0	0	0	0	0	0	0	0,0000	0,0000	266,5093
2022-04-04	05:32:00		60	4	0	0	0	0	0	0	0	0	0	0	0	0	0	0	0	0	0	0	0	0,0012	0,0000	266,5093
2022-04-04	05:33:00		60	0	0	0	0	0	0	0	0	0	0	0	0	0	0	0	0	0	0	0	0	0,0000	0,0000	266,5093
2022-04-04	05:34:00		60	0	0	0	0	0	0	0	0	0	0	0	0	0	0	0	0	0	0	0	0	0,0000	0,0000	266,5093
2022-04-04	05:35:00		60	4	0	0	0	0	0	0	0	0	0	0	0	0	0	0	0	0	0	0	0	0,0012	0,0000	266,5093
2022-04-04	05:36:00		60	5	0	0	0	0	0	0	0	0	0	0	0	0	0	0	0	0	0	0	0	0,0015	0,0000	266,5093
2022-04-04	05:37:00		60	0	0	0	0	0	0	0	0	0	0	0	0	0	0	0	0	0	0	0	0	0,0000	0,0000	266,5093
2022-04-04	05:38:00		60	0	0	0	0	0	0	0	0	0	0	0	0	0	0	0	0	0	0	0	0	0,0000	0,0000	266,5093
2022-04-04	05:39:00		60	0	0	0	0	0	0	0	0	0	0	0	0	0	0	0	0	0	0	0	0	0,0000	0,0000	266,5093
2022-04-04	05:40:00		60	0	0	0	0	0	0	0	0	0	0	0	0	0	0	0	0	0	0	0	0	0,0000	0,0000	266,5093
2022-04-04	05:41:00		60	0	0	0	0	0	0	0	0	0	0	0	0	0	0	0	0	0	0	0	0	0,0000	0,0000	266,5093
2022-04-04	05:42:00		60	0	0	0	0	0	0	0	0	0	0	0	0	0	0	0	0	0	0	0	0	0,0000	0,0000	266,5093
2022-04-04	05:43:00		60	4	0	0	0	1	0	0	0	0	0	0	0	0	0	0	0	0	0	0	0	0,0040	0,0001	266,5094
2022-04-04	05:44:00		60	3	0	0	3	0	1	0	0	0	0	0	0	0	0	0	0	0	0	0	0	0,0110	0,0002	266,5096
2022-04-04	05:45:00		60	2	1	3	5	5	2	2	0	0	0	0	0	0	0	0	0	0	0	0	0	0,0546	0,0009	266,5105
2022-04-04	05:46:00		60	1	1	2	6	2	13	8	1	0	0	0	0	0	0	0	0	0	0	0	0	0,1662	0,0028	266,5133
2022-04-04	05:47:00		60	1	6	3	4	3	14	13	2	0	0	0	0	0	0	0	0	0	0	0	0	0,2328	0,0039	266,5172
2022-04-04	05:48:00		60	3	9	4	6	11	23	21	1	0	0	0	0	0	0	0	0	0	0	0	0	0,3609	0,0060	266,5232
2022-04-04	05:49:00		60	10	9	7	10	11	43	27	8	8	3	3	0	0	0	0	0	0	0	0	0	1,0154	0,0169	266,5401
2022-04-04	05:50:00		60	12	11	6	6	21	30	48	17	8	3	3	0	1	0	0	0	0	0	0	0	1,4008	0,0233	266,5634
2022-04-04	05:51:00		60	33	6	10	20	24	51	40	19	9	4	8	5	0	0	0	0	0	0	0	0	2,0256	0,0338	266,5972
2022-04-04	05:52:00		60	41	5	13	17	14	34	36	26	20	15	21	10	0	1	0	0	0	0	0	0	3,6204	0,0603	266,6575
2022-04-04	05:53:00		60	8	12	9	24	14	17	40	43	15	11	15	3	0	0	0	0	0	0	0	0	2,6865	0,0448	266,7023
2022-04-04	05:54:00		60	6	9	12	14	9	41	61	29	21	12	4	0	0	0	0	0	0	0	0	0	2,2032	0,0367	266,7390
2022-04-04	05:55:00		60	4	11	17	23	22	43	58	22	7	2	0	0	0	0	0	0	0	0	0	0	1,3760	0,0229	266,7620
2022-04-04	05:56:00		60	18	12	22	27	23	54	50	20	3	0	1	3	0	0	0	0	0	0	0	0	1,4664	0,0244	266,7864
2022-04-04	05:57:00		60	48	38	23	34	20	53	40	21	8	13	16	7	3	1	0	0	0	0	0	0	3,3244	0,0554	266,8418
2022-04-04	05:58:00		60	28	31	26	26	23	50	64	30	22	17	9	3	0	0	0	0	0	0	0	0	2,9864	0,0498	266,8916
2022-04-04	05:59:00		60	32	22	21	30	26	57	48	22	19	9	5	0	0	0	0	0	0	0	0	0	2,0785	0,0346	266,9262
2022-04-04	06:00:00		60	47	29	16	35	24	32	44	25	14	13	8	2	1	0	0	0	0	0	0	0	2,3686	0,0395	266,9657
2022-04-04	06:01:00		60	29	26	26	39	19	43	58	22	7	7	6	2	0	0	0	0	0	0	0	0	1,9747	0,0329	266,9986
2022-04-04	06:02:00		60	18	30	26	21	13	53	45	22	7	9	4	1	0	0	0	0	0	0	0	0	1,7567	0,0293	267,0279
2022-04-04	06:03:00		60	11	27	29	24	22	37	52	16	10	4	2	1	0	0	0	0	0	0	0	0	1,5146	0,0252	267,0531
2022-04-04	06:04:00		60	15	22	15	23	21	35	28	9	4	2	2	0	0	0	0	0	0	0	0	0	0,9113	0,0152	267,0683
2022-04-04	06:05:00		60	20	23	25	23	20	39	32	11	4	2	4	0	0	0	0	0	0	0	0	0	1,0925	0,0182	267,0865
2022-04-04	06:06:00		60	11	15	23	21	15	36	28	12	3	5	1	0	0	0	0	0	0	0	0	0	0,9645	0,0161	267,1026
2022-04-04	06:07:00		60	10	25	21	22	14	26	13	12	5	3	0	0	0	0	0	0	0	0	0	0	0,7291	0,0122	267,1148
2022-04-04	06:08:00		60	10	23	16	21	14	18	20	4	0	1	0	0	0	0	0	0	0	0	0	0	0,4599	0,0077	267,1224
2022-04-04	06:09:00		60	11	20	14	15	13	8	9	1	0	0	0	0	0	0	0	0	0	0	0	0	0,2255	0,0038	267,1262
2022-04-04	06:10:00		60	7	17	10	19	7	9	2	0	0	0	0	0	0	0	0	0	0	0	0	0	0,1370	0,0023	267,1285
2022-04-04	06:11:00		60	7	17	18	10	1	2	0	0	0	0	0	0	0	0	0	0	0	0	0	0	0,0612	0,0010	267,1295
2022-04-04	06:12:00		60	13	20	25	11	5	2	7	0	0	0	0	0	0	0	0	0	0	0	0	0	0,1465	0,0024	267,1319
2022-04-04	06:13:00		60	13	18	19	17	14	15	18	0	0	0	0	0	0	0	0	0	0	0	0	0	0,3338	0,0056	267,1375
2022-04-04	06:14:00		60	9	23	21	30	33	13	3	0	0	0	0	0	0	0	0	0	0	0	0	0	0,2749	0,0046	267,1421
2022-04-04	06:15:00		60	11	17	22	23	4	2	5	3	3	0	0	0	0	0	0	0	0	0	0	0	0,2508	0,0042	267,1463
2022-04-04	06:16:00		60	22	15	22	11	9	10	76	214	91	48	42	7	0	0	0	0	0	0	0	0	9,6625	0,1610	267,3073
2022-04-04	06:17:00		60	5	18	9	8	5	18	256	306	85	31	12	1	0	0	0	0	0	0	0	0	10,2281	0,1705	267,4778
2022-04-04	06:18:00		60	12	21	18	15	14	141	406	91	14	9	1	0	0	0	0	0	0	0	0	0	6,2753	0,1046	267,5824
2022-04-04	06:19:00		60	7	17	35	30	53	475	476	36	0	0	0	0	0	0	0	0	0	0	0	0	7,2164	0,1203	267,7026
2022-04-04	06:20:00		60	4	21	39	88	102	293	122	1	0	0	0	0	0	0	0	0	0	0	0	0	2,9857	0,0498	267,7524
2022-04-04	06:21:00		60	15	55	123	187	90	55	14	0	0	0	0	0	0	0	0	0	0	0	0	0	1,1423	0,0190	267,7714
2022-04-04	06:22:00		60	15	82	239	147	13	0	0	0	0	0	0	0	0	0	0	0	0	0	0	0	0,6023	0,0100	267,7815
2022-04-04	06:23:00		60	22	137	165	8	0	0	0	0	0	0	0	0	0	0	0	0	0	0	0	0	0,2751	0,0046	267,7861
2022-04-04	06:24:00		60	56	131	28	1	0	0	0	0	0	0	0	0	0	0	0	0	0	0	0	0	0,1250	0,0021	267,7881
2022-04-04	06:25:00		60	34	4	0	0	0	0	0	0	0	0	0	0	0	0	0	0	0	0	0	0	0,0123	0,0002	267,7883
2022-04-04	06:26:00		60	0	0	0	0	0	0	0	0	0	0	0	0	0	0	0	0	0	0	0	0	0,0000	0,0000	267,7883
2022-04-04	06:27:00		60	0	0	0	0	0	0	0	0	0	0	0	0	0	0	0	0	0	0	0	0	0,0000	0,0000	267,7883
2022-04-04	06:28:00		60	0	0	0	0	0	0	0	0	0	0	0	0	0	0	0	0	0	0	0	0	0,0000	0,0000	267,7883
2022-04-04	06:29:00		60	0	0	0	0	0	0	0	0	0	0	0	0	0	0	0	0	0	0	0	0	0,0000	0,0000	267,7883
2022-04-04	06:30:00		60	0	0	0	0	0	0	0	0	0	0	0	0	0	0	0	0	0	0	0	0	0,0000	0,0000	267,7883
2022-04-04	06:31:00		60	0	0	0	0	0	0	0	0	0	0	0	0	0	0	0	0	0	0	0	0	0,0000	0,0000	267,7883
2022-04-04	06:32:00		60	0	0	0	0	0	0	0	0	0	0	0	0	0	0	0	0	0	0	0	0	0,0000	0,0000	267,7883
2022-04-04	06:33:00		60	4	0	0	0	0	0	0	0	0	0	0	0	0	0	0	0	0	0	0	0	0,0012	0,0000	267,7884
2022-04-04	06:34:00		60	0	0	0	0	0	0	0	0	0	0	0	0	0	0	0	0	0	0	0	0	0,0000	0,0000	267,7884
2022-04-04	06:35:00		60	0	0	0	0	0	0	0	0	0	0	0	0	0	0	0	0	0	0	0	0	0,0000	0,0000	267,7884
2022-04-04	06:36:00		60	0	0	0	0	0	0	0	0	0	0	0	0	0	0	0	0	0	0	0	0	0,0000	0,0000	267,7884
2022-04-04	06:37:00		60	4	0	0	0	0	0	0	0	0	0	0	0	0	0	0	0	0	0	0	0	0,0012	0,0000	267,7884
2022-04-04	06:38:00		60	0	0	0	0	0	0	0	0	0	0	0	0	0	0	0	0	0	0	0	0	0,0000	0,0000	267,7884
2022-04-04	06:39:00		60	0	0	0	0	0	0	0	0	0	0	0	0	0	0	0	0	0	0	0	0	0,0000	0,0000	267,7884
2022-04-04	06:40:00		60	0	0	0	0	0	0	0	0	0	0	0	0	0	0	0	0	0	0	0	0	0,0000	0,0000	267,7884
2022-04-04	06:41:00		60	0	0	0	0	0	0	0	0	0	0	0	0	0	0	0	0	0	0	0	0	0,0000	0,0000	267,7884
2022-04-04	06:42:00		60	0	0	0	0	0	0	0	0	0	0	0	0	0	0	0	0	0	0	0	0	0,0000	0,0000	267,7884
2022-04-04	06:43:00		60	0	0	0	0	0	0	0	0	0	0	0	0	0	0	0	0	0	0	0	0	0,0000	0,0000	267,7884
2022-04-04	06:44:00		60	0	0	0	0	0	0	0	0	0	0	0	0	0	0	0	0	0	0	0	0	0,0000	0,0000	267,7884
2022-04-04	06:45:00		60	0	0	0	0	0	0	0	0	0	0	0	0	0	0	0	0	0	0	0	0	0,0000	0,0000	267,7884
2022-04-04	06:46:00		60	0	0	0	0	0	0	0	0	0	0	0	0	0	0	0	0	0	0	0	0	0,0000	0,0000	267,7884
2022-04-04	06:47:00		60	0	0	0	0	0	0	0	0	0	0	0	0	0	0	0	0	0	0	0	0	0,0000	0,0000	267,7884
2022-04-04	06:48:00		60	0	0	0	0	0	0	0	0	0	0	0	0	0	0	0	0	0	0	0	0	0,0000	0,0000	267,7884
2022-04-04	06:49:00		60	0	0	0	0	0	0	0	0	0	0	0	0	0	0	0	0	0	0	0	0	0,0000	0,0000	267,7884
2022-04-04	06:50:00		60	0	0	0	0	0	0	0	0	0	0	0	0	0	0	0	0	0	0	0	0	0,0000	0,0000	267,7884
2022-04-04	06:51:00		60	0	0	0	0	0	0	0	0	0	0	0	0	0	0	0	0	0	0	0	0	0,0000	0,0000	267,7884
2022-04-04	06:52:00		60	0	0	0	0	0	0	0	0	0	0	0	0	0	0	0	0	0	0	0	0	0,0000	0,0000	267,7884
2022-04-04	06:53:00		60	0	0	0	0	0	0	0	0	0	0	0	0	0	0	0	0	0	0	0	0	0,0000	0,0000	267,7884
2022-04-04	06:54:00		60	0	0	0	0	0	0	0	0	0	0	0	0	0	0	0	0	0	0	0	0	0,0000	0,0000	267,7884
2022-04-04	06:55:00		60	0	0	0	0	0	0	0	0	0	0	0	0	0	0	0	0	0	0	0	0	0,0000	0,0000	267,7884
2022-04-04	06:56:00		60	0	0	0	0	0	0	0	0	0	0	0	0	0	0	0	0	0	0	0	0	0,0000	0,0000	267,7884
2022-04-04	06:57:00		60	0	0	0	0	0	0	0	0	0	0	0	0	0	0	0	0	0	0	0	0	0,0000	0,0000	267,7884
2022-04-04	06:58:00		60	0	0	0	0	0	0	0	0	0	0	0	0	0	0	0	0	0	0	0	0	0,0000	0,0000	267,7884
2022-04-04	06:59:00		60	12	0	0	0	0	0	0	0	0	0	0	0	0	0	0	0	0	0	0	0	0,0035	0,0001	267,7884
2022-04-04	07:00:00		60	6	0	0	0	0	0	0	0	0	0	0	0	0	0	0	0	0	0	0	0	0,0017	0,0000	267,7885
2022-04-04	07:01:00		60	0	0	0	0	0	0	0	0	0	0	0	0	0	0	0	0	0	0	0	0	0,0000	0,0000	267,7885
2022-04-04	07:02:00		60	0	0	0	0	0	0	0	0	0	0	0	0	0	0	0	0	0	0	0	0	0,0000	0,0000	267,7885
2022-04-04	07:03:00		60	0	0	0	0	0	0	0	0	0	0	0	0	0	0	0	0	0	0	0	0	0,0000	0,0000	267,7885
2022-04-04	07:04:00		60	0	0	0	0	0	0	0	0	0	0	0	0	0	0	0	0	0	0	0	0	0,0000	0,0000	267,7885
2022-04-04	07:05:00		60	0	0	0	0	0	0	0	0	0	0	0	0	0	0	0	0	0	0	0	0	0,0000	0,0000	267,7885
2022-04-04	07:06:00		60	0	0	0	0	0	0	0	0	0	0	0	0	0	0	0	0	0	0	0	0	0,0000	0,0000	267,7885
2022-04-04	07:07:00		60	0	0	0	0	0	0	0	0	0	0	0	0	0	0	0	0	0	0	0	0	0,0000	0,0000	267,7885
2022-04-04	07:08:00		60	0	0	0	0	0	0	0	0	0	0	0	0	0	0	0	0	0	0	0	0	0,0000	0,0000	267,7885
2022-04-04	07:09:00		60	4	0	0	0	0	0	0	0	0	0	0	0	0	0	0	0	0	0	0	0	0,0012	0,0000	267,7885
2022-04-04	07:10:00		60	0	0	0	0	0	0	0	0	0	0	0	0	0	0	0	0	0	0	0	0	0,0000	0,0000	267,7885
2022-04-04	07:11:00		60	0	0	0	0	0	0	0	0	0	0	0	0	0	0	0	0	0	0	0	0	0,0000	0,0000	267,7885
2022-04-04	07:12:00		60	0	0	0	0	0	0	0	0	0	0	0	0	0	0	0	0	0	0	0	0	0,0000	0,0000	267,7885
2022-04-04	07:13:00		60	0	0	0	0	0	0	0	0	0	0	0	0	0	0	0	0	0	0	0	0	0,0000	0,0000	267,7885
2022-04-04	07:14:00		60	0	0	0	0	0	0	0	0	0	0	0	0	0	0	0	0	0	0	0	0	0,0000	0,0000	267,7885
2022-04-04	07:15:00		60	0	0	0	0	0	0	0	0	0	0	0	0	0	0	0	0	0	0	0	0	0,0000	0,0000	267,7885
2022-04-04	07:16:00		60	5	0	0	0	0	0	0	0	0	0	0	0	0	0	0	0	0	0	0	0	0,0015	0,0000	267,7885
2022-04-04	07:17:00		60	0	0	0	0	0	0	0	0	0	0	0	0	0	0	0	0	0	0	0	0	0,0000	0,0000	267,7885
2022-04-04	07:18:00		60	0	0	0	0	0	0	0	0	0	0	0	0	0	0	0	0	0	0	0	0	0,0000	0,0000	267,7885
2022-04-04	07:19:00		60	0	0	0	0	0	0	0	0	0	0	0	0	0	0	0	0	0	0	0	0	0,0000	0,0000	267,7885
2022-04-04	07:20:00		60	0	0	0	0	0	0	0	0	0	0	0	0	0	0	0	0	0	0	0	0	0,0000	0,0000	267,7885
2022-04-04	07:21:00		60	0	0	0	0	0	0	0	0	0	0	0	0	0	0	0	0	0	0	0	0	0,0000	0,0000	267,7885
2022-04-04	07:22:00		60	0	0	0	0	0	0	0	0	0	0	0	0	0	0	0	0	0	0	0	0	0,0000	0,0000	267,7885
2022-04-04	07:23:00		60	0	0	0	0	0	0	0	0	0	0	0	0	0	0	0	0	0	0	0	0	0,0000	0,0000	267,7885
2022-04-04	07:24:00		60	0	0	0	0	0	0	0	0	0	0	0	0	0	0	0	0	0	0	0	0	0,0000	0,0000	267,7885
2022-04-04	07:25:00		60	0	0	0	0	0	0	0	0	0	0	0	0	0	0	0	0	0	0	0	0	0,0000	0,0000	267,7885
2022-04-04	07:26:00		60	0	0	0	0	0	0	0	0	0	0	0	0	0	0	0	0	0	0	0	0	0,0000	0,0000	267,7885
2022-04-04	07:27:00		60	0	0	0	0	0	0	0	0	0	0	0	0	0	0	0	0	0	0	0	0	0,0000	0,0000	267,7885
2022-04-04	07:28:00		60	0	0	0	0	0	0	0	0	0	0	0	0	0	0	0	0	0	0	0	0	0,0000	0,0000	267,7885
2022-04-04	07:29:00		60	0	0	0	0	0	0	0	0	0	0	0	0	0	0	0	0	0	0	0	0	0,0000	0,0000	267,7885
2022-04-04	07:30:00		60	0	0	0	0	0	0	0	0	0	0	0	0	0	0	0	0	0	0	0	0	0,0000	0,0000	267,7885
2022-04-04	07:31:00		60	5	0	0	0	0	0	0	0	0	0	0	0	0	0	0	0	0	0	0	0	0,0015	0,0000	267,7885
2022-04-04	07:32:00		60	0	0	0	0	0	0	0	0	0	0	0	0	0	0	0	0	0	0	0	0	0,0000	0,0000	267,7885
2022-04-04	07:33:00		60	0	0	0	0	0	0	0	0	0	0	0	0	0	0	0	0	0	0	0	0	0,0000	0,0000	267,7885
2022-04-04	07:34:00		60	0	0	0	0	0	0	0	0	0	0	0	0	0	0	0	0	0	0	0	0	0,0000	0,0000	267,7885
2022-04-04	07:35:00		60	1	0	0	0	1	0	0	0	0	0	0	0	0	0	0	0	0	0	0	0	0,0032	0,0001	267,7886
2022-04-04	07:36:00		60	4	0	0	1	0	3	0	0	0	0	0	0	0	0	0	0	0	0	0	0	0,0173	0,0003	267,7889
2022-04-04	07:37:00		60	0	0	0	1	0	0	1	0	0	0	0	0	0	0	0	0	0	0	0	0	0,0105	0,0002	267,7890
2022-04-04	07:38:00		60	3	0	2	0	0	0	3	2	0	0	0	0	0	0	0	0	0	0	0	0	0,0588	0,0010	267,7900
2022-04-04	07:39:00		60	6	1	0	0	1	3	16	11	28	14	2	0	0	0	0	0	0	0	0	0	1,4170	0,0236	267,8136
2022-04-04	07:40:00		60	7	1	1	2	3	18	55	49	12	3	0	0	0	0	0	0	0	0	0	0	1,6528	0,0275	267,8412
2022-04-04	07:41:00		60	7	2	8	17	32	69	87	14	0	0	0	0	0	0	0	0	0	0	0	0	1,4311	0,0239	267,8650
2022-04-04	07:42:00		60	3	2	3	14	25	39	5	0	0	0	0	0	0	0	0	0	0	0	0	0	0,3322	0,0055	267,8706
2022-04-04	07:43:00		60	5	4	12	28	7	8	0	0	0	0	0	0	0	0	0	0	0	0	0	0	0,1245	0,0021	267,8727
2022-04-04	07:44:00		60	17	14	15	21	22	15	4	11	39	29	16	5	0	0	0	0	0	0	0	0	3,1421	0,0524	267,9250
2022-04-04	07:45:00		60	5	14	30	28	37	47	199	313	188	56	26	0	0	0	0	0	0	0	0	0	13,5980	0,2266	268,1517
2022-04-04	07:46:00		60	14	41	62	76	74	152	222	201	111	61	16	0	0	0	0	0	0	0	0	0	10,9389	0,1823	268,3340
2022-04-04	07:47:00		60	19	65	80	127	121	190	154	41	3	1	0	0	0	0	0	0	0	0	0	0	3,6561	0,0609	268,3949
2022-04-04	07:48:00		60	34	111	102	150	94	84	19	0	0	0	0	0	0	0	0	0	0	0	0	0	1,2871	0,0215	268,4164
2022-04-04	07:49:00		60	49	110	77	145	32	10	0	0	0	0	0	0	0	0	0	0	0	0	0	0	0,5574	0,0093	268,4257
2022-04-04	07:50:00		60	60	99	95	113	13	4	0	0	0	0	0	0	0	0	0	0	0	0	0	0	0,4329	0,0072	268,4329
2022-04-04	07:51:00		60	83	85	51	54	11	2	0	0	0	0	0	0	0	0	0	0	0	0	0	0	0,2651	0,0044	268,4373
2022-04-04	07:52:00		60	50	53	108	53	1	0	0	0	0	0	0	0	0	0	0	0	0	0	0	0	0,2563	0,0043	268,4416
2022-04-04	07:53:00		60	26	135	103	6	0	0	0	0	0	0	0	0	0	0	0	0	0	0	0	0	0,2064	0,0034	268,4450
2022-04-04	07:54:00		60	89	177	11	0	0	0	0	0	0	0	0	0	0	0	0	0	0	0	0	0	0,1422	0,0024	268,4474
2022-04-04	07:55:00		60	136	35	0	0	0	0	0	0	0	0	0	0	0	0	0	0	0	0	0	0	0,0603	0,0010	268,4484
2022-04-04	07:56:00		60	102	13	1	0	0	0	0	0	0	0	0	0	0	0	0	0	0	0	0	0	0,0384	0,0006	268,4490
2022-04-04	07:57:00		60	24	1	0	0	0	0	0	0	0	0	0	0	0	0	0	0	0	0	0	0	0,0076	0,0001	268,4491
2022-04-04	07:58:00		60	0	0	0	0	0	0	0	0	0	0	0	0	0	0	0	0	0	0	0	0	0,0000	0,0000	268,4491
2022-04-04	07:59:00		60	10	0	0	0	0	0	0	0	0	0	0	0	0	0	0	0	0	0	0	0	0,0029	0,0000	268,4492
2022-04-04	08:00:00		60	17	0	0	0	0	0	0	0	0	0	0	0	0	0	0	0	0	0	0	0	0,0049	0,0001	268,4493
2022-04-04	08:01:00		60	0	0	0	0	0	0	0	0	0	0	0	0	0	0	0	0	0	0	0	0	0,0000	0,0000	268,4493
2022-04-04	08:02:00		60	0	0	0	0	0	0	0	0	0	0	0	0	0	0	0	0	0	0	0	0	0,0000	0,0000	268,4493
2022-04-04	08:03:00		60	0	0	0	0	0	0	0	0	0	0	0	0	0	0	0	0	0	0	0	0	0,0000	0,0000	268,4493
2022-04-04	08:04:00		60	0	0	0	0	0	0	0	0	0	0	0	0	0	0	0	0	0	0	0	0	0,0000	0,0000	268,4493
2022-04-04	08:05:00		60	0	0	0	0	0	0	0	0	0	0	0	0	0	0	0	0	0	0	0	0	0,0000	0,0000	268,4493
2022-04-04	08:06:00		60	0	0	0	0	0	0	0	0	0	0	0	0	0	0	0	0	0	0	0	0	0,0000	0,0000	268,4493
2022-04-04	08:07:00		60	0	0	0	0	0	0	0	0	0	0	0	0	0	0	0	0	0	0	0	0	0,0000	0,0000	268,4493
2022-04-04	08:08:00		60	0	0	0	0	0	0	0	0	0	0	0	0	0	0	0	0	0	0	0	0	0,0000	0,0000	268,4493
2022-04-04	08:09:00		60	0	0	0	0	0	0	0	0	0	0	0	0	0	0	0	0	0	0	0	0	0,0000	0,0000	268,4493
2022-04-04	08:10:00		60	0	0	0	0	0	0	0	0	0	0	0	0	0	0	0	0	0	0	0	0	0,0000	0,0000	268,4493
2022-04-04	08:11:00		60	0	0	0	0	0	0	0	0	0	0	0	0	0	0	0	0	0	0	0	0	0,0000	0,0000	268,4493
2022-04-04	08:12:00		60	0	0	0	0	0	0	0	0	0	0	0	0	0	0	0	0	0	0	0	0	0,0000	0,0000	268,4493
2022-04-04	08:13:00		60	0	0	0	0	0	0	0	0	0	0	0	0	0	0	0	0	0	0	0	0	0,0000	0,0000	268,4493
2022-04-04	08:14:00		60	0	0	0	0	0	0	0	0	0	0	0	0	0	0	0	0	0	0	0	0	0,0000	0,0000	268,4493
2022-04-04	08:15:00		60	4	0	0	0	0	0	0	0	0	0	0	0	0	0	0	0	0	0	0	0	0,0012	0,0000	268,4493
2022-04-04	08:16:00		60	0	0	0	0	0	0	0	0	0	0	0	0	0	0	0	0	0	0	0	0	0,0000	0,0000	268,4493
2022-04-04	08:17:00		60	0	0	0	0	0	0	0	0	0	0	0	0	0	0	0	0	0	0	0	0	0,0000	0,0000	268,4493
2022-04-04	08:18:00		60	0	0	0	0	0	0	0	0	0	0	0	0	0	0	0	0	0	0	0	0	0,0000	0,0000	268,4493
2022-04-04	08:19:00		60	4	0	0	0	0	0	0	0	0	0	0	0	0	0	0	0	0	0	0	0	0,0012	0,0000	268,4493
2022-04-04	08:20:00		60	0	0	0	0	0	0	0	0	0	0	0	0	0	0	0	0	0	0	0	0	0,0000	0,0000	268,4493
2022-04-04	08:21:00		60	0	0	0	0	0	0	0	0	0	0	0	0	0	0	0	0	0	0	0	0	0,0000	0,0000	268,4493
2022-04-04	08:22:00		60	0	0	0	0	0	0	0	0	0	0	0	0	0	0	0	0	0	0	0	0	0,0000	0,0000	268,4493
2022-04-04	08:23:00		60	4	0	0	0	0	0	0	0	0	0	0	0	0	0	0	0	0	0	0	0	0,0012	0,0000	268,4493
2022-04-04	08:24:00		60	0	0	0	0	0	0	0	0	0	0	0	0	0	0	0	0	0	0	0	0	0,0000	0,0000	268,4493
2022-04-04	08:25:00		60	0	0	0	0	0	0	0	0	0	0	0	0	0	0	0	0	0	0	0	0	0,0000	0,0000	268,4493
2022-04-04	08:26:00		60	0	0	0	0	0	0	0	0	0	0	0	0	0	0	0	0	0	0	0	0	0,0000	0,0000	268,4493
2022-04-04	08:27:00		60	0	0	0	0	0	0	0	0	0	0	0	0	0	0	0	0	0	0	0	0	0,0000	0,0000	268,4493
2022-04-04	08:28:00		60	0	0	0	0	0	0	0	0	0	0	0	0	0	0	0	0	0	0	0	0	0,0000	0,0000	268,4493
2022-04-04	08:29:00		60	0	0	0	0	0	0	0	0	0	0	0	0	0	0	0	0	0	0	0	0	0,0000	0,0000	268,4493
2022-04-04	08:30:00		60	0	0	0	0	0	0	0	0	0	0	0	0	0	0	0	0	0	0	0	0	0,0000	0,0000	268,4493
2022-04-04	08:31:00		60	0	0	0	0	0	0	0	0	0	0	0	0	0	0	0	0	0	0	0	0	0,0000	0,0000	268,4493
2022-04-04	08:32:00		60	0	0	0	0	0	0	0	0	0	0	0	0	0	0	0	0	0	0	0	0	0,0000	0,0000	268,4493
2022-04-04	08:33:00		60	0	0	0	0	0	0	0	0	0	0	0	0	0	0	0	0	0	0	0	0	0,0000	0,0000	268,4493
2022-04-04	08:34:00		60	0	0	0	0	0	0	0	0	0	0	0	0	0	0	0	0	0	0	0	0	0,0000	0,0000	268,4493
2022-04-04	08:35:00		60	0	0	0	0	0	0	0	0	0	0	0	0	0	0	0	0	0	0	0	0	0,0000	0,0000	268,4493
2022-04-04	08:36:00		60	0	0	0	0	0	0	0	0	0	0	0	0	0	0	0	0	0	0	0	0	0,0000	0,0000	268,4493
2022-04-04	08:37:00		60	0	0	0	0	0	0	0	0	0	0	0	0	0	0	0	0	0	0	0	0	0,0000	0,0000	268,4493
2022-04-04	08:38:00		60	0	0	0	0	0	0	0	0	0	0	0	0	0	0	0	0	0	0	0	0	0,0000	0,0000	268,4493
2022-04-04	08:39:00		60	7	0	0	0	0	0	0	0	0	0	0	0	0	0	0	0	0	0	0	0	0,0020	0,0000	268,4494
2022-04-04	08:40:00		60	0	0	0	0	0	0	0	0	0	0	0	0	0	0	0	0	0	0	0	0	0,0000	0,0000	268,4494
2022-04-04	08:41:00		60	0	0	0	0	0	0	0	0	0	0	0	0	0	0	0	0	0	0	0	0	0,0000	0,0000	268,4494
2022-04-04	08:42:00		60	0	0	0	0	0	0	0	0	0	0	0	0	0	0	0	0	0	0	0	0	0,0000	0,0000	268,4494
2022-04-04	08:43:00		60	0	0	0	0	0	0	0	0	0	0	0	0	0	0	0	0	0	0	0	0	0,0000	0,0000	268,4494
2022-04-04	08:44:00		60	0	0	0	0	0	0	0	0	0	0	0	0	0	0	0	0	0	0	0	0	0,0000	0,0000	268,4494
2022-04-04	08:45:00		60	0	0	0	0	0	0	0	0	0	0	0	0	0	0	0	0	0	0	0	0	0,0000	0,0000	268,4494
2022-04-04	08:46:00		60	0	0	0	0	0	0	0	0	0	0	0	0	0	0	0	0	0	0	0	0	0,0000	0,0000	268,4494
2022-04-04	08:47:00		60	0	0	0	0	0	0	0	0	0	0	0	0	0	0	0	0	0	0	0	0	0,0000	0,0000	268,4494
2022-04-04	08:48:00		60	4	0	0	0	0	0	0	0	0	0	0	0	0	0	0	0	0	0	0	0	0,0012	0,0000	268,4494
2022-04-04	08:49:00		60	0	0	0	0	0	0	0	0	0	0	0	0	0	0	0	0	0	0	0	0	0,0000	0,0000	268,4494
2022-04-04	08:50:00		60	0	0	0	0	0	0	0	0	0	0	0	0	0	0	0	0	0	0	0	0	0,0000	0,0000	268,4494
2022-04-04	08:51:00		60	4	0	0	0	0	0	0	0	0	0	0	0	0	0	0	0	0	0	0	0	0,0012	0,0000	268,4494
2022-04-04	08:52:00		60	0	0	0	0	0	0	0	0	0	0	0	0	0	0	0	0	0	0	0	0	0,0000	0,0000	268,4494
2022-04-04	08:53:00		60	0	0	0	0	0	0	0	0	0	0	0	0	0	0	0	0	0	0	0	0	0,0000	0,0000	268,4494
2022-04-04	08:54:00		60	0	0	0	0	0	0	0	0	0	0	0	0	0	0	0	0	0	0	0	0	0,0000	0,0000	268,4494
2022-04-04	08:55:00		60	0	0	0	0	0	0	0	0	0	0	0	0	0	0	0	0	0	0	0	0	0,0000	0,0000	268,4494
2022-04-04	08:56:00		60	0	0	0	0	0	0	0	0	0	0	0	0	0	0	0	0	0	0	0	0	0,0000	0,0000	268,4494
2022-04-04	08:57:00		60	0	0	0	0	0	0	0	0	0	0	0	0	0	0	0	0	0	0	0	0	0,0000	0,0000	268,4494
2022-04-04	08:58:00		60	0	0	0	0	0	0	0	0	0	0	0	0	0	0	0	0	0	0	0	0	0,0000	0,0000	268,4494
2022-04-04	08:59:00		60	12	0	0	0	0	0	0	0	0	0	0	0	0	0	0	0	0	0	0	0	0,0035	0,0001	268,4495
2022-04-04	09:00:00		60	6	0	0	0	0	0	0	0	0	0	0	0	0	0	0	0	0	0	0	0	0,0017	0,0000	268,4495
2022-04-04	09:01:00		60	0	0	0	0	0	0	0	0	0	0	0	0	0	0	0	0	0	0	0	0	0,0000	0,0000	268,4495
2022-04-04	09:02:00		60	0	0	0	0	0	0	0	0	0	0	0	0	0	0	0	0	0	0	0	0	0,0000	0,0000	268,4495
2022-04-04	09:03:00		60	0	0	0	0	0	0	0	0	0	0	0	0	0	0	0	0	0	0	0	0	0,0000	0,0000	268,4495
2022-04-04	09:04:00		60	0	0	0	0	0	0	0	0	0	0	0	0	0	0	0	0	0	0	0	0	0,0000	0,0000	268,4495
2022-04-04	09:05:00		60	0	0	0	0	0	0	0	0	0	0	0	0	0	0	0	0	0	0	0	0	0,0000	0,0000	268,4495
2022-04-04	09:06:00		60	0	0	0	0	0	0	0	0	0	0	0	0	0	0	0	0	0	0	0	0	0,0000	0,0000	268,4495
2022-04-04	09:07:00		60	0	0	0	0	0	0	0	0	0	0	0	0	0	0	0	0	0	0	0	0	0,0000	0,0000	268,4495
2022-04-04	09:08:00		60	0	0	0	0	0	0	0	0	0	0	0	0	0	0	0	0	0	0	0	0	0,0000	0,0000	268,4495
2022-04-04	09:09:00		60	5	0	0	0	0	0	0	0	0	0	0	0	0	0	0	0	0	0	0	0	0,0015	0,0000	268,4495
2022-04-04	09:10:00		60	4	0	0	0	0	0	0	0	0	0	0	0	0	0	0	0	0	0	0	0	0,0012	0,0000	268,4495
2022-04-04	09:11:00		60	0	0	0	0	0	0	0	0	0	0	0	0	0	0	0	0	0	0	0	0	0,0000	0,0000	268,4495
