YYYY-MM-DD	hh:mm:ss	Status	Interval [s]	n1	n2	n3	n4	n5	n6	n7	n8	n9	n10	n11	n12	n13	n14	n15	n16	n17	n18	n19	n20	RI [mm/h]	RA [mm]	RAT [mm]
2021-11-10	15:46:00		60	0	0	0	0	0	0	0	0	0	0	0	0	0	0	0	0	0	0	0	0	0,0000	0,0000	191,6697
2021-11-10	15:47:00		60	0	0	0	0	0	0	0	0	0	0	0	0	0	0	0	0	0	0	0	0	0,0000	0,0000	191,6697
2021-11-10	15:48:00		60	0	0	0	0	0	0	0	0	0	0	0	0	0	0	0	0	0	0	0	0	0,0000	0,0000	191,6697
2021-11-10	15:49:00		60	0	0	0	0	0	0	0	0	0	0	0	0	0	0	0	0	0	0	0	0	0,0000	0,0000	191,6697
2021-11-10	15:50:00		60	0	0	0	0	0	0	0	0	0	0	0	0	0	0	0	0	0	0	0	0	0,0000	0,0000	191,6697
2021-11-10	15:51:00		60	0	0	0	0	0	0	0	0	0	0	0	0	0	0	0	0	0	0	0	0	0,0000	0,0000	191,6697
2021-11-10	15:52:00		60	0	0	0	0	0	0	0	0	0	0	0	0	0	0	0	0	0	0	0	0	0,0000	0,0000	191,6697
2021-11-10	15:53:00		60	0	0	0	0	0	0	0	0	0	0	0	0	0	0	0	0	0	0	0	0	0,0000	0,0000	191,6697
2021-11-10	15:54:00		60	0	0	0	0	0	0	0	0	0	0	0	0	0	0	0	0	0	0	0	0	0,0000	0,0000	191,6697
2021-11-10	15:55:00		60	0	0	0	0	0	0	0	0	0	0	0	0	0	0	0	0	0	0	0	0	0,0000	0,0000	191,6697
2021-11-10	15:56:00		60	0	0	0	0	0	0	0	0	0	0	0	0	0	0	0	0	0	0	0	0	0,0000	0,0000	191,6697
2021-11-10	15:57:00		60	0	0	0	0	0	0	0	0	0	0	0	0	0	0	0	0	0	0	0	0	0,0000	0,0000	191,6697
2021-11-10	15:58:00		60	0	0	0	0	1	0	0	0	0	0	0	0	0	0	0	0	0	0	0	0	0,0029	0,0000	191,6697
2021-11-10	15:59:00		60	0	0	0	0	0	0	0	0	0	0	0	0	0	0	0	0	0	0	0	0	0,0000	0,0000	191,6697
2021-11-10	16:00:00		60	0	0	0	0	0	0	0	0	0	0	0	0	0	0	0	0	0	0	0	0	0,0000	0,0000	191,6697
2021-11-10	16:01:00		60	0	0	0	0	0	0	0	0	0	0	0	0	0	0	0	0	0	0	0	0	0,0000	0,0000	191,6697
2021-11-10	16:02:00		60	0	0	0	0	0	0	0	0	0	0	0	0	0	0	0	0	0	0	0	0	0,0000	0,0000	191,6697
2021-11-10	16:03:00		60	0	0	0	0	0	0	0	0	0	0	0	0	0	0	0	0	0	0	0	0	0,0000	0,0000	191,6697
2021-11-10	16:04:00		60	0	0	0	0	0	0	0	0	0	0	0	0	0	0	0	0	0	0	0	0	0,0000	0,0000	191,6697
2021-11-10	16:05:00		60	0	0	0	0	0	0	0	0	0	0	0	0	0	0	0	0	0	0	0	0	0,0000	0,0000	191,6697
2021-11-10	16:06:00		60	0	0	0	0	0	0	0	0	0	0	0	0	0	0	0	0	0	0	0	0	0,0000	0,0000	191,6697
2021-11-10	16:07:00		60	0	0	0	0	0	0	0	0	0	0	0	0	0	0	0	0	0	0	0	0	0,0000	0,0000	191,6697
2021-11-10	16:08:00		60	0	0	0	0	0	0	0	0	0	0	0	0	0	0	0	0	0	0	0	0	0,0000	0,0000	191,6697
2021-11-10	16:09:00		60	0	0	0	0	0	0	0	0	0	0	0	0	0	0	0	0	0	0	0	0	0,0000	0,0000	191,6697
2021-11-10	16:10:00		60	0	0	0	0	0	0	0	0	0	0	0	0	0	0	0	0	0	0	0	0	0,0000	0,0000	191,6697
2021-11-10	16:11:00		60	0	0	0	0	0	0	0	0	0	0	0	0	0	0	0	0	0	0	0	0	0,0000	0,0000	191,6697
2021-11-10	16:12:00		60	0	0	0	0	0	0	0	0	0	0	0	0	0	0	0	0	0	0	0	0	0,0000	0,0000	191,6697
2021-11-10	16:13:00		60	0	0	0	0	0	0	0	0	0	0	0	0	0	0	0	0	0	0	0	0	0,0000	0,0000	191,6697
2021-11-10	16:14:00		60	0	0	0	0	0	0	0	0	0	0	0	0	0	0	0	0	0	0	0	0	0,0000	0,0000	191,6697
2021-11-10	16:15:00		60	0	0	0	0	0	0	0	0	0	0	0	0	0	0	0	0	0	0	0	0	0,0000	0,0000	191,6697
2021-11-10	16:16:00		60	0	0	0	0	0	0	0	0	0	0	0	0	0	0	0	0	0	0	0	0	0,0000	0,0000	191,6697
2021-11-10	16:17:00		60	0	0	0	0	0	0	0	0	0	0	0	0	0	0	0	0	0	0	0	0	0,0000	0,0000	191,6697
2021-11-10	16:18:00		60	0	0	0	0	0	0	0	0	0	0	0	0	0	0	0	0	0	0	0	0	0,0000	0,0000	191,6697
2021-11-10	16:19:00		60	0	0	0	0	0	0	0	0	0	0	0	0	0	0	0	0	0	0	0	0	0,0000	0,0000	191,6697
2021-11-10	16:20:00		60	0	0	0	0	0	0	0	0	0	0	0	0	0	0	0	0	0	0	0	0	0,0000	0,0000	191,6697
2021-11-10	16:21:00		60	0	0	0	0	0	0	0	0	0	0	0	0	0	0	0	0	0	0	0	0	0,0000	0,0000	191,6697
2021-11-10	16:22:00		60	0	0	0	0	0	0	0	0	0	0	0	0	0	0	0	0	0	0	0	0	0,0000	0,0000	191,6697
2021-11-10	16:23:00		60	0	0	0	0	0	0	0	0	0	0	0	0	0	0	0	0	0	0	0	0	0,0000	0,0000	191,6697
2021-11-10	16:24:00		60	0	0	0	0	0	0	0	0	0	0	0	0	0	0	0	0	0	0	0	0	0,0000	0,0000	191,6697
2021-11-10	16:25:00		60	0	0	0	0	0	0	0	0	0	0	0	0	0	0	0	0	0	0	0	0	0,0000	0,0000	191,6697
2021-11-10	16:26:00		60	0	0	0	0	0	0	0	0	0	0	0	0	0	0	0	0	0	0	0	0	0,0000	0,0000	191,6697
2021-11-10	16:27:00		60	0	0	0	0	0	0	0	0	0	0	0	0	0	0	0	0	0	0	0	0	0,0000	0,0000	191,6697
2021-11-10	16:28:00		60	0	0	0	0	0	0	0	0	0	0	0	0	0	0	0	0	0	0	0	0	0,0000	0,0000	191,6697
2021-11-10	16:29:00		60	0	0	0	0	0	0	0	0	0	0	0	0	0	0	0	0	0	0	0	0	0,0000	0,0000	191,6697
2021-11-10	16:30:00		60	0	0	0	0	0	0	0	0	0	0	0	0	0	0	0	0	0	0	0	0	0,0000	0,0000	191,6697
2021-11-10	16:31:00		60	0	0	0	0	0	0	0	0	0	0	0	0	0	0	0	0	0	0	0	0	0,0000	0,0000	191,6697
2021-11-10	16:32:00		60	0	0	0	0	0	0	0	0	0	0	0	0	0	0	0	0	0	0	0	0	0,0000	0,0000	191,6697
2021-11-10	16:33:00		60	0	0	0	0	0	0	0	0	0	0	0	0	0	0	0	0	0	0	0	0	0,0000	0,0000	191,6697
2021-11-10	16:34:00		60	0	0	0	0	0	0	0	0	0	0	0	0	0	0	0	0	0	0	0	0	0,0000	0,0000	191,6697
2021-11-10	16:35:00		60	0	0	0	0	0	0	0	0	0	0	0	0	0	0	0	0	0	0	0	0	0,0000	0,0000	191,6697
2021-11-10	16:36:00		60	0	0	0	0	0	0	0	0	0	0	0	0	0	0	0	0	0	0	0	0	0,0000	0,0000	191,6697
2021-11-10	16:37:00		60	0	0	0	0	0	0	0	0	0	0	0	0	0	0	0	0	0	0	0	0	0,0000	0,0000	191,6697
2021-11-10	16:38:00		60	0	0	0	0	0	1	0	1	0	0	0	0	0	0	0	0	0	0	0	0	0,0196	0,0003	191,6700
2021-11-10	16:39:00		60	0	0	0	0	0	0	3	0	0	0	0	0	0	0	0	0	0	0	0	0	0,0262	0,0004	191,6705
2021-11-10	16:40:00		60	0	0	0	0	1	0	0	0	0	0	0	0	0	0	0	0	0	0	0	0	0,0029	0,0000	191,6705
2021-11-10	16:41:00		60	0	0	0	0	0	0	0	0	0	0	0	0	0	0	0	0	0	0	0	0	0,0000	0,0000	191,6705
2021-11-10	16:42:00		60	0	0	0	0	0	0	0	0	0	0	0	0	0	0	0	0	0	0	0	0	0,0000	0,0000	191,6705
2021-11-10	16:43:00		60	0	0	0	0	2	2	0	0	0	0	0	0	0	0	0	0	0	0	0	0	0,0153	0,0003	191,6708
2021-11-10	16:44:00		60	0	0	0	2	5	3	0	0	0	0	0	0	0	0	0	0	0	0	0	0	0,0323	0,0005	191,6713
2021-11-10	16:45:00		60	0	1	5	10	1	0	0	0	0	0	0	0	0	0	0	0	0	0	0	0	0,0265	0,0004	191,6718
2021-11-10	16:46:00		60	1	1	11	11	3	1	0	0	0	0	0	0	0	0	0	0	0	0	0	0	0,0454	0,0008	191,6725
2021-11-10	16:47:00		60	0	7	9	1	0	0	0	0	0	0	0	0	0	0	0	0	0	0	0	0	0,0154	0,0003	191,6728
2021-11-10	16:48:00		60	0	3	7	0	0	0	0	0	0	0	0	0	0	0	0	0	0	0	0	0	0,0091	0,0002	191,6729
2021-11-10	16:49:00		60	0	4	1	0	0	0	0	0	0	0	0	0	0	0	0	0	0	0	0	0	0,0034	0,0001	191,6730
2021-11-10	16:50:00		60	0	0	0	0	0	0	0	0	0	0	0	0	0	0	0	0	0	0	0	0	0,0000	0,0000	191,6730
2021-11-10	16:51:00		60	0	0	0	0	0	0	0	0	0	0	0	0	0	0	0	0	0	0	0	0	0,0000	0,0000	191,6730
2021-11-10	16:52:00		60	0	0	0	0	0	0	0	0	0	0	0	0	0	0	0	0	0	0	0	0	0,0000	0,0000	191,6730
2021-11-10	16:53:00		60	3	2	0	5	1	1	0	0	0	0	0	0	0	0	0	0	0	0	0	0	0,0186	0,0003	191,6733
2021-11-10	16:54:00		60	11	7	6	12	12	12	41	21	8	11	5	0	0	0	0	0	0	0	0	0	1,5064	0,0251	191,6984
2021-11-10	16:55:00		60	9	15	16	14	13	29	42	19	2	1	1	0	0	0	0	0	0	0	0	0	0,9934	0,0166	191,7150
2021-11-10	16:56:00		60	17	13	9	23	17	25	30	16	7	11	9	0	0	0	0	0	0	0	0	0	1,5949	0,0266	191,7415
2021-11-10	16:57:00		60	7	7	19	11	18	24	33	30	15	12	1	0	0	0	0	0	0	0	0	0	1,6588	0,0276	191,7692
2021-11-10	16:58:00		60	13	28	18	27	10	4	3	6	5	0	0	0	0	0	0	0	0	0	0	0	0,3575	0,0060	191,7751
2021-11-10	16:59:00		60	9	12	11	51	14	4	3	1	1	0	0	0	0	0	0	0	0	0	0	0	0,2337	0,0039	191,7790
2021-11-10	17:00:00		60	2	5	8	40	26	4	0	1	0	0	0	0	0	0	0	0	0	0	0	0	0,1917	0,0032	191,7822
2021-11-10	17:01:00		60	0	2	4	30	19	10	0	0	0	0	0	0	0	0	0	0	0	0	0	0	0,1611	0,0027	191,7849
2021-11-10	17:02:00		60	3	2	3	19	23	4	3	2	0	0	0	0	0	0	0	0	0	0	0	0	0,1801	0,0030	191,7879
2021-11-10	17:03:00		60	1	4	11	15	11	3	1	0	0	0	0	0	0	0	0	0	0	0	0	0	0,0956	0,0016	191,7895
2021-11-10	17:04:00		60	2	0	1	7	4	1	3	0	0	0	0	0	0	0	0	0	0	0	0	0	0,0565	0,0009	191,7905
2021-11-10	17:05:00		60	2	4	5	17	21	20	8	0	0	0	0	0	0	0	0	0	0	0	0	0	0,2643	0,0044	191,7949
2021-11-10	17:06:00		60	2	4	7	11	12	29	0	0	0	0	0	0	0	0	0	0	0	0	0	0	0,2030	0,0034	191,7982
2021-11-10	17:07:00		60	0	0	0	2	8	5	0	0	0	0	0	0	0	0	0	0	0	0	0	0	0,0505	0,0008	191,7991
2021-11-10	17:08:00		60	0	1	1	21	12	0	0	0	0	0	0	0	0	0	0	0	0	0	0	0	0,0734	0,0012	191,8003
2021-11-10	17:09:00		60	3	4	4	12	1	0	0	0	0	0	0	0	0	0	0	0	0	0	0	0	0,0316	0,0005	191,8008
2021-11-10	17:10:00		60	5	10	2	0	0	0	0	0	0	0	0	0	0	0	0	0	0	0	0	0	0,0095	0,0002	191,8010
2021-11-10	17:11:00		60	4	0	0	0	0	0	0	0	0	0	0	0	0	0	0	0	0	0	0	0	0,0012	0,0000	191,8010
2021-11-10	17:12:00		60	4	1	0	0	0	0	0	0	0	0	0	0	0	0	0	0	0	0	0	0	0,0018	0,0000	191,8010
2021-11-10	17:13:00		60	0	0	0	0	0	0	0	0	0	0	0	0	0	0	0	0	0	0	0	0	0,0000	0,0000	191,8010
2021-11-10	17:14:00		60	0	0	0	0	0	0	0	0	0	0	0	0	0	0	0	0	0	0	0	0	0,0000	0,0000	191,8010
2021-11-10	17:15:00		60	0	0	0	0	0	0	0	0	0	0	0	0	0	0	0	0	0	0	0	0	0,0000	0,0000	191,8010
2021-11-10	17:16:00		60	0	0	0	0	0	0	0	0	0	0	0	0	0	0	0	0	0	0	0	0	0,0000	0,0000	191,8010
2021-11-10	17:17:00		60	0	0	0	0	0	0	0	0	0	0	0	0	0	0	0	0	0	0	0	0	0,0000	0,0000	191,8010
2021-11-10	17:18:00		60	0	0	0	0	0	0	0	0	0	0	0	0	0	0	0	0	0	0	0	0	0,0000	0,0000	191,8010
2021-11-10	17:19:00		60	0	0	0	0	0	0	0	0	0	0	0	0	0	0	0	0	0	0	0	0	0,0000	0,0000	191,8010
2021-11-10	17:20:00		60	0	0	0	0	0	0	0	0	0	0	0	0	0	0	0	0	0	0	0	0	0,0000	0,0000	191,8010
2021-11-10	17:21:00		60	0	0	0	0	0	0	0	0	0	0	0	0	0	0	0	0	0	0	0	0	0,0000	0,0000	191,8010
2021-11-10	17:22:00		60	0	0	0	0	0	0	0	0	0	0	0	0	0	0	0	0	0	0	0	0	0,0000	0,0000	191,8010
2021-11-10	17:23:00		60	0	0	0	0	0	0	0	0	0	0	0	0	0	0	0	0	0	0	0	0	0,0000	0,0000	191,8010
2021-11-10	17:24:00		60	0	0	0	0	0	0	0	0	0	0	0	0	0	0	0	0	0	0	0	0	0,0000	0,0000	191,8010
2021-11-10	17:25:00		60	0	0	0	0	0	0	0	0	0	0	0	0	0	0	0	0	0	0	0	0	0,0000	0,0000	191,8010
2021-11-10	17:26:00		60	0	0	0	0	0	0	0	0	0	0	0	0	0	0	0	0	0	0	0	0	0,0000	0,0000	191,8010
2021-11-10	17:27:00		60	0	0	0	0	0	0	0	0	0	0	0	0	0	0	0	0	0	0	0	0	0,0000	0,0000	191,8010
2021-11-10	17:28:00		60	0	0	0	0	0	0	0	0	0	0	0	0	0	0	0	0	0	0	0	0	0,0000	0,0000	191,8010
2021-11-10	17:29:00		60	0	0	0	0	0	0	0	0	0	0	0	0	0	0	0	0	0	0	0	0	0,0000	0,0000	191,8010
2021-11-10	17:30:00		60	0	0	0	0	0	0	0	0	0	0	0	0	0	0	0	0	0	0	0	0	0,0000	0,0000	191,8010
2021-11-10	17:31:00		60	0	0	0	0	0	0	0	0	0	0	0	0	0	0	0	0	0	0	0	0	0,0000	0,0000	191,8010
2021-11-10	17:32:00		60	0	0	0	0	0	0	0	0	0	0	0	0	0	0	0	0	0	0	0	0	0,0000	0,0000	191,8010
2021-11-10	17:33:00		60	0	0	0	0	0	0	0	0	0	0	0	0	0	0	0	0	0	0	0	0	0,0000	0,0000	191,8010
2021-11-10	17:34:00		60	0	0	0	0	0	0	0	0	0	0	0	0	0	0	0	0	0	0	0	0	0,0000	0,0000	191,8010
2021-11-10	17:35:00		60	0	0	0	0	0	0	0	0	0	0	0	0	0	0	0	0	0	0	0	0	0,0000	0,0000	191,8010
2021-11-10	17:36:00		60	0	0	0	0	0	0	0	0	0	0	0	0	0	0	0	0	0	0	0	0	0,0000	0,0000	191,8010
2021-11-10	17:37:00		60	0	0	0	0	0	0	0	0	0	0	0	0	0	0	0	0	0	0	0	0	0,0000	0,0000	191,8010
2021-11-10	17:38:00		60	0	0	0	0	0	0	0	0	0	0	0	0	0	0	0	0	0	0	0	0	0,0000	0,0000	191,8010
2021-11-10	17:39:00		60	0	0	0	0	0	0	0	0	0	0	0	0	0	0	0	0	0	0	0	0	0,0000	0,0000	191,8010
2021-11-10	17:40:00		60	0	0	0	0	0	0	0	0	0	0	0	0	0	0	0	0	0	0	0	0	0,0000	0,0000	191,8010
2021-11-10	17:41:00		60	0	0	0	0	0	0	0	0	0	0	0	0	0	0	0	0	0	0	0	0	0,0000	0,0000	191,8010
2021-11-10	17:42:00		60	0	0	0	0	0	0	0	0	0	0	0	0	0	0	0	0	0	0	0	0	0,0000	0,0000	191,8010
2021-11-10	17:43:00		60	0	0	0	0	0	0	0	0	0	0	0	0	0	0	0	0	0	0	0	0	0,0000	0,0000	191,8010
2021-11-10	17:44:00		60	0	0	0	0	0	0	0	0	0	0	0	0	0	0	0	0	0	0	0	0	0,0000	0,0000	191,8010
2021-11-10	17:45:00		60	0	0	0	0	0	0	0	0	0	0	0	0	0	0	0	0	0	0	0	0	0,0000	0,0000	191,8010
2021-11-10	17:46:00		60	0	0	0	0	0	0	0	0	0	0	0	0	0	0	0	0	0	0	0	0	0,0000	0,0000	191,8010
2021-11-10	17:47:00		60	0	0	0	0	0	0	0	0	0	0	0	0	0	0	0	0	0	0	0	0	0,0000	0,0000	191,8010
2021-11-10	17:48:00		60	0	0	0	0	0	0	0	0	0	0	0	0	0	0	0	0	0	0	0	0	0,0000	0,0000	191,8010
2021-11-10	17:49:00		60	0	0	0	0	0	0	0	0	0	0	0	0	0	0	0	0	0	0	0	0	0,0000	0,0000	191,8010
2021-11-10	17:50:00		60	0	0	0	0	0	0	0	0	0	0	0	0	0	0	0	0	0	0	0	0	0,0000	0,0000	191,8010
2021-11-10	17:51:00		60	0	0	0	0	0	0	0	0	0	0	0	0	0	0	0	0	0	0	0	0	0,0000	0,0000	191,8010
2021-11-10	17:52:00		60	1	0	0	0	0	0	1	0	0	0	0	0	0	0	0	0	0	0	0	0	0,0090	0,0002	191,8012
2021-11-10	17:53:00		60	0	0	0	1	1	0	0	0	0	0	0	0	0	0	0	0	0	0	0	0	0,0047	0,0001	191,8013
2021-11-10	17:54:00		60	0	0	3	0	2	3	0	0	0	0	0	0	0	0	0	0	0	0	0	0	0,0233	0,0004	191,8017
2021-11-10	17:55:00		60	1	0	2	4	0	1	0	0	0	0	0	0	0	0	0	0	0	0	0	0	0,0143	0,0002	191,8019
2021-11-10	17:56:00		60	1	1	4	3	3	0	0	0	0	0	0	0	0	0	0	0	0	0	0	0	0,0190	0,0003	191,8022
2021-11-10	17:57:00		60	1	2	2	1	2	2	0	0	0	0	0	0	0	0	0	0	0	0	0	0	0,0207	0,0003	191,8026
2021-11-10	17:58:00		60	1	3	0	1	3	0	0	0	0	0	0	0	0	0	0	0	0	0	0	0	0,0125	0,0002	191,8028
2021-11-10	17:59:00		60	0	5	0	0	0	1	0	0	0	0	0	0	0	0	0	0	0	0	0	0	0,0077	0,0001	191,8029
2021-11-10	18:00:00		60	3	10	0	4	0	0	0	0	0	0	0	0	0	0	0	0	0	0	0	0	0,0139	0,0002	191,8031
2021-11-10	18:01:00		60	1	4	1	1	0	0	0	0	0	0	0	0	0	0	0	0	0	0	0	0	0,0055	0,0001	191,8032
2021-11-10	18:02:00		60	67	51	2	3	2	0	0	0	0	1	1	9	4	2	0	0	0	0	0	0	1,5180	0,0253	191,8285
2021-11-10	18:03:00		60	138	35	6	5	1	0	3	1	3	26	55	13	3	1	0	0	0	0	0	0	4,7690	0,0795	191,9080
2021-11-10	18:04:00		60	87	17	8	5	0	0	5	28	58	34	30	10	0	0	0	0	0	0	0	0	4,7838	0,0797	191,9877
2021-11-10	18:05:00		60	27	14	10	11	0	3	24	89	61	50	20	1	0	0	0	0	0	0	0	0	5,2987	0,0883	192,0760
2021-11-10	18:06:00		60	10	6	13	7	14	17	169	105	29	14	0	0	0	0	0	0	0	0	0	0	4,2141	0,0702	192,1463
2021-11-10	18:07:00		60	6	9	7	12	15	60	184	98	34	16	2	0	0	0	0	0	0	0	0	0	4,7062	0,0784	192,2247
2021-11-10	18:08:00		60	8	11	6	11	15	63	193	131	39	7	3	0	0	0	0	0	0	0	0	0	5,1772	0,0863	192,3110
2021-11-10	18:09:00		60	5	5	8	12	21	76	175	71	14	1	0	0	0	0	0	0	0	0	0	0	3,3677	0,0561	192,3671
2021-11-10	18:10:00		60	5	12	7	14	50	112	148	15	1	0	0	0	0	0	0	0	0	0	0	0	2,2565	0,0376	192,4047
2021-11-10	18:11:00		60	11	10	16	40	69	133	65	8	0	0	0	0	0	0	0	0	0	0	0	0	1,6177	0,0270	192,4317
2021-11-10	18:12:00		60	6	8	26	50	79	106	24	3	1	0	0	0	0	0	0	0	0	0	0	0	1,1324	0,0189	192,4506
2021-11-10	18:13:00		60	16	13	22	83	110	83	14	1	0	0	0	2	1	0	0	0	0	0	0	0	1,2867	0,0214	192,4720
2021-11-10	18:14:00		60	32	19	28	98	81	35	2	0	0	0	6	1	0	0	0	0	0	0	0	0	0,9778	0,0163	192,4883
2021-11-10	18:15:00		60	26	13	37	110	37	16	2	2	12	16	9	0	0	0	0	0	0	0	0	0	1,5962	0,0266	192,5149
2021-11-10	18:16:00		60	10	10	51	58	16	10	3	10	26	7	7	0	0	0	0	0	0	0	0	0	1,5020	0,0250	192,5399
2021-11-10	18:17:00		60	8	17	33	44	18	7	23	54	16	2	2	0	0	0	0	0	0	0	0	0	1,7005	0,0283	192,5683
2021-11-10	18:18:00		60	4	25	30	29	2	2	69	59	16	6	0	0	0	0	0	0	0	0	0	0	2,1083	0,0351	192,6034
2021-11-10	18:19:00		60	5	32	32	13	6	15	103	30	3	1	0	0	0	0	0	0	0	0	0	0	1,6035	0,0267	192,6302
2021-11-10	18:20:00		60	22	23	27	17	3	38	124	21	3	1	0	0	0	0	0	0	0	0	0	0	1,7563	0,0293	192,6594
2021-11-10	18:21:00		60	23	35	19	6	3	92	92	9	2	1	0	0	0	0	0	0	0	0	0	0	1,5153	0,0253	192,6847
2021-11-10	18:22:00		60	18	40	18	3	13	96	68	2	0	0	0	0	0	0	0	0	0	0	0	0	1,1731	0,0196	192,7042
2021-11-10	18:23:00		60	19	30	13	4	17	77	39	4	0	0	0	0	0	0	0	0	0	0	0	0	0,8610	0,0144	192,7186
2021-11-10	18:24:00		60	22	18	3	2	46	55	19	4	1	0	0	0	0	0	0	0	0	0	0	0	0,6659	0,0111	192,7297
2021-11-10	18:25:00		60	21	15	1	30	50	63	15	7	2	0	0	0	0	0	0	0	0	0	0	0	0,7921	0,0132	192,7429
2021-11-10	18:26:00		60	9	5	11	46	52	30	17	10	4	0	0	0	0	0	0	0	0	0	0	0	0,7744	0,0129	192,7558
2021-11-10	18:27:00		60	8	8	35	48	44	27	38	20	8	0	0	0	0	0	0	0	0	0	0	0	1,1847	0,0197	192,7755
2021-11-10	18:28:00		60	7	15	30	17	15	6	33	26	1	1	0	0	0	0	0	0	0	0	0	0	0,8683	0,0145	192,7900
2021-11-10	18:29:00		60	1	5	7	11	14	11	31	24	10	5	0	0	0	0	0	0	0	0	0	0	1,1090	0,0185	192,8085
2021-11-10	18:30:00		60	5	7	1	18	21	29	64	16	1	0	1	0	0	0	0	0	0	0	0	0	1,0991	0,0183	192,8268
2021-11-10	18:31:00		60	2	8	3	22	20	37	41	11	1	1	0	0	0	0	0	0	0	0	0	0	0,8535	0,0142	192,8410
2021-11-10	18:32:00		60	3	2	4	15	12	35	52	4	0	0	0	0	0	0	0	0	0	0	0	0	0,7482	0,0125	192,8535
2021-11-10	18:33:00		60	3	2	12	9	11	33	23	4	0	0	0	0	0	0	0	0	0	0	0	0	0,4802	0,0080	192,8615
2021-11-10	18:34:00		60	0	2	15	11	23	52	23	0	0	0	0	0	0	0	0	0	0	0	0	0	0,5522	0,0092	192,8707
2021-11-10	18:35:00		60	3	6	7	12	33	37	5	0	0	0	0	0	0	0	0	0	0	0	0	0	0,3487	0,0058	192,8765
2021-11-10	18:36:00		60	8	10	4	28	46	31	3	0	0	2	0	0	0	0	0	0	0	0	0	0	0,4270	0,0071	192,8836
2021-11-10	18:37:00		60	5	10	8	39	37	24	5	0	0	0	0	0	0	0	0	0	0	0	0	0	0,3499	0,0058	192,8895
2021-11-10	18:38:00		60	12	8	17	35	33	29	6	3	0	0	0	0	0	0	0	0	0	0	0	0	0,4187	0,0070	192,8964
2021-11-10	18:39:00		60	8	8	15	35	28	24	7	1	0	0	0	0	0	0	0	0	0	0	0	0	0,3562	0,0059	192,9024
2021-11-10	18:40:00		60	3	10	21	40	25	36	11	1	0	0	0	0	0	0	0	0	0	0	0	0	0,4548	0,0076	192,9100
2021-11-10	18:41:00		60	8	10	21	45	38	38	8	0	0	0	0	0	0	0	0	0	0	0	0	0	0,4711	0,0079	192,9178
2021-11-10	18:42:00		60	6	11	21	46	30	34	7	0	0	0	0	0	0	0	0	0	0	0	0	0	0,4220	0,0070	192,9249
2021-11-10	18:43:00		60	2	11	21	45	25	17	4	0	0	0	0	0	0	0	0	0	0	0	0	0	0,2972	0,0050	192,9298
2021-11-10	18:44:00		60	8	24	30	32	11	7	1	0	0	0	0	0	0	0	0	0	0	0	0	0	0,1787	0,0030	192,9328
2021-11-10	18:45:00		60	6	21	20	8	2	9	1	0	0	0	0	0	0	0	0	0	0	0	0	0	0,1069	0,0018	192,9346
2021-11-10	18:46:00		60	7	26	3	7	8	2	1	0	0	0	0	0	0	0	0	0	0	0	0	0	0,0743	0,0012	192,9358
2021-11-10	18:47:00		60	9	10	1	4	4	0	0	0	0	0	0	0	0	0	0	0	0	0	0	0	0,0282	0,0005	192,9363
2021-11-10	18:48:00		60	7	3	1	10	4	0	0	0	0	0	0	0	0	0	0	0	0	0	0	0	0,0341	0,0006	192,9368
2021-11-10	18:49:00		60	2	0	1	8	5	1	0	0	0	0	0	0	0	0	0	0	0	0	0	0	0,0350	0,0006	192,9374
2021-11-10	18:50:00		60	3	0	4	2	3	0	0	0	0	0	0	0	0	0	0	0	0	0	0	0	0,0173	0,0003	192,9377
2021-11-10	18:51:00		60	0	8	2	3	0	0	0	0	0	0	0	0	0	0	0	0	0	0	0	0	0,0122	0,0002	192,9379
2021-11-10	18:52:00		60	0	1	1	1	1	0	0	0	0	0	0	0	0	0	0	0	0	0	0	0	0,0063	0,0001	192,9380
2021-11-10	18:53:00		60	0	0	0	0	0	0	0	0	0	0	0	0	0	0	0	0	0	0	0	0	0,0000	0,0000	192,9380
2021-11-10	18:54:00		60	1	0	1	2	0	0	1	0	0	0	0	0	0	0	0	0	0	0	0	0	0,0136	0,0002	192,9383
2021-11-10	18:55:00		60	0	0	0	0	1	0	0	0	0	0	0	0	0	0	0	0	0	0	0	0	0,0029	0,0000	192,9383
2021-11-10	18:56:00		60	0	0	0	0	0	0	0	0	0	0	0	0	0	0	0	0	0	0	0	0	0,0000	0,0000	192,9383
2021-11-10	18:57:00		60	0	0	0	0	0	0	0	0	0	0	0	0	0	0	0	0	0	0	0	0	0,0000	0,0000	192,9383
2021-11-10	18:58:00		60	0	0	0	0	0	0	0	0	0	0	0	0	0	0	0	0	0	0	0	0	0,0000	0,0000	192,9383
2021-11-10	18:59:00		60	1	0	0	1	0	0	0	0	0	0	0	0	0	0	0	0	0	0	0	0	0,0021	0,0000	192,9383
2021-11-10	19:00:00		60	0	0	0	0	0	0	0	0	0	0	0	0	0	0	0	0	0	0	0	0	0,0000	0,0000	192,9383
2021-11-10	19:01:00		60	0	0	0	0	0	0	0	0	0	0	0	0	0	0	0	0	0	0	0	0	0,0000	0,0000	192,9383
2021-11-10	19:02:00		60	0	0	0	0	0	0	0	0	0	0	0	0	0	0	0	0	0	0	0	0	0,0000	0,0000	192,9383
2021-11-10	19:03:00		60	0	0	0	0	0	0	0	0	0	0	0	0	0	0	0	0	0	0	0	0	0,0000	0,0000	192,9383
2021-11-10	19:04:00		60	0	0	0	0	0	0	0	0	0	0	0	0	0	0	0	0	0	0	0	0	0,0000	0,0000	192,9383
2021-11-10	19:05:00		60	0	0	0	0	0	0	0	0	0	0	0	0	0	0	0	0	0	0	0	0	0,0000	0,0000	192,9383
2021-11-10	19:06:00		60	0	0	0	0	0	0	0	0	0	0	0	0	0	0	0	0	0	0	0	0	0,0000	0,0000	192,9383
2021-11-10	19:07:00		60	0	0	0	0	0	0	0	0	0	0	0	0	0	0	0	0	0	0	0	0	0,0000	0,0000	192,9383
2021-11-10	19:08:00		60	0	4	0	0	0	0	0	0	0	0	0	0	0	0	0	0	0	0	0	0	0,0024	0,0000	192,9384
2021-11-10	19:09:00		60	0	0	0	0	0	0	0	0	0	0	0	0	0	0	0	0	0	0	0	0	0,0000	0,0000	192,9384
2021-11-10	19:10:00		60	0	0	0	0	0	0	0	0	0	0	0	0	0	0	0	0	0	0	0	0	0,0000	0,0000	192,9384
2021-11-10	19:11:00		60	3	0	1	1	0	0	0	0	0	0	0	0	0	0	0	0	0	0	0	0	0,0037	0,0001	192,9384
2021-11-10	19:12:00		60	2	3	5	3	0	0	2	0	0	0	0	0	0	0	0	0	0	0	0	0	0,0304	0,0005	192,9389
2021-11-10	19:13:00		60	2	5	15	9	0	2	0	0	0	0	0	0	0	0	0	0	0	0	0	0	0,0448	0,0007	192,9397
2021-11-10	19:14:00		60	2	14	22	16	4	2	1	0	0	0	0	0	0	0	0	0	0	0	0	0	0,0902	0,0015	192,9412
2021-11-10	19:15:00		60	9	27	26	27	4	2	1	1	1	0	0	0	0	0	0	0	0	0	0	0	0,1599	0,0027	192,9439
2021-11-10	19:16:00		60	21	43	35	11	6	5	5	2	2	3	2	0	0	0	0	0	0	0	0	0	0,4201	0,0070	192,9509
2021-11-10	19:17:00		60	30	52	22	13	5	7	11	4	1	0	1	0	0	0	0	0	0	0	0	0	0,3543	0,0059	192,9568
2021-11-10	19:18:00		60	17	24	17	18	5	16	12	6	5	2	1	0	0	0	0	0	0	0	0	0	0,5628	0,0094	192,9661
2021-11-10	19:19:00		60	24	27	16	8	4	14	10	0	2	0	0	0	0	0	0	0	0	0	0	0	0,2627	0,0044	192,9705
2021-11-10	19:20:00		60	13	39	12	6	10	11	23	9	1	0	0	0	0	0	0	0	0	0	0	0	0,4872	0,0081	192,9786
2021-11-10	19:21:00		60	25	33	14	17	6	13	11	1	0	2	0	0	0	0	0	0	0	0	0	0	0,3200	0,0053	192,9840
2021-11-10	19:22:00		60	18	61	20	16	10	16	7	0	0	1	1	0	0	0	0	0	0	0	0	0	0,3301	0,0055	192,9895
2021-11-10	19:23:00		60	35	45	15	15	11	9	2	1	1	1	0	0	0	0	0	0	0	0	0	0	0,2366	0,0039	192,9934
2021-11-10	19:24:00		60	23	25	20	9	16	5	1	0	0	0	1	0	0	0	0	0	0	0	0	0	0,1811	0,0030	192,9964
2021-11-10	19:25:00		60	25	38	23	13	6	3	0	0	1	0	1	0	0	0	0	0	0	0	0	0	0,1740	0,0029	192,9993
2021-11-10	19:26:00		60	17	27	24	19	7	3	3	3	1	1	0	0	0	0	0	0	0	0	0	0	0,2355	0,0039	193,0033
2021-11-10	19:27:00		60	14	24	22	25	7	2	2	4	1	0	0	0	0	0	0	0	0	0	0	0	0,2137	0,0036	193,0068
2021-11-10	19:28:00		60	5	15	29	19	0	2	2	1	1	0	0	0	0	0	0	0	0	0	0	0	0,1378	0,0023	193,0091
2021-11-10	19:29:00		60	3	3	17	11	0	0	6	2	0	0	0	0	0	0	0	0	0	0	0	0	0,1221	0,0020	193,0112
2021-11-10	19:30:00		60	2	6	16	8	1	1	1	0	0	0	0	0	0	0	0	0	0	0	0	0	0,0515	0,0009	193,0120
2021-11-10	19:31:00		60	6	5	17	3	0	4	2	0	0	0	0	0	0	0	0	0	0	0	0	0	0,0645	0,0011	193,0131
2021-11-10	19:32:00		60	7	2	3	2	2	1	2	0	0	0	0	0	0	0	0	0	0	0	0	0	0,0379	0,0006	193,0137
2021-11-10	19:33:00		60	1	3	2	0	1	2	1	0	0	0	0	0	0	0	0	0	0	0	0	0	0,0253	0,0004	193,0141
2021-11-10	19:34:00		60	1	0	2	1	1	2	0	1	0	0	0	0	0	0	0	0	0	0	0	0	0,0314	0,0005	193,0147
2021-11-10	19:35:00		60	0	0	0	2	1	2	1	0	0	0	0	0	0	0	0	0	0	0	0	0	0,0247	0,0004	193,0151
2021-11-10	19:36:00		60	2	0	1	4	0	0	0	0	0	0	0	0	0	0	0	0	0	0	0	0	0,0087	0,0001	193,0152
2021-11-10	19:37:00		60	0	1	0	1	0	1	0	0	0	0	0	0	0	0	0	0	0	0	0	0	0,0071	0,0001	193,0153
2021-11-10	19:38:00		60	0	1	0	1	0	0	0	0	0	0	0	0	0	0	0	0	0	0	0	0	0,0024	0,0000	193,0154
2021-11-10	19:39:00		60	0	0	0	4	0	0	0	0	0	0	0	0	0	0	0	0	0	0	0	0	0,0071	0,0001	193,0155
2021-11-10	19:40:00		60	0	3	1	0	1	0	0	0	0	0	0	0	0	0	0	0	0	0	0	0	0,0057	0,0001	193,0156
2021-11-10	19:41:00		60	0	2	1	0	0	1	1	0	0	0	0	0	0	0	0	0	0	0	0	0	0,0157	0,0003	193,0159
2021-11-10	19:42:00		60	0	0	0	2	0	0	0	0	0	0	0	0	0	0	0	0	0	0	0	0	0,0035	0,0001	193,0159
2021-11-10	19:43:00		60	2	1	1	4	1	0	0	0	0	0	0	0	0	0	0	0	0	0	0	0	0,0122	0,0002	193,0161
2021-11-10	19:44:00		60	1	1	1	2	0	0	2	0	0	0	0	0	0	0	0	0	0	0	0	0	0,0229	0,0004	193,0165
2021-11-10	19:45:00		60	0	1	1	0	1	0	0	0	0	0	0	0	0	0	0	0	0	0	0	0	0,0045	0,0001	193,0166
2021-11-10	19:46:00		60	1	1	0	0	0	1	0	0	0	0	0	0	0	0	0	0	0	0	0	0	0,0057	0,0001	193,0167
2021-11-10	19:47:00		60	1	1	0	0	1	0	0	0	0	0	0	0	0	0	0	0	0	0	0	0	0,0038	0,0001	193,0167
2021-11-10	19:48:00		60	0	0	3	2	2	3	0	0	0	0	0	0	0	0	0	0	0	0	0	0	0,0268	0,0004	193,0172
2021-11-10	19:49:00		60	0	0	1	0	0	3	1	0	0	0	0	0	0	0	0	0	0	0	0	0	0,0241	0,0004	193,0176
2021-11-10	19:50:00		60	1	4	1	2	0	1	0	0	0	0	0	0	0	0	0	0	0	0	0	0	0,0120	0,0002	193,0178
2021-11-10	19:51:00		60	0	1	0	0	1	0	0	0	0	0	0	0	0	0	0	0	0	0	0	0	0,0035	0,0001	193,0178
2021-11-10	19:52:00		60	0	1	0	1	1	0	0	0	0	0	0	0	0	0	0	0	0	0	0	0	0,0052	0,0001	193,0179
2021-11-10	19:53:00		60	1	1	2	2	0	0	0	0	0	0	0	0	0	0	0	0	0	0	0	0	0,0065	0,0001	193,0180
2021-11-10	19:54:00		60	0	0	2	0	0	0	0	0	0	0	0	0	0	0	0	0	0	0	0	0	0,0021	0,0000	193,0181
2021-11-10	19:55:00		60	0	0	0	0	1	0	0	0	0	0	0	0	0	0	0	0	0	0	0	0	0,0029	0,0000	193,0181
2021-11-10	19:56:00		60	0	1	0	2	0	0	0	0	0	0	0	0	0	0	0	0	0	0	0	0	0,0041	0,0001	193,0182
2021-11-10	19:57:00		60	0	0	1	1	0	0	0	0	0	0	0	0	0	0	0	0	0	0	0	0	0,0028	0,0000	193,0182
2021-11-10	19:58:00		60	0	0	0	0	0	0	0	0	0	0	0	0	0	0	0	0	0	0	0	0	0,0000	0,0000	193,0182
2021-11-10	19:59:00		60	0	0	0	0	0	0	0	0	0	0	0	0	0	0	0	0	0	0	0	0	0,0000	0,0000	193,0182
2021-11-10	20:00:00		60	0	0	0	0	0	0	0	0	0	0	0	0	0	0	0	0	0	0	0	0	0,0000	0,0000	193,0182
2021-11-10	20:01:00		60	0	0	0	0	0	0	0	0	0	0	0	0	0	0	0	0	0	0	0	0	0,0000	0,0000	193,0182
2021-11-10	20:02:00		60	0	0	0	0	0	0	0	0	0	0	0	0	0	0	0	0	0	0	0	0	0,0000	0,0000	193,0182
2021-11-10	20:03:00		60	0	0	0	0	0	0	0	0	0	0	0	0	0	0	0	0	0	0	0	0	0,0000	0,0000	193,0182
2021-11-10	20:04:00		60	0	0	0	0	0	0	0	0	0	0	0	0	0	0	0	0	0	0	0	0	0,0000	0,0000	193,0182
2021-11-10	20:05:00		60	0	0	0	0	0	0	0	0	0	0	0	0	0	0	0	0	0	0	0	0	0,0000	0,0000	193,0182
2021-11-10	20:06:00		60	0	0	0	0	0	0	0	0	0	0	0	0	0	0	0	0	0	0	0	0	0,0000	0,0000	193,0182
2021-11-10	20:07:00		60	0	0	0	0	0	0	0	0	0	0	0	0	0	0	0	0	0	0	0	0	0,0000	0,0000	193,0182
2021-11-10	20:08:00		60	0	0	0	0	0	0	0	0	0	0	0	0	0	0	0	0	0	0	0	0	0,0000	0,0000	193,0182
2021-11-10	20:09:00		60	0	0	0	0	0	0	0	0	0	0	0	0	0	0	0	0	0	0	0	0	0,0000	0,0000	193,0182
2021-11-10	20:10:00		60	0	0	0	0	0	0	0	0	0	0	0	0	0	0	0	0	0	0	0	0	0,0000	0,0000	193,0182
2021-11-10	20:11:00		60	0	0	0	0	0	0	0	0	0	0	0	0	0	0	0	0	0	0	0	0	0,0000	0,0000	193,0182
2021-11-10	20:12:00		60	0	0	0	0	0	0	0	0	0	0	0	0	0	0	0	0	0	0	0	0	0,0000	0,0000	193,0182
2021-11-10	20:13:00		60	0	0	0	0	0	0	0	0	0	0	0	0	0	0	0	0	0	0	0	0	0,0000	0,0000	193,0182
2021-11-10	20:14:00		60	0	0	0	0	0	0	0	0	0	0	0	0	0	0	0	0	0	0	0	0	0,0000	0,0000	193,0182
2021-11-10	20:15:00		60	0	0	0	0	0	0	0	0	0	0	0	0	0	0	0	0	0	0	0	0	0,0000	0,0000	193,0182
2021-11-10	20:16:00		60	0	0	0	0	0	0	0	0	0	0	0	0	0	0	0	0	0	0	0	0	0,0000	0,0000	193,0182
2021-11-10	20:17:00		60	0	0	0	0	0	0	0	0	0	0	0	0	0	0	0	0	0	0	0	0	0,0000	0,0000	193,0182
2021-11-10	20:18:00		60	0	0	0	0	0	0	0	0	0	0	0	0	0	0	0	0	0	0	0	0	0,0000	0,0000	193,0182
2021-11-10	20:19:00		60	0	0	0	0	0	0	0	0	0	0	0	0	0	0	0	0	0	0	0	0	0,0000	0,0000	193,0182
2021-11-10	20:20:00		60	0	0	0	0	0	0	0	0	0	0	0	0	0	0	0	0	0	0	0	0	0,0000	0,0000	193,0182
2021-11-10	20:21:00		60	0	0	0	0	0	0	0	0	0	0	0	0	0	0	0	0	0	0	0	0	0,0000	0,0000	193,0182
2021-11-10	20:22:00		60	0	0	0	0	0	0	0	0	0	0	0	0	0	0	0	0	0	0	0	0	0,0000	0,0000	193,0182
2021-11-10	20:23:00		60	0	0	0	0	0	0	0	0	0	0	0	0	0	0	0	0	0	0	0	0	0,0000	0,0000	193,0182
2021-11-10	20:24:00		60	0	0	0	0	0	0	0	0	0	0	0	0	0	0	0	0	0	0	0	0	0,0000	0,0000	193,0182
2021-11-10	20:25:00		60	0	0	0	0	0	0	0	0	0	0	0	0	0	0	0	0	0	0	0	0	0,0000	0,0000	193,0182
2021-11-10	20:26:00		60	0	0	0	0	0	0	0	0	0	0	0	0	0	0	0	0	0	0	0	0	0,0000	0,0000	193,0182
2021-11-10	20:27:00		60	0	0	0	0	0	0	0	0	0	0	0	0	0	0	0	0	0	0	0	0	0,0000	0,0000	193,0182
2021-11-10	20:28:00		60	0	0	0	0	0	0	0	0	0	0	0	0	0	0	0	0	0	0	0	0	0,0000	0,0000	193,0182
2021-11-10	20:29:00		60	0	0	0	0	0	0	0	0	0	0	0	0	0	0	0	0	0	0	0	0	0,0000	0,0000	193,0182
2021-11-10	20:30:00		60	0	0	0	0	0	0	0	0	0	0	0	0	0	0	0	0	0	0	0	0	0,0000	0,0000	193,0182
2021-11-10	20:31:00		60	0	0	0	0	0	0	0	0	0	0	0	0	0	0	0	0	0	0	0	0	0,0000	0,0000	193,0182
2021-11-10	20:32:00		60	0	0	0	0	0	0	0	0	0	0	0	0	0	0	0	0	0	0	0	0	0,0000	0,0000	193,0182
2021-11-10	20:33:00		60	0	0	0	0	0	0	0	0	0	0	0	0	0	0	0	0	0	0	0	0	0,0000	0,0000	193,0182
2021-11-10	20:34:00		60	0	0	0	0	0	0	0	0	0	0	0	0	0	0	0	0	0	0	0	0	0,0000	0,0000	193,0182
2021-11-10	20:35:00		60	0	0	0	0	0	0	0	0	0	0	0	0	0	0	0	0	0	0	0	0	0,0000	0,0000	193,0182
2021-11-10	20:36:00		60	0	0	0	0	0	0	0	0	0	0	0	0	0	0	0	0	0	0	0	0	0,0000	0,0000	193,0182
2021-11-10	20:37:00		60	0	0	0	0	0	0	0	0	0	0	0	0	0	0	0	0	0	0	0	0	0,0000	0,0000	193,0182
2021-11-10	20:38:00		60	0	0	0	0	0	0	0	0	0	0	0	0	0	0	0	0	0	0	0	0	0,0000	0,0000	193,0182
2021-11-10	20:39:00		60	0	0	0	0	0	0	0	0	0	0	0	0	0	0	0	0	0	0	0	0	0,0000	0,0000	193,0182
2021-11-10	20:40:00		60	0	0	0	0	0	0	0	0	0	0	0	0	0	0	0	0	0	0	0	0	0,0000	0,0000	193,0182
2021-11-10	20:41:00		60	0	0	0	0	0	0	0	0	0	0	0	0	0	0	0	0	0	0	0	0	0,0000	0,0000	193,0182
2021-11-10	20:42:00		60	0	0	0	0	0	0	0	0	0	0	0	0	0	0	0	0	0	0	0	0	0,0000	0,0000	193,0182
2021-11-10	20:43:00		60	0	0	0	0	0	0	0	0	0	0	0	0	0	0	0	0	0	0	0	0	0,0000	0,0000	193,0182
2021-11-10	20:44:00		60	0	0	0	0	0	0	0	0	0	0	0	0	0	0	0	0	0	0	0	0	0,0000	0,0000	193,0182
2021-11-10	20:45:00		60	0	0	0	0	0	0	0	0	0	0	0	0	0	0	0	0	0	0	0	0	0,0000	0,0000	193,0182
2021-11-10	20:46:00		60	0	0	0	0	0	0	0	0	0	0	0	0	0	0	0	0	0	0	0	0	0,0000	0,0000	193,0182
2021-11-10	20:47:00		60	0	0	0	0	0	0	0	0	0	0	0	0	0	0	0	0	0	0	0	0	0,0000	0,0000	193,0182
2021-11-10	20:48:00		60	0	0	0	0	0	0	0	0	0	0	0	0	0	0	0	0	0	0	0	0	0,0000	0,0000	193,0182
2021-11-10	20:49:00		60	0	0	0	0	0	0	0	0	0	0	0	0	0	0	0	0	0	0	0	0	0,0000	0,0000	193,0182
2021-11-10	20:50:00		60	0	0	0	0	0	0	0	0	0	0	0	0	0	0	0	0	0	0	0	0	0,0000	0,0000	193,0182
2021-11-10	20:51:00		60	0	0	0	0	0	0	0	0	0	0	0	0	0	0	0	0	0	0	0	0	0,0000	0,0000	193,0182
2021-11-10	20:52:00		60	0	0	0	0	0	0	0	0	0	0	0	0	0	0	0	0	0	0	0	0	0,0000	0,0000	193,0182
2021-11-10	20:53:00		60	0	0	0	0	0	0	0	0	0	0	0	0	0	0	0	0	0	0	0	0	0,0000	0,0000	193,0182
2021-11-10	20:54:00		60	0	0	0	0	0	0	0	0	0	0	0	0	0	0	0	0	0	0	0	0	0,0000	0,0000	193,0182
2021-11-10	20:55:00		60	0	0	0	0	0	0	0	0	0	0	0	0	0	0	0	0	0	0	0	0	0,0000	0,0000	193,0182
2021-11-10	20:56:00		60	0	0	0	0	0	0	0	0	0	0	0	0	0	0	0	0	0	0	0	0	0,0000	0,0000	193,0182
2021-11-10	20:57:00		60	0	0	0	0	0	0	0	0	0	0	0	0	0	0	0	0	0	0	0	0	0,0000	0,0000	193,0182
2021-11-10	20:58:00		60	0	0	0	0	0	0	0	0	0	0	0	0	0	0	0	0	0	0	0	0	0,0000	0,0000	193,0182
2021-11-10	20:59:00		60	0	0	0	0	0	0	0	0	0	0	0	0	0	0	0	0	0	0	0	0	0,0000	0,0000	193,0182
2021-11-10	21:00:00		60	0	0	0	0	0	0	0	0	0	0	0	0	0	0	0	0	0	0	0	0	0,0000	0,0000	193,0182
2021-11-10	21:01:00		60	0	0	0	0	0	0	0	0	0	0	0	0	0	0	0	0	0	0	0	0	0,0000	0,0000	193,0182
2021-11-10	21:02:00		60	0	0	0	0	0	0	0	0	0	0	0	0	0	0	0	0	0	0	0	0	0,0000	0,0000	193,0182
2021-11-10	21:03:00		60	0	0	0	0	0	0	0	0	0	0	0	0	0	0	0	0	0	0	0	0	0,0000	0,0000	193,0182
2021-11-10	21:04:00		60	0	0	0	0	0	0	0	0	0	0	0	0	0	0	0	0	0	0	0	0	0,0000	0,0000	193,0182
2021-11-10	21:05:00		60	0	0	0	0	0	0	0	0	0	0	0	0	0	0	0	0	0	0	0	0	0,0000	0,0000	193,0182
2021-11-10	21:06:00		60	0	0	0	0	0	0	0	0	0	0	0	0	0	0	0	0	0	0	0	0	0,0000	0,0000	193,0182
2021-11-10	21:07:00		60	0	0	0	0	0	0	0	0	0	0	0	0	0	0	0	0	0	0	0	0	0,0000	0,0000	193,0182
2021-11-10	21:08:00		60	0	0	0	0	0	0	0	0	0	0	0	0	0	0	0	0	0	0	0	0	0,0000	0,0000	193,0182
2021-11-10	21:09:00		60	0	0	0	0	0	0	0	0	0	0	0	0	0	0	0	0	0	0	0	0	0,0000	0,0000	193,0182
2021-11-10	21:10:00		60	0	0	0	0	0	0	0	0	0	0	0	0	0	0	0	0	0	0	0	0	0,0000	0,0000	193,0182
2021-11-10	21:11:00		60	0	0	0	0	0	0	0	0	0	0	0	0	0	0	0	0	0	0	0	0	0,0000	0,0000	193,0182
2021-11-10	21:12:00		60	0	0	0	0	0	0	0	0	0	0	0	0	0	0	0	0	0	0	0	0	0,0000	0,0000	193,0182
2021-11-10	21:13:00		60	0	0	0	0	0	0	0	0	0	0	0	0	0	0	0	0	0	0	0	0	0,0000	0,0000	193,0182
2021-11-10	21:14:00		60	0	0	0	0	0	0	0	0	0	0	0	0	0	0	0	0	0	0	0	0	0,0000	0,0000	193,0182
2021-11-10	21:15:00		60	0	0	0	0	0	0	0	0	0	0	0	0	0	0	0	0	0	0	0	0	0,0000	0,0000	193,0182
2021-11-10	21:16:00		60	0	0	0	0	0	0	0	0	0	0	0	0	0	0	0	0	0	0	0	0	0,0000	0,0000	193,0182
2021-11-10	21:17:00		60	0	0	0	0	0	0	0	0	0	0	0	0	0	0	0	0	0	0	0	0	0,0000	0,0000	193,0182
2021-11-10	21:18:00		60	0	0	0	0	0	0	0	0	0	0	0	0	0	0	0	0	0	0	0	0	0,0000	0,0000	193,0182
2021-11-10	21:19:00		60	0	0	0	0	0	0	0	0	0	0	0	0	0	0	0	0	0	0	0	0	0,0000	0,0000	193,0182
2021-11-10	21:20:00		60	0	0	0	0	0	0	0	0	0	0	0	0	0	0	0	0	0	0	0	0	0,0000	0,0000	193,0182
2021-11-10	21:21:00		60	0	0	0	0	0	0	0	0	0	0	0	0	0	0	0	0	0	0	0	0	0,0000	0,0000	193,0182
2021-11-10	21:22:00		60	0	0	0	0	0	0	0	0	0	0	0	0	0	0	0	0	0	0	0	0	0,0000	0,0000	193,0182
2021-11-10	21:23:00		60	0	0	0	0	0	0	0	0	0	0	0	0	0	0	0	0	0	0	0	0	0,0000	0,0000	193,0182
2021-11-10	21:24:00		60	0	0	0	0	0	0	0	0	0	0	0	0	0	0	0	0	0	0	0	0	0,0000	0,0000	193,0182
2021-11-10	21:25:00		60	0	0	0	0	0	0	0	0	0	0	0	0	0	0	0	0	0	0	0	0	0,0000	0,0000	193,0182
2021-11-10	21:26:00		60	0	0	0	0	0	0	0	0	0	0	0	0	0	0	0	0	0	0	0	0	0,0000	0,0000	193,0182
2021-11-10	21:27:00		60	0	0	0	0	0	0	0	0	0	0	0	0	0	0	0	0	0	0	0	0	0,0000	0,0000	193,0182
2021-11-10	21:28:00		60	0	0	0	0	0	0	0	0	0	0	0	0	0	0	0	0	0	0	0	0	0,0000	0,0000	193,0182
2021-11-10	21:29:00		60	0	0	0	0	0	0	0	0	0	0	0	0	0	0	0	0	0	0	0	0	0,0000	0,0000	193,0182
2021-11-10	21:30:00		60	0	0	0	0	0	0	0	0	0	0	0	0	0	0	0	0	0	0	0	0	0,0000	0,0000	193,0182
2021-11-10	21:31:00		60	0	0	0	0	0	0	0	0	0	0	0	0	0	0	0	0	0	0	0	0	0,0000	0,0000	193,0182
2021-11-10	21:32:00		60	0	0	0	0	0	0	0	0	0	0	0	0	0	0	0	0	0	0	0	0	0,0000	0,0000	193,0182
2021-11-10	21:33:00		60	0	0	0	0	0	0	0	0	0	0	0	0	0	0	0	0	0	0	0	0	0,0000	0,0000	193,0182
2021-11-10	21:34:00		60	0	0	0	0	0	0	0	0	0	0	0	0	0	0	0	0	0	0	0	0	0,0000	0,0000	193,0182
2021-11-10	21:35:00		60	0	0	0	0	0	0	0	0	0	0	0	0	0	0	0	0	0	0	0	0	0,0000	0,0000	193,0182
2021-11-10	21:36:00		60	0	0	0	0	0	0	0	0	0	0	0	0	0	0	0	0	0	0	0	0	0,0000	0,0000	193,0182
2021-11-10	21:37:00		60	0	0	0	0	0	0	0	0	0	0	0	0	0	0	0	0	0	0	0	0	0,0000	0,0000	193,0182
2021-11-10	21:38:00		60	0	0	0	0	0	0	0	0	0	0	0	0	0	0	0	0	0	0	0	0	0,0000	0,0000	193,0182
2021-11-10	21:39:00		60	0	0	0	0	0	0	0	0	0	0	0	0	0	0	0	0	0	0	0	0	0,0000	0,0000	193,0182
2021-11-10	21:40:00		60	0	0	0	0	0	0	0	0	0	0	0	0	0	0	0	0	0	0	0	0	0,0000	0,0000	193,0182
2021-11-10	21:41:00		60	0	0	0	0	0	0	0	0	0	0	0	0	0	0	0	0	0	0	0	0	0,0000	0,0000	193,0182
2021-11-10	21:42:00		60	0	0	0	0	0	0	0	0	0	0	0	0	0	0	0	0	0	0	0	0	0,0000	0,0000	193,0182
2021-11-10	21:43:00		60	0	0	0	0	0	0	0	0	0	0	0	0	0	0	0	0	0	0	0	0	0,0000	0,0000	193,0182
2021-11-10	21:44:00		60	0	0	0	0	0	0	0	0	0	0	0	0	0	0	0	0	0	0	0	0	0,0000	0,0000	193,0182
2021-11-10	21:45:00		60	0	0	0	0	0	0	0	0	0	0	0	0	0	0	0	0	0	0	0	0	0,0000	0,0000	193,0182
2021-11-10	21:46:00		60	0	0	0	0	0	0	0	0	0	0	0	0	0	0	0	0	0	0	0	0	0,0000	0,0000	193,0182
2021-11-10	21:47:00		60	0	0	0	0	0	0	0	0	0	0	0	0	0	0	0	0	0	0	0	0	0,0000	0,0000	193,0182
2021-11-10	21:48:00		60	0	0	0	0	0	0	0	0	0	0	0	0	0	0	0	0	0	0	0	0	0,0000	0,0000	193,0182
2021-11-10	21:49:00		60	0	0	0	0	0	0	0	0	0	0	0	0	0	0	0	0	0	0	0	0	0,0000	0,0000	193,0182
2021-11-10	21:50:00		60	0	0	0	0	0	0	0	0	0	0	0	0	0	0	0	0	0	0	0	0	0,0000	0,0000	193,0182
2021-11-10	21:51:00		60	0	0	0	0	0	0	0	0	0	0	0	0	0	0	0	0	0	0	0	0	0,0000	0,0000	193,0182
2021-11-10	21:52:00		60	0	0	0	0	0	0	0	0	0	0	0	0	0	0	0	0	0	0	0	0	0,0000	0,0000	193,0182
2021-11-10	21:53:00		60	0	0	0	0	0	0	0	0	0	0	0	0	0	0	0	0	0	0	0	0	0,0000	0,0000	193,0182
2021-11-10	21:54:00		60	0	0	0	0	0	0	0	0	0	0	0	0	0	0	0	0	0	0	0	0	0,0000	0,0000	193,0182
2021-11-10	21:55:00		60	0	0	0	0	0	0	0	0	0	0	0	0	0	0	0	0	0	0	0	0	0,0000	0,0000	193,0182
2021-11-10	21:56:00		60	0	0	0	0	0	0	0	0	0	0	0	0	0	0	0	0	0	0	0	0	0,0000	0,0000	193,0182
2021-11-10	21:57:00		60	0	0	0	0	0	0	0	0	0	0	0	0	0	0	0	0	0	0	0	0	0,0000	0,0000	193,0182
2021-11-10	21:58:00		60	0	0	0	0	0	0	0	0	0	0	0	0	0	0	0	0	0	0	0	0	0,0000	0,0000	193,0182
2021-11-10	21:59:00		60	0	0	0	0	0	0	0	0	0	0	0	0	0	0	0	0	0	0	0	0	0,0000	0,0000	193,0182
2021-11-10	22:00:00		60	0	0	0	0	0	0	0	0	0	0	0	0	0	0	0	0	0	0	0	0	0,0000	0,0000	193,0182
2021-11-10	22:01:00		60	0	0	0	0	0	0	0	0	0	0	0	0	0	0	0	0	0	0	0	0	0,0000	0,0000	193,0182
2021-11-10	22:02:00		60	0	0	0	0	0	0	0	0	0	0	0	0	0	0	0	0	0	0	0	0	0,0000	0,0000	193,0182
2021-11-10	22:03:00		60	0	0	0	0	0	0	0	0	0	0	0	0	0	0	0	0	0	0	0	0	0,0000	0,0000	193,0182
2021-11-10	22:04:00		60	0	0	0	0	0	0	0	0	0	0	0	0	0	0	0	0	0	0	0	0	0,0000	0,0000	193,0182
2021-11-10	22:05:00		60	0	0	0	0	0	0	0	0	0	0	0	0	0	0	0	0	0	0	0	0	0,0000	0,0000	193,0182
2021-11-10	22:06:00		60	0	0	0	0	0	0	0	0	0	0	0	0	0	0	0	0	0	0	0	0	0,0000	0,0000	193,0182
2021-11-10	22:07:00		60	0	0	0	0	0	0	0	0	0	0	0	0	0	0	0	0	0	0	0	0	0,0000	0,0000	193,0182
2021-11-10	22:08:00		60	0	0	0	0	0	0	0	0	0	0	0	0	0	0	0	0	0	0	0	0	0,0000	0,0000	193,0182
2021-11-10	22:09:00		60	0	0	0	0	0	0	0	0	0	0	0	0	0	0	0	0	0	0	0	0	0,0000	0,0000	193,0182
2021-11-10	22:10:00		60	0	0	0	0	0	0	0	0	0	0	0	0	0	0	0	0	0	0	0	0	0,0000	0,0000	193,0182
2021-11-10	22:11:00		60	0	0	0	0	0	0	0	0	0	0	0	0	0	0	0	0	0	0	0	0	0,0000	0,0000	193,0182
2021-11-10	22:12:00		60	0	0	0	0	0	0	0	0	0	0	0	0	0	0	0	0	0	0	0	0	0,0000	0,0000	193,0182
2021-11-10	22:13:00		60	0	0	0	0	0	0	0	0	0	0	0	0	0	0	0	0	0	0	0	0	0,0000	0,0000	193,0182
2021-11-10	22:14:00		60	0	0	0	0	0	0	0	0	0	0	0	0	0	0	0	0	0	0	0	0	0,0000	0,0000	193,0182
2021-11-10	22:15:00		60	0	0	0	0	0	0	0	0	0	0	0	0	0	0	0	0	0	0	0	0	0,0000	0,0000	193,0182
2021-11-10	22:16:00		60	0	0	0	0	0	0	0	0	0	0	0	0	0	0	0	0	0	0	0	0	0,0000	0,0000	193,0182
2021-11-10	22:17:00		60	0	0	0	0	0	0	0	0	0	0	0	0	0	0	0	0	0	0	0	0	0,0000	0,0000	193,0182
2021-11-10	22:18:00		60	0	0	0	0	0	0	0	0	0	0	0	0	0	0	0	0	0	0	0	0	0,0000	0,0000	193,0182
2021-11-10	22:19:00		60	0	0	0	0	0	0	0	0	0	0	0	0	0	0	0	0	0	0	0	0	0,0000	0,0000	193,0182
2021-11-10	22:20:00		60	0	0	0	0	0	0	0	0	0	0	0	0	0	0	0	0	0	0	0	0	0,0000	0,0000	193,0182
2021-11-10	22:21:00		60	0	0	0	0	0	0	0	0	0	0	0	0	0	0	0	0	0	0	0	0	0,0000	0,0000	193,0182
2021-11-10	22:22:00		60	0	0	0	0	0	0	0	0	0	0	0	0	0	0	0	0	0	0	0	0	0,0000	0,0000	193,0182
2021-11-10	22:23:00		60	0	0	0	0	0	0	0	0	0	0	0	0	0	0	0	0	0	0	0	0	0,0000	0,0000	193,0182
2021-11-10	22:24:00		60	0	0	0	0	0	0	0	0	0	0	0	0	0	0	0	0	0	0	0	0	0,0000	0,0000	193,0182
2021-11-10	22:25:00		60	0	0	0	0	0	0	0	0	0	0	0	0	0	0	0	0	0	0	0	0	0,0000	0,0000	193,0182
2021-11-10	22:26:00		60	0	0	0	0	0	0	0	0	0	0	0	0	0	0	0	0	0	0	0	0	0,0000	0,0000	193,0182
2021-11-10	22:27:00		60	0	0	0	0	0	0	0	0	0	0	0	0	0	0	0	0	0	0	0	0	0,0000	0,0000	193,0182
2021-11-10	22:28:00		60	0	0	0	0	0	0	0	0	0	0	0	0	0	0	0	0	0	0	0	0	0,0000	0,0000	193,0182
2021-11-10	22:29:00		60	0	0	0	0	0	0	0	0	0	0	0	0	0	0	0	0	0	0	0	0	0,0000	0,0000	193,0182
2021-11-10	22:30:00		60	0	0	0	0	0	0	0	0	0	0	0	0	0	0	0	0	0	0	0	0	0,0000	0,0000	193,0182
2021-11-10	22:31:00		60	0	0	0	0	0	0	0	0	0	0	0	0	0	0	0	0	0	0	0	0	0,0000	0,0000	193,0182
2021-11-10	22:32:00		60	0	0	0	0	0	0	0	0	0	0	0	0	0	0	0	0	0	0	0	0	0,0000	0,0000	193,0182
2021-11-10	22:33:00		60	0	0	0	0	0	0	0	0	0	0	0	0	0	0	0	0	0	0	0	0	0,0000	0,0000	193,0182
2021-11-10	22:34:00		60	0	0	0	0	0	0	0	0	0	0	0	0	0	0	0	0	0	0	0	0	0,0000	0,0000	193,0182
2021-11-10	22:35:00		60	0	0	0	0	0	0	0	0	0	0	0	0	0	0	0	0	0	0	0	0	0,0000	0,0000	193,0182
2021-11-10	22:36:00		60	0	0	0	0	0	0	0	0	0	0	0	0	0	0	0	0	0	0	0	0	0,0000	0,0000	193,0182
2021-11-10	22:37:00		60	0	0	0	0	0	0	0	0	0	0	0	0	0	0	0	0	0	0	0	0	0,0000	0,0000	193,0182
2021-11-10	22:38:00		60	0	0	0	0	0	0	0	0	0	0	0	0	0	0	0	0	0	0	0	0	0,0000	0,0000	193,0182
2021-11-10	22:39:00		60	0	0	0	0	0	0	0	0	0	0	0	0	0	0	0	0	0	0	0	0	0,0000	0,0000	193,0182
2021-11-10	22:40:00		60	0	0	0	0	0	0	0	0	0	0	0	0	0	0	0	0	0	0	0	0	0,0000	0,0000	193,0182
2021-11-10	22:41:00		60	0	0	0	0	0	0	0	0	0	0	0	0	0	0	0	0	0	0	0	0	0,0000	0,0000	193,0182
2021-11-10	22:42:00		60	0	0	0	0	0	0	0	0	0	0	0	0	0	0	0	0	0	0	0	0	0,0000	0,0000	193,0182
2021-11-10	22:43:00		60	0	0	0	0	0	0	0	0	0	0	0	0	0	0	0	0	0	0	0	0	0,0000	0,0000	193,0182
2021-11-10	22:44:00		60	0	0	0	0	0	0	0	0	0	0	0	0	0	0	0	0	0	0	0	0	0,0000	0,0000	193,0182
2021-11-10	22:45:00		60	0	0	0	0	0	0	0	0	0	0	0	0	0	0	0	0	0	0	0	0	0,0000	0,0000	193,0182
2021-11-10	22:46:00		60	0	0	0	0	0	0	0	0	0	0	0	0	0	0	0	0	0	0	0	0	0,0000	0,0000	193,0182
2021-11-10	22:47:00		60	0	0	0	0	0	0	0	0	0	0	0	0	0	0	0	0	0	0	0	0	0,0000	0,0000	193,0182
2021-11-10	22:48:00		60	0	0	0	0	0	0	0	0	0	0	0	0	0	0	0	0	0	0	0	0	0,0000	0,0000	193,0182
2021-11-10	22:49:00		60	0	0	0	0	0	0	0	0	0	0	0	0	0	0	0	0	0	0	0	0	0,0000	0,0000	193,0182
2021-11-10	22:50:00		60	0	0	0	0	0	0	0	0	0	0	0	0	0	0	0	0	0	0	0	0	0,0000	0,0000	193,0182
2021-11-10	22:51:00		60	0	0	0	0	0	0	0	0	0	0	0	0	0	0	0	0	0	0	0	0	0,0000	0,0000	193,0182
2021-11-10	22:52:00		60	0	0	0	0	0	0	0	0	0	0	0	0	0	0	0	0	0	0	0	0	0,0000	0,0000	193,0182
2021-11-10	22:53:00		60	0	0	0	0	0	0	0	0	0	0	0	0	0	0	0	0	0	0	0	0	0,0000	0,0000	193,0182
2021-11-10	22:54:00		60	0	0	0	0	0	0	0	0	0	0	0	0	0	0	0	0	0	0	0	0	0,0000	0,0000	193,0182
2021-11-10	22:55:00		60	0	0	0	0	0	0	0	0	0	0	0	0	0	0	0	0	0	0	0	0	0,0000	0,0000	193,0182
2021-11-10	22:56:00		60	0	0	0	0	0	0	0	0	0	0	0	0	0	0	0	0	0	0	0	0	0,0000	0,0000	193,0182
2021-11-10	22:57:00		60	0	0	0	0	0	0	0	0	0	0	0	0	0	0	0	0	0	0	0	0	0,0000	0,0000	193,0182
2021-11-10	22:58:00		60	0	0	0	0	0	0	0	0	0	0	0	0	0	0	0	0	0	0	0	0	0,0000	0,0000	193,0182
2021-11-10	22:59:00		60	0	0	0	0	0	0	0	0	0	0	0	0	0	0	0	0	0	0	0	0	0,0000	0,0000	193,0182
2021-11-10	23:00:00		60	0	0	0	0	0	0	0	0	0	0	0	0	0	0	0	0	0	0	0	0	0,0000	0,0000	193,0182
2021-11-10	23:01:00		60	0	0	0	0	0	0	0	0	0	0	0	0	0	0	0	0	0	0	0	0	0,0000	0,0000	193,0182
2021-11-10	23:02:00		60	0	0	0	0	0	0	0	0	0	0	0	0	0	0	0	0	0	0	0	0	0,0000	0,0000	193,0182
2021-11-10	23:03:00		60	0	0	0	0	0	0	0	0	0	0	0	0	0	0	0	0	0	0	0	0	0,0000	0,0000	193,0182
2021-11-10	23:04:00		60	0	0	0	0	0	0	0	0	0	0	0	0	0	0	0	0	0	0	0	0	0,0000	0,0000	193,0182
2021-11-10	23:05:00		60	0	0	0	0	0	0	0	0	0	0	0	0	0	0	0	0	0	0	0	0	0,0000	0,0000	193,0182
2021-11-10	23:06:00		60	0	0	0	0	0	0	0	0	0	0	0	0	0	0	0	0	0	0	0	0	0,0000	0,0000	193,0182
2021-11-10	23:07:00		60	0	0	0	0	0	0	0	0	0	0	0	0	0	0	0	0	0	0	0	0	0,0000	0,0000	193,0182
2021-11-10	23:08:00		60	0	0	0	0	0	0	0	0	0	0	0	0	0	0	0	0	0	0	0	0	0,0000	0,0000	193,0182
2021-11-10	23:09:00		60	0	0	0	0	0	0	0	0	0	0	0	0	0	0	0	0	0	0	0	0	0,0000	0,0000	193,0182
2021-11-10	23:10:00		60	0	0	0	0	0	0	0	0	0	0	0	0	0	0	0	0	0	0	0	0	0,0000	0,0000	193,0182
2021-11-10	23:11:00		60	0	0	0	0	0	0	0	0	0	0	0	0	0	0	0	0	0	0	0	0	0,0000	0,0000	193,0182
2021-11-10	23:12:00		60	0	0	0	0	0	0	0	0	0	0	0	0	0	0	0	0	0	0	0	0	0,0000	0,0000	193,0182
2021-11-10	23:13:00		60	0	0	0	0	0	0	0	0	0	0	0	0	0	0	0	0	0	0	0	0	0,0000	0,0000	193,0182
2021-11-10	23:14:00		60	0	0	0	0	0	0	0	0	0	0	0	0	0	0	0	0	0	0	0	0	0,0000	0,0000	193,0182
2021-11-10	23:15:00		60	0	0	0	0	0	0	0	0	0	0	0	0	0	0	0	0	0	0	0	0	0,0000	0,0000	193,0182
2021-11-10	23:16:00		60	0	0	0	0	0	0	0	0	0	0	0	0	0	0	0	0	0	0	0	0	0,0000	0,0000	193,0182
2021-11-10	23:17:00		60	0	0	0	0	0	0	0	0	0	0	0	0	0	0	0	0	0	0	0	0	0,0000	0,0000	193,0182
2021-11-10	23:18:00		60	0	0	0	0	0	0	0	0	0	0	0	0	0	0	0	0	0	0	0	0	0,0000	0,0000	193,0182
2021-11-10	23:19:00		60	0	0	0	0	0	0	0	0	0	0	0	0	0	0	0	0	0	0	0	0	0,0000	0,0000	193,0182
2021-11-10	23:20:00		60	0	0	0	0	0	0	0	0	0	0	0	0	0	0	0	0	0	0	0	0	0,0000	0,0000	193,0182
2021-11-10	23:21:00		60	0	0	0	0	0	0	0	0	0	0	0	0	0	0	0	0	0	0	0	0	0,0000	0,0000	193,0182
2021-11-10	23:22:00		60	0	0	0	0	0	0	0	0	0	0	0	0	0	0	0	0	0	0	0	0	0,0000	0,0000	193,0182
2021-11-10	23:23:00		60	0	0	0	0	0	0	0	0	0	0	0	0	0	0	0	0	0	0	0	0	0,0000	0,0000	193,0182
2021-11-10	23:24:00		60	0	0	0	0	0	0	0	0	0	0	0	0	0	0	0	0	0	0	0	0	0,0000	0,0000	193,0182
2021-11-10	23:25:00		60	0	0	0	0	0	0	0	0	0	0	0	0	0	0	0	0	0	0	0	0	0,0000	0,0000	193,0182
2021-11-10	23:26:00		60	0	0	0	0	0	0	0	0	0	0	0	0	0	0	0	0	0	0	0	0	0,0000	0,0000	193,0182
2021-11-10	23:27:00		60	0	0	0	0	0	0	0	0	0	0	0	0	0	0	0	0	0	0	0	0	0,0000	0,0000	193,0182
2021-11-10	23:28:00		60	0	0	0	0	0	0	0	0	0	0	0	0	0	0	0	0	0	0	0	0	0,0000	0,0000	193,0182
2021-11-10	23:29:00		60	0	0	0	0	0	0	0	0	0	0	0	0	0	0	0	0	0	0	0	0	0,0000	0,0000	193,0182
2021-11-10	23:30:00		60	0	0	0	0	0	0	0	0	0	0	0	0	0	0	0	0	0	0	0	0	0,0000	0,0000	193,0182
2021-11-10	23:31:00		60	0	0	0	0	0	0	0	0	0	0	0	0	0	0	0	0	0	0	0	0	0,0000	0,0000	193,0182
2021-11-10	23:32:00		60	0	0	0	0	0	0	0	0	0	0	0	0	0	0	0	0	0	0	0	0	0,0000	0,0000	193,0182
2021-11-10	23:33:00		60	0	0	0	0	0	0	0	0	0	0	0	0	0	0	0	0	0	0	0	0	0,0000	0,0000	193,0182
2021-11-10	23:34:00		60	0	0	0	0	0	0	0	0	0	0	0	0	0	0	0	0	0	0	0	0	0,0000	0,0000	193,0182
2021-11-10	23:35:00		60	0	0	0	0	0	0	0	0	0	0	0	0	0	0	0	0	0	0	0	0	0,0000	0,0000	193,0182
2021-11-10	23:36:00		60	0	0	0	0	0	0	0	0	0	0	0	0	0	0	0	0	0	0	0	0	0,0000	0,0000	193,0182
2021-11-10	23:37:00		60	0	0	0	0	0	0	0	0	0	0	0	0	0	0	0	0	0	0	0	0	0,0000	0,0000	193,0182
2021-11-10	23:38:00		60	0	0	0	0	0	0	0	0	0	0	0	0	0	0	0	0	0	0	0	0	0,0000	0,0000	193,0182
2021-11-10	23:39:00		60	0	0	0	0	0	0	0	0	0	0	0	0	0	0	0	0	0	0	0	0	0,0000	0,0000	193,0182
2021-11-10	23:40:00		60	0	0	0	0	0	0	0	0	0	0	0	0	0	0	0	0	0	0	0	0	0,0000	0,0000	193,0182
2021-11-10	23:41:00		60	0	0	0	0	0	0	0	0	0	0	0	0	0	0	0	0	0	0	0	0	0,0000	0,0000	193,0182
2021-11-10	23:42:00		60	0	0	0	0	0	0	0	0	0	0	0	0	0	0	0	0	0	0	0	0	0,0000	0,0000	193,0182
2021-11-10	23:43:00		60	0	0	0	0	0	0	0	0	0	0	0	0	0	0	0	0	0	0	0	0	0,0000	0,0000	193,0182
2021-11-10	23:44:00		60	0	0	0	0	0	0	0	0	0	0	0	0	0	0	0	0	0	0	0	0	0,0000	0,0000	193,0182
2021-11-10	23:45:00		60	0	0	0	0	0	0	0	0	0	0	0	0	0	0	0	0	0	0	0	0	0,0000	0,0000	193,0182
2021-11-10	23:46:00		60	0	0	0	0	0	0	0	0	0	0	0	0	0	0	0	0	0	0	0	0	0,0000	0,0000	193,0182
2021-11-10	23:47:00		60	0	0	0	0	0	0	0	0	0	0	0	0	0	0	0	0	0	0	0	0	0,0000	0,0000	193,0182
2021-11-10	23:48:00		60	0	0	0	0	0	0	0	0	0	0	0	0	0	0	0	0	0	0	0	0	0,0000	0,0000	193,0182
2021-11-10	23:49:00		60	0	0	0	0	0	0	0	0	0	0	0	0	0	0	0	0	0	0	0	0	0,0000	0,0000	193,0182
2021-11-10	23:50:00		60	0	0	0	0	0	0	0	0	0	0	0	0	0	0	0	0	0	0	0	0	0,0000	0,0000	193,0182
2021-11-10	23:51:00		60	0	0	0	0	0	0	0	0	0	0	0	0	0	0	0	0	0	0	0	0	0,0000	0,0000	193,0182
2021-11-10	23:52:00		60	0	0	0	0	0	0	0	0	0	0	0	0	0	0	0	0	0	0	0	0	0,0000	0,0000	193,0182
2021-11-10	23:53:00		60	0	0	0	0	0	0	0	0	0	0	0	0	0	0	0	0	0	0	0	0	0,0000	0,0000	193,0182
2021-11-10	23:54:00		60	0	0	0	0	0	0	0	0	0	0	0	0	0	0	0	0	0	0	0	0	0,0000	0,0000	193,0182
2021-11-10	23:55:00		60	0	0	0	0	0	0	0	0	0	0	0	0	0	0	0	0	0	0	0	0	0,0000	0,0000	193,0182
2021-11-10	23:56:00		60	0	0	0	0	0	0	0	0	0	0	0	0	0	0	0	0	0	0	0	0	0,0000	0,0000	193,0182
2021-11-10	23:57:00		60	0	0	0	0	0	0	0	0	0	0	0	0	0	0	0	0	0	0	0	0	0,0000	0,0000	193,0182
2021-11-10	23:58:00		60	0	0	0	0	0	0	0	0	0	0	0	0	0	0	0	0	0	0	0	0	0,0000	0,0000	193,0182
2021-11-10	23:59:00		60	0	0	0	0	0	0	0	0	0	0	0	0	0	0	0	0	0	0	0	0	0,0000	0,0000	193,0182
2021-11-11	00:00:00		60	0	0	0	0	0	0	0	0	0	0	0	0	0	0	0	0	0	0	0	0	0,0000	0,0000	193,0182
2021-11-11	00:01:00		60	0	0	0	0	0	0	0	0	0	0	0	0	0	0	0	0	0	0	0	0	0,0000	0,0000	193,0182
2021-11-11	00:02:00		60	0	0	0	0	0	0	0	0	0	0	0	0	0	0	0	0	0	0	0	0	0,0000	0,0000	193,0182
2021-11-11	00:03:00		60	0	0	0	0	0	0	0	0	0	0	0	0	0	0	0	0	0	0	0	0	0,0000	0,0000	193,0182
2021-11-11	00:04:00		60	0	0	0	0	0	0	0	0	0	0	0	0	0	0	0	0	0	0	0	0	0,0000	0,0000	193,0182
2021-11-11	00:05:00		60	0	0	0	0	0	0	0	0	0	0	0	0	0	0	0	0	0	0	0	0	0,0000	0,0000	193,0182
2021-11-11	00:06:00		60	0	0	0	0	0	0	0	0	0	0	0	0	0	0	0	0	0	0	0	0	0,0000	0,0000	193,0182
2021-11-11	00:07:00		60	0	0	0	0	0	0	0	0	0	0	0	0	0	0	0	0	0	0	0	0	0,0000	0,0000	193,0182
2021-11-11	00:08:00		60	0	0	0	0	0	0	0	0	0	0	0	0	0	0	0	0	0	0	0	0	0,0000	0,0000	193,0182
2021-11-11	00:09:00		60	0	0	0	0	0	0	0	0	0	0	0	0	0	0	0	0	0	0	0	0	0,0000	0,0000	193,0182
2021-11-11	00:10:00		60	0	0	0	0	0	0	0	0	0	0	0	0	0	0	0	0	0	0	0	0	0,0000	0,0000	193,0182
2021-11-11	00:11:00		60	0	0	0	0	0	0	0	0	0	0	0	0	0	0	0	0	0	0	0	0	0,0000	0,0000	193,0182
2021-11-11	00:12:00		60	0	0	0	0	0	0	0	0	0	0	0	0	0	0	0	0	0	0	0	0	0,0000	0,0000	193,0182
2021-11-11	00:13:00		60	0	0	0	0	0	0	0	0	0	0	0	0	0	0	0	0	0	0	0	0	0,0000	0,0000	193,0182
2021-11-11	00:14:00		60	0	0	0	0	0	0	0	0	0	0	0	0	0	0	0	0	0	0	0	0	0,0000	0,0000	193,0182
2021-11-11	00:15:00		60	0	0	0	0	0	0	0	0	0	0	0	0	0	0	0	0	0	0	0	0	0,0000	0,0000	193,0182
2021-11-11	00:16:00		60	0	0	0	0	0	0	0	0	0	0	0	0	0	0	0	0	0	0	0	0	0,0000	0,0000	193,0182
2021-11-11	00:17:00		60	0	0	0	0	0	0	0	0	0	0	0	0	0	0	0	0	0	0	0	0	0,0000	0,0000	193,0182
2021-11-11	00:18:00		60	0	0	0	0	0	0	0	0	0	0	0	0	0	0	0	0	0	0	0	0	0,0000	0,0000	193,0182
2021-11-11	00:19:00		60	0	0	0	0	0	0	0	0	0	0	0	0	0	0	0	0	0	0	0	0	0,0000	0,0000	193,0182
2021-11-11	00:20:00		60	0	0	0	0	0	0	0	0	0	0	0	0	0	0	0	0	0	0	0	0	0,0000	0,0000	193,0182
2021-11-11	00:21:00		60	0	0	0	0	0	0	0	0	0	0	0	0	0	0	0	0	0	0	0	0	0,0000	0,0000	193,0182
2021-11-11	00:22:00		60	0	0	0	0	0	0	0	0	0	0	0	0	0	0	0	0	0	0	0	0	0,0000	0,0000	193,0182
2021-11-11	00:23:00		60	0	0	0	0	0	0	0	0	0	0	0	0	0	0	0	0	0	0	0	0	0,0000	0,0000	193,0182
2021-11-11	00:24:00		60	0	0	0	0	0	0	0	0	0	0	0	0	0	0	0	0	0	0	0	0	0,0000	0,0000	193,0182
2021-11-11	00:25:00		60	0	0	0	0	0	0	0	0	0	0	0	0	0	0	0	0	0	0	0	0	0,0000	0,0000	193,0182
2021-11-11	00:26:00		60	0	0	0	0	0	0	0	0	0	0	0	0	0	0	0	0	0	0	0	0	0,0000	0,0000	193,0182
2021-11-11	00:27:00		60	0	0	0	0	0	0	0	0	0	0	0	0	0	0	0	0	0	0	0	0	0,0000	0,0000	193,0182
2021-11-11	00:28:00		60	0	0	0	0	0	0	0	0	0	0	0	0	0	0	0	0	0	0	0	0	0,0000	0,0000	193,0182
2021-11-11	00:29:00		60	0	0	0	0	0	0	0	0	0	0	0	0	0	0	0	0	0	0	0	0	0,0000	0,0000	193,0182
2021-11-11	00:30:00		60	0	0	0	0	0	0	0	0	0	0	0	0	0	0	0	0	0	0	0	0	0,0000	0,0000	193,0182
2021-11-11	00:31:00		60	0	0	0	0	0	0	0	0	0	0	0	0	0	0	0	0	0	0	0	0	0,0000	0,0000	193,0182
2021-11-11	00:32:00		60	0	0	0	0	0	0	0	0	0	0	0	0	0	0	0	0	0	0	0	0	0,0000	0,0000	193,0182
2021-11-11	00:33:00		60	0	0	0	0	0	0	0	0	0	0	0	0	0	0	0	0	0	0	0	0	0,0000	0,0000	193,0182
2021-11-11	00:34:00		60	0	0	0	0	0	0	0	0	0	0	0	0	0	0	0	0	0	0	0	0	0,0000	0,0000	193,0182
2021-11-11	00:35:00		60	0	0	0	0	0	0	0	0	0	0	0	0	0	0	0	0	0	0	0	0	0,0000	0,0000	193,0182
2021-11-11	00:36:00		60	0	0	0	0	0	0	0	0	0	0	0	0	0	0	0	0	0	0	0	0	0,0000	0,0000	193,0182
2021-11-11	00:37:00		60	0	0	0	0	0	0	0	0	0	0	0	0	0	0	0	0	0	0	0	0	0,0000	0,0000	193,0182
2021-11-11	00:38:00		60	0	0	0	0	0	0	0	0	0	0	0	0	0	0	0	0	0	0	0	0	0,0000	0,0000	193,0182
2021-11-11	00:39:00		60	0	0	0	0	0	0	0	0	0	0	0	0	0	0	0	0	0	0	0	0	0,0000	0,0000	193,0182
2021-11-11	00:40:00		60	0	0	0	0	0	0	0	0	0	0	0	0	0	0	0	0	0	0	0	0	0,0000	0,0000	193,0182
2021-11-11	00:41:00		60	0	0	0	0	0	0	0	0	0	0	0	0	0	0	0	0	0	0	0	0	0,0000	0,0000	193,0182
2021-11-11	00:42:00		60	0	0	0	0	0	0	0	0	0	0	0	0	0	0	0	0	0	0	0	0	0,0000	0,0000	193,0182
2021-11-11	00:43:00		60	0	0	0	0	0	0	0	0	0	0	0	0	0	0	0	0	0	0	0	0	0,0000	0,0000	193,0182
2021-11-11	00:44:00		60	0	0	0	0	0	0	0	0	0	0	0	0	0	0	0	0	0	0	0	0	0,0000	0,0000	193,0182
2021-11-11	00:45:00		60	0	0	0	0	0	0	0	0	0	0	0	0	0	0	0	0	0	0	0	0	0,0000	0,0000	193,0182
2021-11-11	00:46:00		60	0	0	0	0	0	0	0	0	0	0	0	0	0	0	0	0	0	0	0	0	0,0000	0,0000	193,0182
2021-11-11	00:47:00		60	0	0	0	0	0	0	0	0	0	0	0	0	0	0	0	0	0	0	0	0	0,0000	0,0000	193,0182
2021-11-11	00:48:00		60	0	0	0	0	0	0	0	0	0	0	0	0	0	0	0	0	0	0	0	0	0,0000	0,0000	193,0182
2021-11-11	00:49:00		60	0	0	0	0	0	0	0	0	0	0	0	0	0	0	0	0	0	0	0	0	0,0000	0,0000	193,0182
2021-11-11	00:50:00		60	0	0	0	0	0	0	0	0	0	0	0	0	0	0	0	0	0	0	0	0	0,0000	0,0000	193,0182
2021-11-11	00:51:00		60	0	0	0	0	0	0	0	0	0	0	0	0	0	0	0	0	0	0	0	0	0,0000	0,0000	193,0182
2021-11-11	00:52:00		60	0	0	0	0	0	0	0	0	0	0	0	0	0	0	0	0	0	0	0	0	0,0000	0,0000	193,0182
2021-11-11	00:53:00		60	0	0	0	0	0	0	0	0	0	0	0	0	0	0	0	0	0	0	0	0	0,0000	0,0000	193,0182
2021-11-11	00:54:00		60	0	0	0	0	0	0	0	0	0	0	0	0	0	0	0	0	0	0	0	0	0,0000	0,0000	193,0182
2021-11-11	00:55:00		60	0	0	0	0	0	0	0	0	0	0	0	0	0	0	0	0	0	0	0	0	0,0000	0,0000	193,0182
2021-11-11	00:56:00		60	0	0	0	0	0	0	0	0	0	0	0	0	0	0	0	0	0	0	0	0	0,0000	0,0000	193,0182
2021-11-11	00:57:00		60	0	0	0	0	0	0	0	0	0	0	0	0	0	0	0	0	0	0	0	0	0,0000	0,0000	193,0182
2021-11-11	00:58:00		60	0	0	0	0	0	0	0	0	0	0	0	0	0	0	0	0	0	0	0	0	0,0000	0,0000	193,0182
2021-11-11	00:59:00		60	0	0	0	0	0	0	0	0	0	0	0	0	0	0	0	0	0	0	0	0	0,0000	0,0000	193,0182
2021-11-11	01:00:00		60	0	0	0	0	0	0	0	0	0	0	0	0	0	0	0	0	0	0	0	0	0,0000	0,0000	193,0182
2021-11-11	01:01:00		60	0	0	0	0	0	0	0	0	0	0	0	0	0	0	0	0	0	0	0	0	0,0000	0,0000	193,0182
2021-11-11	01:02:00		60	0	0	0	0	0	0	0	0	0	0	0	0	0	0	0	0	0	0	0	0	0,0000	0,0000	193,0182
2021-11-11	01:03:00		60	0	0	0	0	0	0	0	0	0	0	0	0	0	0	0	0	0	0	0	0	0,0000	0,0000	193,0182
2021-11-11	01:04:00		60	0	0	0	0	0	0	0	0	0	0	0	0	0	0	0	0	0	0	0	0	0,0000	0,0000	193,0182
2021-11-11	01:05:00		60	0	0	0	0	0	0	0	0	0	0	0	0	0	0	0	0	0	0	0	0	0,0000	0,0000	193,0182
2021-11-11	01:06:00		60	0	0	0	0	0	0	0	0	0	0	0	0	0	0	0	0	0	0	0	0	0,0000	0,0000	193,0182
2021-11-11	01:07:00		60	0	0	0	0	0	0	0	0	0	0	0	0	0	0	0	0	0	0	0	0	0,0000	0,0000	193,0182
2021-11-11	01:08:00		60	0	0	0	0	0	0	0	0	0	0	0	0	0	0	0	0	0	0	0	0	0,0000	0,0000	193,0182
2021-11-11	01:09:00		60	0	0	0	0	0	0	0	0	0	0	0	0	0	0	0	0	0	0	0	0	0,0000	0,0000	193,0182
2021-11-11	01:10:00		60	0	0	0	0	0	0	0	0	0	0	0	0	0	0	0	0	0	0	0	0	0,0000	0,0000	193,0182
2021-11-11	01:11:00		60	0	0	0	0	0	0	0	0	0	0	0	0	0	0	0	0	0	0	0	0	0,0000	0,0000	193,0182
2021-11-11	01:12:00		60	0	0	0	0	0	0	0	0	0	0	0	0	0	0	0	0	0	0	0	0	0,0000	0,0000	193,0182
2021-11-11	01:13:00		60	0	0	0	0	0	0	0	0	0	0	0	0	0	0	0	0	0	0	0	0	0,0000	0,0000	193,0182
2021-11-11	01:14:00		60	0	0	0	0	0	0	0	0	0	0	0	0	0	0	0	0	0	0	0	0	0,0000	0,0000	193,0182
2021-11-11	01:15:00		60	0	0	0	0	0	0	0	0	0	0	0	0	0	0	0	0	0	0	0	0	0,0000	0,0000	193,0182
2021-11-11	01:16:00		60	0	0	0	0	0	0	0	0	0	0	0	0	0	0	0	0	0	0	0	0	0,0000	0,0000	193,0182
2021-11-11	01:17:00		60	0	0	0	0	0	0	0	0	0	0	0	0	0	0	0	0	0	0	0	0	0,0000	0,0000	193,0182
2021-11-11	01:18:00		60	0	0	0	0	0	0	0	0	0	0	0	0	0	0	0	0	0	0	0	0	0,0000	0,0000	193,0182
2021-11-11	01:19:00		60	0	0	0	0	0	0	0	0	0	0	0	0	0	0	0	0	0	0	0	0	0,0000	0,0000	193,0182
2021-11-11	01:20:00		60	0	0	0	0	0	0	0	0	0	0	0	0	0	0	0	0	0	0	0	0	0,0000	0,0000	193,0182
2021-11-11	01:21:00		60	0	0	0	0	0	0	0	0	0	0	0	0	0	0	0	0	0	0	0	0	0,0000	0,0000	193,0182
2021-11-11	01:22:00		60	0	0	0	0	0	0	0	0	0	0	0	0	0	0	0	0	0	0	0	0	0,0000	0,0000	193,0182
2021-11-11	01:23:00		60	0	0	0	0	0	0	0	0	0	0	0	0	0	0	0	0	0	0	0	0	0,0000	0,0000	193,0182
2021-11-11	01:24:00		60	0	0	0	0	0	0	0	0	0	0	0	0	0	0	0	0	0	0	0	0	0,0000	0,0000	193,0182
2021-11-11	01:25:00		60	0	0	0	0	0	0	0	0	0	0	0	0	0	0	0	0	0	0	0	0	0,0000	0,0000	193,0182
2021-11-11	01:26:00		60	0	0	0	0	0	0	0	0	0	0	0	0	0	0	0	0	0	0	0	0	0,0000	0,0000	193,0182
2021-11-11	01:27:00		60	0	0	0	0	0	0	0	0	0	0	0	0	0	0	0	0	0	0	0	0	0,0000	0,0000	193,0182
2021-11-11	01:28:00		60	0	0	0	0	0	0	0	0	0	0	0	0	0	0	0	0	0	0	0	0	0,0000	0,0000	193,0182
2021-11-11	01:29:00		60	0	0	0	0	0	0	0	0	0	0	0	0	0	0	0	0	0	0	0	0	0,0000	0,0000	193,0182
2021-11-11	01:30:00		60	0	0	0	0	0	0	0	0	0	0	0	0	0	0	0	0	0	0	0	0	0,0000	0,0000	193,0182
2021-11-11	01:31:00		60	0	0	0	0	0	0	0	0	0	0	0	0	0	0	0	0	0	0	0	0	0,0000	0,0000	193,0182
2021-11-11	01:32:00		60	0	0	0	0	0	0	0	0	0	0	0	0	0	0	0	0	0	0	0	0	0,0000	0,0000	193,0182
2021-11-11	01:33:00		60	0	0	0	0	0	0	0	0	0	0	0	0	0	0	0	0	0	0	0	0	0,0000	0,0000	193,0182
2021-11-11	01:34:00		60	0	0	0	0	0	0	0	0	0	0	0	0	0	0	0	0	0	0	0	0	0,0000	0,0000	193,0182
2021-11-11	01:35:00		60	0	0	0	0	0	0	0	0	0	0	0	0	0	0	0	0	0	0	0	0	0,0000	0,0000	193,0182
2021-11-11	01:36:00		60	0	0	0	0	0	0	0	0	0	0	0	0	0	0	0	0	0	0	0	0	0,0000	0,0000	193,0182
2021-11-11	01:37:00		60	0	0	0	0	0	0	0	0	0	0	0	0	0	0	0	0	0	0	0	0	0,0000	0,0000	193,0182
2021-11-11	01:38:00		60	0	0	0	0	0	0	0	0	0	0	0	0	0	0	0	0	0	0	0	0	0,0000	0,0000	193,0182
2021-11-11	01:39:00		60	0	0	0	0	0	0	0	0	0	0	0	0	0	0	0	0	0	0	0	0	0,0000	0,0000	193,0182
2021-11-11	01:40:00		60	0	0	0	0	0	0	0	0	0	0	0	0	0	0	0	0	0	0	0	0	0,0000	0,0000	193,0182
2021-11-11	01:41:00		60	0	0	0	0	0	0	0	0	0	0	0	0	0	0	0	0	0	0	0	0	0,0000	0,0000	193,0182
2021-11-11	01:42:00		60	0	0	0	0	0	0	0	0	0	0	0	0	0	0	0	0	0	0	0	0	0,0000	0,0000	193,0182
2021-11-11	01:43:00		60	0	0	0	0	0	0	0	0	0	0	0	0	0	0	0	0	0	0	0	0	0,0000	0,0000	193,0182
2021-11-11	01:44:00		60	0	0	0	0	0	0	0	0	0	0	0	0	0	0	0	0	0	0	0	0	0,0000	0,0000	193,0182
2021-11-11	01:45:00		60	0	0	0	0	0	0	0	0	0	0	0	0	0	0	0	0	0	0	0	0	0,0000	0,0000	193,0182
2021-11-11	01:46:00		60	0	0	0	0	0	0	0	0	0	0	0	0	0	0	0	0	0	0	0	0	0,0000	0,0000	193,0182
2021-11-11	01:47:00		60	0	0	0	0	0	0	0	0	0	0	0	0	0	0	0	0	0	0	0	0	0,0000	0,0000	193,0182
2021-11-11	01:48:00		60	0	0	0	0	0	0	0	0	0	0	0	0	0	0	0	0	0	0	0	0	0,0000	0,0000	193,0182
2021-11-11	01:49:00		60	0	0	0	0	0	0	0	0	0	0	0	0	0	0	0	0	0	0	0	0	0,0000	0,0000	193,0182
2021-11-11	01:50:00		60	0	0	0	0	0	0	0	0	0	0	0	0	0	0	0	0	0	0	0	0	0,0000	0,0000	193,0182
2021-11-11	01:51:00		60	0	0	0	0	0	0	0	0	0	0	0	0	0	0	0	0	0	0	0	0	0,0000	0,0000	193,0182
2021-11-11	01:52:00		60	0	0	0	0	0	0	0	0	0	0	0	0	0	0	0	0	0	0	0	0	0,0000	0,0000	193,0182
2021-11-11	01:53:00		60	0	0	0	0	0	0	0	0	0	0	0	0	0	0	0	0	0	0	0	0	0,0000	0,0000	193,0182
2021-11-11	01:54:00		60	0	0	0	0	0	0	0	0	0	0	0	0	0	0	0	0	0	0	0	0	0,0000	0,0000	193,0182
2021-11-11	01:55:00		60	0	0	0	0	0	0	0	0	0	0	0	0	0	0	0	0	0	0	0	0	0,0000	0,0000	193,0182
2021-11-11	01:56:00		60	0	0	0	0	0	0	0	0	0	0	0	0	0	0	0	0	0	0	0	0	0,0000	0,0000	193,0182
2021-11-11	01:57:00		60	0	0	0	0	0	0	0	0	0	0	0	0	0	0	0	0	0	0	0	0	0,0000	0,0000	193,0182
2021-11-11	01:58:00		60	0	0	0	0	0	0	0	0	0	0	0	0	0	0	0	0	0	0	0	0	0,0000	0,0000	193,0182
2021-11-11	01:59:00		60	0	0	0	0	0	0	0	0	0	0	0	0	0	0	0	0	0	0	0	0	0,0000	0,0000	193,0182
2021-11-11	02:00:00		60	0	0	0	0	0	0	0	0	0	0	0	0	0	0	0	0	0	0	0	0	0,0000	0,0000	193,0182
2021-11-11	02:01:00		60	0	0	0	0	0	0	0	0	0	0	0	0	0	0	0	0	0	0	0	0	0,0000	0,0000	193,0182
2021-11-11	02:02:00		60	0	0	0	0	0	0	0	0	0	0	0	0	0	0	0	0	0	0	0	0	0,0000	0,0000	193,0182
2021-11-11	02:03:00		60	0	0	0	0	0	0	0	0	0	0	0	0	0	0	0	0	0	0	0	0	0,0000	0,0000	193,0182
2021-11-11	02:04:00		60	0	0	0	0	0	0	0	0	0	0	0	0	0	0	0	0	0	0	0	0	0,0000	0,0000	193,0182
2021-11-11	02:05:00		60	0	0	0	0	0	0	0	0	0	0	0	0	0	0	0	0	0	0	0	0	0,0000	0,0000	193,0182
2021-11-11	02:06:00		60	0	0	0	0	0	0	0	0	0	0	0	0	0	0	0	0	0	0	0	0	0,0000	0,0000	193,0182
2021-11-11	02:07:00		60	0	0	0	0	0	0	0	0	0	0	0	0	0	0	0	0	0	0	0	0	0,0000	0,0000	193,0182
2021-11-11	02:08:00		60	0	0	0	0	0	0	0	0	0	0	0	0	0	0	0	0	0	0	0	0	0,0000	0,0000	193,0182
2021-11-11	02:09:00		60	0	0	0	0	0	0	0	0	0	0	0	0	0	0	0	0	0	0	0	0	0,0000	0,0000	193,0182
2021-11-11	02:10:00		60	0	0	0	0	0	0	0	0	0	0	0	0	0	0	0	0	0	0	0	0	0,0000	0,0000	193,0182
2021-11-11	02:11:00		60	0	0	0	0	0	0	0	0	0	0	0	0	0	0	0	0	0	0	0	0	0,0000	0,0000	193,0182
2021-11-11	02:12:00		60	0	0	0	0	0	0	0	0	0	0	0	0	0	0	0	0	0	0	0	0	0,0000	0,0000	193,0182
2021-11-11	02:13:00		60	0	0	0	0	0	0	0	0	0	0	0	0	0	0	0	0	0	0	0	0	0,0000	0,0000	193,0182
2021-11-11	02:14:00		60	0	0	0	0	0	0	0	0	0	0	0	0	0	0	0	0	0	0	0	0	0,0000	0,0000	193,0182
2021-11-11	02:15:00		60	0	0	0	0	0	0	0	0	0	0	0	0	0	0	0	0	0	0	0	0	0,0000	0,0000	193,0182
2021-11-11	02:16:00		60	0	0	0	0	0	0	0	0	0	0	0	0	0	0	0	0	0	0	0	0	0,0000	0,0000	193,0182
2021-11-11	02:17:00		60	0	0	0	0	0	0	0	0	0	0	0	0	0	0	0	0	0	0	0	0	0,0000	0,0000	193,0182
2021-11-11	02:18:00		60	0	0	0	0	0	0	0	0	0	0	0	0	0	0	0	0	0	0	0	0	0,0000	0,0000	193,0182
2021-11-11	02:19:00		60	0	0	0	0	0	0	0	0	0	0	0	0	0	0	0	0	0	0	0	0	0,0000	0,0000	193,0182
2021-11-11	02:20:00		60	0	0	0	0	0	0	0	0	0	0	0	0	0	0	0	0	0	0	0	0	0,0000	0,0000	193,0182
2021-11-11	02:21:00		60	0	0	0	0	0	0	0	0	0	0	0	0	0	0	0	0	0	0	0	0	0,0000	0,0000	193,0182
2021-11-11	02:22:00		60	0	0	0	0	0	0	0	0	0	0	0	0	0	0	0	0	0	0	0	0	0,0000	0,0000	193,0182
2021-11-11	02:23:00		60	0	0	0	0	0	0	0	0	0	0	0	0	0	0	0	0	0	0	0	0	0,0000	0,0000	193,0182
2021-11-11	02:24:00		60	0	0	0	0	0	0	0	0	0	0	0	0	0	0	0	0	0	0	0	0	0,0000	0,0000	193,0182
2021-11-11	02:25:00		60	0	0	0	0	0	0	0	0	0	0	0	0	0	0	0	0	0	0	0	0	0,0000	0,0000	193,0182
2021-11-11	02:26:00		60	0	0	0	0	0	0	0	0	0	0	0	0	0	0	0	0	0	0	0	0	0,0000	0,0000	193,0182
2021-11-11	02:27:00		60	0	0	0	0	0	0	0	0	0	0	0	0	0	0	0	0	0	0	0	0	0,0000	0,0000	193,0182
2021-11-11	02:28:00		60	0	0	0	0	0	0	0	0	0	0	0	0	0	0	0	0	0	0	0	0	0,0000	0,0000	193,0182
2021-11-11	02:29:00		60	0	0	0	0	0	0	0	0	0	0	0	0	0	0	0	0	0	0	0	0	0,0000	0,0000	193,0182
2021-11-11	02:30:00		60	0	0	0	0	0	0	0	0	0	0	0	0	0	0	0	0	0	0	0	0	0,0000	0,0000	193,0182
2021-11-11	02:31:00		60	0	0	0	0	0	0	0	0	0	0	0	0	0	0	0	0	0	0	0	0	0,0000	0,0000	193,0182
2021-11-11	02:32:00		60	0	0	0	0	0	0	0	0	0	0	0	0	0	0	0	0	0	0	0	0	0,0000	0,0000	193,0182
2021-11-11	02:33:00		60	0	0	0	0	0	0	0	0	0	0	0	0	0	0	0	0	0	0	0	0	0,0000	0,0000	193,0182
2021-11-11	02:34:00		60	0	0	0	0	0	0	0	0	0	0	0	0	0	0	0	0	0	0	0	0	0,0000	0,0000	193,0182
2021-11-11	02:35:00		60	0	0	0	0	0	0	0	0	0	0	0	0	0	0	0	0	0	0	0	0	0,0000	0,0000	193,0182
2021-11-11	02:36:00		60	0	0	0	0	0	0	0	0	0	0	0	0	0	0	0	0	0	0	0	0	0,0000	0,0000	193,0182
2021-11-11	02:37:00		60	0	0	0	0	0	0	0	0	0	0	0	0	0	0	0	0	0	0	0	0	0,0000	0,0000	193,0182
2021-11-11	02:38:00		60	0	0	0	0	0	0	0	0	0	0	0	0	0	0	0	0	0	0	0	0	0,0000	0,0000	193,0182
2021-11-11	02:39:00		60	0	0	0	0	0	0	0	0	0	0	0	0	0	0	0	0	0	0	0	0	0,0000	0,0000	193,0182
2021-11-11	02:40:00		60	0	0	0	0	0	0	0	0	0	0	0	0	0	0	0	0	0	0	0	0	0,0000	0,0000	193,0182
2021-11-11	02:41:00		60	0	0	0	0	0	0	0	0	0	0	0	0	0	0	0	0	0	0	0	0	0,0000	0,0000	193,0182
2021-11-11	02:42:00		60	0	0	0	0	0	0	0	0	0	0	0	0	0	0	0	0	0	0	0	0	0,0000	0,0000	193,0182
2021-11-11	02:43:00		60	0	0	0	0	0	0	0	0	0	0	0	0	0	0	0	0	0	0	0	0	0,0000	0,0000	193,0182
2021-11-11	02:44:00		60	0	0	0	0	0	0	0	0	0	0	0	0	0	0	0	0	0	0	0	0	0,0000	0,0000	193,0182
2021-11-11	02:45:00		60	0	0	0	0	0	0	0	0	0	0	0	0	0	0	0	0	0	0	0	0	0,0000	0,0000	193,0182
2021-11-11	02:46:00		60	0	0	0	0	0	0	0	0	0	0	0	0	0	0	0	0	0	0	0	0	0,0000	0,0000	193,0182
2021-11-11	02:47:00		60	0	0	0	0	0	0	0	0	0	0	0	0	0	0	0	0	0	0	0	0	0,0000	0,0000	193,0182
2021-11-11	02:48:00		60	0	0	0	0	0	0	0	0	0	0	0	0	0	0	0	0	0	0	0	0	0,0000	0,0000	193,0182
2021-11-11	02:49:00		60	0	0	0	0	0	0	0	0	0	0	0	0	0	0	0	0	0	0	0	0	0,0000	0,0000	193,0182
2021-11-11	02:50:00		60	0	0	0	0	0	0	0	0	0	0	0	0	0	0	0	0	0	0	0	0	0,0000	0,0000	193,0182
2021-11-11	02:51:00		60	0	0	0	0	0	0	0	0	0	0	0	0	0	0	0	0	0	0	0	0	0,0000	0,0000	193,0182
2021-11-11	02:52:00		60	0	0	0	0	0	0	0	0	0	0	0	0	0	0	0	0	0	0	0	0	0,0000	0,0000	193,0182
2021-11-11	02:53:00		60	0	0	0	0	0	0	0	0	0	0	0	0	0	0	0	0	0	0	0	0	0,0000	0,0000	193,0182
2021-11-11	02:54:00		60	0	0	0	0	0	0	0	0	0	0	0	0	0	0	0	0	0	0	0	0	0,0000	0,0000	193,0182
2021-11-11	02:55:00		60	0	0	0	0	0	0	0	0	0	0	0	0	0	0	0	0	0	0	0	0	0,0000	0,0000	193,0182
2021-11-11	02:56:00		60	0	0	0	0	0	0	0	0	0	0	0	0	0	0	0	0	0	0	0	0	0,0000	0,0000	193,0182
2021-11-11	02:57:00		60	0	0	0	0	0	0	0	0	0	0	0	0	0	0	0	0	0	0	0	0	0,0000	0,0000	193,0182
2021-11-11	02:58:00		60	0	0	0	0	0	0	0	0	0	0	0	0	0	0	0	0	0	0	0	0	0,0000	0,0000	193,0182
2021-11-11	02:59:00		60	0	0	0	0	0	0	0	0	0	0	0	0	0	0	0	0	0	0	0	0	0,0000	0,0000	193,0182
2021-11-11	03:00:00		60	0	0	0	0	0	0	0	0	0	0	0	0	0	0	0	0	0	0	0	0	0,0000	0,0000	193,0182
2021-11-11	03:01:00		60	0	0	0	0	0	0	0	0	0	0	0	0	0	0	0	0	0	0	0	0	0,0000	0,0000	193,0182
2021-11-11	03:02:00		60	0	0	0	0	0	0	0	0	0	0	0	0	0	0	0	0	0	0	0	0	0,0000	0,0000	193,0182
2021-11-11	03:03:00		60	0	0	0	0	0	0	0	0	0	0	0	0	0	0	0	0	0	0	0	0	0,0000	0,0000	193,0182
2021-11-11	03:04:00		60	0	0	0	0	0	0	0	0	0	0	0	0	0	0	0	0	0	0	0	0	0,0000	0,0000	193,0182
2021-11-11	03:05:00		60	0	0	0	0	0	0	0	0	0	0	0	0	0	0	0	0	0	0	0	0	0,0000	0,0000	193,0182
2021-11-11	03:06:00		60	0	0	0	0	0	0	0	0	0	0	0	0	0	0	0	0	0	0	0	0	0,0000	0,0000	193,0182
2021-11-11	03:07:00		60	0	0	0	0	0	0	0	0	0	0	0	0	0	0	0	0	0	0	0	0	0,0000	0,0000	193,0182
2021-11-11	03:08:00		60	0	0	0	0	0	0	0	0	0	0	0	0	0	0	0	0	0	0	0	0	0,0000	0,0000	193,0182
2021-11-11	03:09:00		60	0	0	0	0	0	0	0	0	0	0	0	0	0	0	0	0	0	0	0	0	0,0000	0,0000	193,0182
2021-11-11	03:10:00		60	0	0	0	0	0	0	0	0	0	0	0	0	0	0	0	0	0	0	0	0	0,0000	0,0000	193,0182
2021-11-11	03:11:00		60	0	0	0	0	0	0	0	0	0	0	0	0	0	0	0	0	0	0	0	0	0,0000	0,0000	193,0182
2021-11-11	03:12:00		60	0	0	0	0	0	0	0	0	0	0	0	0	0	0	0	0	0	0	0	0	0,0000	0,0000	193,0182
2021-11-11	03:13:00		60	0	0	0	0	0	0	0	0	0	0	0	0	0	0	0	0	0	0	0	0	0,0000	0,0000	193,0182
2021-11-11	03:14:00		60	0	0	0	0	0	0	0	0	0	0	0	0	0	0	0	0	0	0	0	0	0,0000	0,0000	193,0182
2021-11-11	03:15:00		60	0	0	0	0	0	0	0	0	0	0	0	0	0	0	0	0	0	0	0	0	0,0000	0,0000	193,0182
2021-11-11	03:16:00		60	0	0	0	0	0	0	0	0	0	0	0	0	0	0	0	0	0	0	0	0	0,0000	0,0000	193,0182
2021-11-11	03:17:00		60	0	0	0	0	0	0	0	0	0	0	0	0	0	0	0	0	0	0	0	0	0,0000	0,0000	193,0182
2021-11-11	03:18:00		60	0	0	0	0	0	0	0	0	0	0	0	0	0	0	0	0	0	0	0	0	0,0000	0,0000	193,0182
2021-11-11	03:19:00		60	0	0	0	0	0	0	0	0	0	0	0	0	0	0	0	0	0	0	0	0	0,0000	0,0000	193,0182
2021-11-11	03:20:00		60	0	0	0	0	0	0	0	0	0	0	0	0	0	0	0	0	0	0	0	0	0,0000	0,0000	193,0182
2021-11-11	03:21:00		60	0	0	0	0	0	0	0	0	0	0	0	0	0	0	0	0	0	0	0	0	0,0000	0,0000	193,0182
2021-11-11	03:22:00		60	0	0	0	0	0	0	0	0	0	0	0	0	0	0	0	0	0	0	0	0	0,0000	0,0000	193,0182
2021-11-11	03:23:00		60	0	0	0	0	0	0	0	0	0	0	0	0	0	0	0	0	0	0	0	0	0,0000	0,0000	193,0182
2021-11-11	03:24:00		60	0	0	0	0	0	0	0	0	0	0	0	0	0	0	0	0	0	0	0	0	0,0000	0,0000	193,0182
2021-11-11	03:25:00		60	0	0	0	0	0	0	0	0	0	0	0	0	0	0	0	0	0	0	0	0	0,0000	0,0000	193,0182
2021-11-11	03:26:00		60	0	0	0	0	0	0	0	0	0	0	0	0	0	0	0	0	0	0	0	0	0,0000	0,0000	193,0182
2021-11-11	03:27:00		60	0	0	0	0	0	0	0	0	0	0	0	0	0	0	0	0	0	0	0	0	0,0000	0,0000	193,0182
2021-11-11	03:28:00		60	0	0	0	0	0	0	0	0	0	0	0	0	0	0	0	0	0	0	0	0	0,0000	0,0000	193,0182
2021-11-11	03:29:00		60	0	0	0	0	0	0	0	0	0	0	0	0	0	0	0	0	0	0	0	0	0,0000	0,0000	193,0182
2021-11-11	03:30:00		60	0	0	0	0	0	0	0	0	0	0	0	0	0	0	0	0	0	0	0	0	0,0000	0,0000	193,0182
2021-11-11	03:31:00		60	0	0	0	0	0	0	0	0	0	0	0	0	0	0	0	0	0	0	0	0	0,0000	0,0000	193,0182
2021-11-11	03:32:00		60	0	0	0	0	0	0	0	0	0	0	0	0	0	0	0	0	0	0	0	0	0,0000	0,0000	193,0182
2021-11-11	03:33:00		60	0	0	0	0	0	0	0	0	0	0	0	0	0	0	0	0	0	0	0	0	0,0000	0,0000	193,0182
2021-11-11	03:34:00		60	0	0	0	0	0	0	0	0	0	0	0	0	0	0	0	0	0	0	0	0	0,0000	0,0000	193,0182
2021-11-11	03:35:00		60	0	0	0	0	0	0	0	0	0	0	0	0	0	0	0	0	0	0	0	0	0,0000	0,0000	193,0182
2021-11-11	03:36:00		60	0	0	0	0	0	0	0	0	0	0	0	0	0	0	0	0	0	0	0	0	0,0000	0,0000	193,0182
2021-11-11	03:37:00		60	0	0	0	0	0	0	0	0	0	0	0	0	0	0	0	0	0	0	0	0	0,0000	0,0000	193,0182
2021-11-11	03:38:00		60	0	0	0	0	0	0	0	0	0	0	0	0	0	0	0	0	0	0	0	0	0,0000	0,0000	193,0182
2021-11-11	03:39:00		60	0	0	0	0	0	0	0	0	0	0	0	0	0	0	0	0	0	0	0	0	0,0000	0,0000	193,0182
2021-11-11	03:40:00		60	0	0	0	0	0	0	0	0	0	0	0	0	0	0	0	0	0	0	0	0	0,0000	0,0000	193,0182
2021-11-11	03:41:00		60	0	0	0	0	0	0	0	0	0	0	0	0	0	0	0	0	0	0	0	0	0,0000	0,0000	193,0182
2021-11-11	03:42:00		60	0	0	0	0	0	0	0	0	0	0	0	0	0	0	0	0	0	0	0	0	0,0000	0,0000	193,0182
2021-11-11	03:43:00		60	0	0	0	0	0	0	0	0	0	0	0	0	0	0	0	0	0	0	0	0	0,0000	0,0000	193,0182
2021-11-11	03:44:00		60	0	0	0	0	0	0	0	0	0	0	0	0	0	0	0	0	0	0	0	0	0,0000	0,0000	193,0182
2021-11-11	03:45:00		60	0	0	0	0	0	0	0	0	0	0	0	0	0	0	0	0	0	0	0	0	0,0000	0,0000	193,0182
2021-11-11	03:46:00		60	0	0	0	0	0	0	0	0	0	0	0	0	0	0	0	0	0	0	0	0	0,0000	0,0000	193,0182
2021-11-11	03:47:00		60	0	0	0	0	0	0	0	0	0	0	0	0	0	0	0	0	0	0	0	0	0,0000	0,0000	193,0182
2021-11-11	03:48:00		60	0	0	0	0	0	0	0	0	0	0	0	0	0	0	0	0	0	0	0	0	0,0000	0,0000	193,0182
2021-11-11	03:49:00		60	0	0	0	0	0	0	0	0	0	0	0	0	0	0	0	0	0	0	0	0	0,0000	0,0000	193,0182
2021-11-11	03:50:00		60	0	0	0	0	0	0	0	0	0	0	0	0	0	0	0	0	0	0	0	0	0,0000	0,0000	193,0182
2021-11-11	03:51:00		60	0	0	0	0	0	0	0	0	0	0	0	0	0	0	0	0	0	0	0	0	0,0000	0,0000	193,0182
2021-11-11	03:52:00		60	0	0	0	0	0	0	0	0	0	0	0	0	0	0	0	0	0	0	0	0	0,0000	0,0000	193,0182
2021-11-11	03:53:00		60	0	0	0	0	0	0	0	0	0	0	0	0	0	0	0	0	0	0	0	0	0,0000	0,0000	193,0182
2021-11-11	03:54:00		60	0	0	0	0	0	0	0	0	0	0	0	0	0	0	0	0	0	0	0	0	0,0000	0,0000	193,0182
2021-11-11	03:55:00		60	0	0	0	0	0	0	0	0	0	0	0	0	0	0	0	0	0	0	0	0	0,0000	0,0000	193,0182
2021-11-11	03:56:00		60	0	0	0	0	0	0	0	0	0	0	0	0	0	0	0	0	0	0	0	0	0,0000	0,0000	193,0182
2021-11-11	03:57:00		60	0	0	0	0	0	0	0	0	0	0	0	0	0	0	0	0	0	0	0	0	0,0000	0,0000	193,0182
2021-11-11	03:58:00		60	0	0	0	0	0	0	0	0	0	0	0	0	0	0	0	0	0	0	0	0	0,0000	0,0000	193,0182
2021-11-11	03:59:00		60	0	0	0	0	0	0	0	0	0	0	0	0	0	0	0	0	0	0	0	0	0,0000	0,0000	193,0182
2021-11-11	04:00:00		60	0	0	0	0	0	0	0	0	0	0	0	0	0	0	0	0	0	0	0	0	0,0000	0,0000	193,0182
2021-11-11	04:01:00		60	0	0	0	0	0	0	0	0	0	0	0	0	0	0	0	0	0	0	0	0	0,0000	0,0000	193,0182
2021-11-11	04:02:00		60	0	0	0	0	0	0	0	0	0	0	0	0	0	0	0	0	0	0	0	0	0,0000	0,0000	193,0182
2021-11-11	04:03:00		60	0	0	0	0	0	0	0	0	0	0	0	0	0	0	0	0	0	0	0	0	0,0000	0,0000	193,0182
2021-11-11	04:04:00		60	0	0	0	0	0	0	0	0	0	0	0	0	0	0	0	0	0	0	0	0	0,0000	0,0000	193,0182
2021-11-11	04:05:00		60	0	0	0	0	0	0	0	0	0	0	0	0	0	0	0	0	0	0	0	0	0,0000	0,0000	193,0182
2021-11-11	04:06:00		60	0	0	0	0	0	0	0	0	0	0	0	0	0	0	0	0	0	0	0	0	0,0000	0,0000	193,0182
2021-11-11	04:07:00		60	0	0	0	0	0	0	0	0	0	0	0	0	0	0	0	0	0	0	0	0	0,0000	0,0000	193,0182
2021-11-11	04:08:00		60	0	0	0	0	0	0	0	0	0	0	0	0	0	0	0	0	0	0	0	0	0,0000	0,0000	193,0182
2021-11-11	04:09:00		60	0	0	0	0	0	0	0	0	0	0	0	0	0	0	0	0	0	0	0	0	0,0000	0,0000	193,0182
2021-11-11	04:10:00		60	0	0	0	0	0	0	0	0	0	0	0	0	0	0	0	0	0	0	0	0	0,0000	0,0000	193,0182
2021-11-11	04:11:00		60	0	0	0	0	0	0	0	0	0	0	0	0	0	0	0	0	0	0	0	0	0,0000	0,0000	193,0182
2021-11-11	04:12:00		60	0	0	0	0	0	0	0	0	0	0	0	0	0	0	0	0	0	0	0	0	0,0000	0,0000	193,0182
2021-11-11	04:13:00		60	0	0	0	0	0	0	0	0	0	0	0	0	0	0	0	0	0	0	0	0	0,0000	0,0000	193,0182
2021-11-11	04:14:00		60	0	0	0	0	0	0	0	0	0	0	0	0	0	0	0	0	0	0	0	0	0,0000	0,0000	193,0182
2021-11-11	04:15:00		60	0	0	0	0	0	0	0	0	0	0	0	0	0	0	0	0	0	0	0	0	0,0000	0,0000	193,0182
2021-11-11	04:16:00		60	0	0	0	0	0	0	0	0	0	0	0	0	0	0	0	0	0	0	0	0	0,0000	0,0000	193,0182
2021-11-11	04:17:00		60	0	0	0	0	0	0	0	0	0	0	0	0	0	0	0	0	0	0	0	0	0,0000	0,0000	193,0182
2021-11-11	04:18:00		60	0	0	0	0	0	0	0	0	0	0	0	0	0	0	0	0	0	0	0	0	0,0000	0,0000	193,0182
2021-11-11	04:19:00		60	0	0	0	0	0	0	0	0	0	0	0	0	0	0	0	0	0	0	0	0	0,0000	0,0000	193,0182
2021-11-11	04:20:00		60	0	0	0	0	0	0	0	0	0	0	0	0	0	0	0	0	0	0	0	0	0,0000	0,0000	193,0182
2021-11-11	04:21:00		60	0	0	0	0	0	0	0	0	0	0	0	0	0	0	0	0	0	0	0	0	0,0000	0,0000	193,0182
2021-11-11	04:22:00		60	0	0	0	0	0	0	0	0	0	0	0	0	0	0	0	0	0	0	0	0	0,0000	0,0000	193,0182
2021-11-11	04:23:00		60	0	0	0	0	0	0	0	0	0	0	0	0	0	0	0	0	0	0	0	0	0,0000	0,0000	193,0182
2021-11-11	04:24:00		60	0	0	0	0	0	0	0	0	0	0	0	0	0	0	0	0	0	0	0	0	0,0000	0,0000	193,0182
2021-11-11	04:25:00		60	0	0	0	0	0	0	0	0	0	0	0	0	0	0	0	0	0	0	0	0	0,0000	0,0000	193,0182
2021-11-11	04:26:00		60	0	0	0	0	0	0	0	0	0	0	0	0	0	0	0	0	0	0	0	0	0,0000	0,0000	193,0182
2021-11-11	04:27:00		60	0	0	0	0	0	0	0	0	0	0	0	0	0	0	0	0	0	0	0	0	0,0000	0,0000	193,0182
2021-11-11	04:28:00		60	0	0	0	0	0	0	0	0	0	0	0	0	0	0	0	0	0	0	0	0	0,0000	0,0000	193,0182
2021-11-11	04:29:00		60	0	0	0	0	0	0	0	0	0	0	0	0	0	0	0	0	0	0	0	0	0,0000	0,0000	193,0182
2021-11-11	04:30:00		60	0	0	0	0	0	0	0	0	0	0	0	0	0	0	0	0	0	0	0	0	0,0000	0,0000	193,0182
2021-11-11	04:31:00		60	0	0	0	0	0	0	0	0	0	0	0	0	0	0	0	0	0	0	0	0	0,0000	0,0000	193,0182
2021-11-11	04:32:00		60	0	0	0	0	0	0	0	0	0	0	0	0	0	0	0	0	0	0	0	0	0,0000	0,0000	193,0182
2021-11-11	04:33:00		60	0	0	0	0	0	0	0	0	0	0	0	0	0	0	0	0	0	0	0	0	0,0000	0,0000	193,0182
2021-11-11	04:34:00		60	0	0	0	0	0	0	0	0	0	0	0	0	0	0	0	0	0	0	0	0	0,0000	0,0000	193,0182
2021-11-11	04:35:00		60	0	0	0	0	0	0	0	0	0	0	0	0	0	0	0	0	0	0	0	0	0,0000	0,0000	193,0182
2021-11-11	04:36:00		60	0	0	0	0	0	0	0	0	0	0	0	0	0	0	0	0	0	0	0	0	0,0000	0,0000	193,0182
2021-11-11	04:37:00		60	0	0	0	0	0	0	0	0	0	0	0	0	0	0	0	0	0	0	0	0	0,0000	0,0000	193,0182
2021-11-11	04:38:00		60	0	0	0	0	0	0	0	0	0	0	0	0	0	0	0	0	0	0	0	0	0,0000	0,0000	193,0182
2021-11-11	04:39:00		60	0	0	0	0	0	0	0	0	0	0	0	0	0	0	0	0	0	0	0	0	0,0000	0,0000	193,0182
2021-11-11	04:40:00		60	0	0	0	0	0	0	0	0	0	0	0	0	0	0	0	0	0	0	0	0	0,0000	0,0000	193,0182
2021-11-11	04:41:00		60	0	0	0	0	0	0	0	0	0	0	0	0	0	0	0	0	0	0	0	0	0,0000	0,0000	193,0182
2021-11-11	04:42:00		60	0	0	0	0	0	0	0	0	0	0	0	0	0	0	0	0	0	0	0	0	0,0000	0,0000	193,0182
2021-11-11	04:43:00		60	0	0	0	0	0	0	0	0	0	0	0	0	0	0	0	0	0	0	0	0	0,0000	0,0000	193,0182
2021-11-11	04:44:00		60	0	0	0	0	0	0	0	0	0	0	0	0	0	0	0	0	0	0	0	0	0,0000	0,0000	193,0182
2021-11-11	04:45:00		60	0	0	0	0	0	0	0	0	0	0	0	0	0	0	0	0	0	0	0	0	0,0000	0,0000	193,0182
2021-11-11	04:46:00		60	0	0	0	0	0	0	0	0	0	0	0	0	0	0	0	0	0	0	0	0	0,0000	0,0000	193,0182
2021-11-11	04:47:00		60	0	0	0	0	0	0	0	0	0	0	0	0	0	0	0	0	0	0	0	0	0,0000	0,0000	193,0182
2021-11-11	04:48:00		60	0	0	0	0	0	0	0	0	0	0	0	0	0	0	0	0	0	0	0	0	0,0000	0,0000	193,0182
2021-11-11	04:49:00		60	0	0	0	0	0	0	0	0	0	0	0	0	0	0	0	0	0	0	0	0	0,0000	0,0000	193,0182
2021-11-11	04:50:00		60	0	0	0	0	0	0	0	0	0	0	0	0	0	0	0	0	0	0	0	0	0,0000	0,0000	193,0182
2021-11-11	04:51:00		60	0	0	0	0	0	0	0	0	0	0	0	0	0	0	0	0	0	0	0	0	0,0000	0,0000	193,0182
2021-11-11	04:52:00		60	0	0	0	0	0	0	0	0	0	0	0	0	0	0	0	0	0	0	0	0	0,0000	0,0000	193,0182
2021-11-11	04:53:00		60	0	0	0	0	0	0	0	0	0	0	0	0	0	0	0	0	0	0	0	0	0,0000	0,0000	193,0182
2021-11-11	04:54:00		60	0	0	0	0	0	0	0	0	0	0	0	0	0	0	0	0	0	0	0	0	0,0000	0,0000	193,0182
2021-11-11	04:55:00		60	0	0	0	0	0	0	0	0	0	0	0	0	0	0	0	0	0	0	0	0	0,0000	0,0000	193,0182
2021-11-11	04:56:00		60	0	0	0	0	0	0	0	0	0	0	0	0	0	0	0	0	0	0	0	0	0,0000	0,0000	193,0182
2021-11-11	04:57:00		60	0	0	0	0	0	0	0	0	0	0	0	0	0	0	0	0	0	0	0	0	0,0000	0,0000	193,0182
2021-11-11	04:58:00		60	0	0	0	0	0	0	0	0	0	0	0	0	0	0	0	0	0	0	0	0	0,0000	0,0000	193,0182
2021-11-11	04:59:00		60	0	0	0	0	0	0	0	0	0	0	0	0	0	0	0	0	0	0	0	0	0,0000	0,0000	193,0182
2021-11-11	05:00:00		60	0	0	0	0	0	0	0	0	0	0	0	0	0	0	0	0	0	0	0	0	0,0000	0,0000	193,0182
2021-11-11	05:01:00		60	0	0	0	0	0	0	0	0	0	0	0	0	0	0	0	0	0	0	0	0	0,0000	0,0000	193,0182
2021-11-11	05:02:00		60	0	0	0	0	0	0	0	0	0	0	0	0	0	0	0	0	0	0	0	0	0,0000	0,0000	193,0182
2021-11-11	05:03:00		60	0	0	0	0	0	0	0	0	0	0	0	0	0	0	0	0	0	0	0	0	0,0000	0,0000	193,0182
2021-11-11	05:04:00		60	0	0	0	0	0	0	0	0	0	0	0	0	0	0	0	0	0	0	0	0	0,0000	0,0000	193,0182
2021-11-11	05:05:00		60	0	0	0	0	0	0	0	0	0	0	0	0	0	0	0	0	0	0	0	0	0,0000	0,0000	193,0182
2021-11-11	05:06:00		60	0	0	0	0	0	0	0	0	0	0	0	0	0	0	0	0	0	0	0	0	0,0000	0,0000	193,0182
2021-11-11	05:07:00		60	0	0	0	0	0	0	0	0	0	0	0	0	0	0	0	0	0	0	0	0	0,0000	0,0000	193,0182
2021-11-11	05:08:00		60	0	0	0	0	0	0	0	0	0	0	0	0	0	0	0	0	0	0	0	0	0,0000	0,0000	193,0182
2021-11-11	05:09:00		60	0	0	0	0	0	0	0	0	0	0	0	0	0	0	0	0	0	0	0	0	0,0000	0,0000	193,0182
2021-11-11	05:10:00		60	0	0	0	0	0	0	0	0	0	0	0	0	0	0	0	0	0	0	0	0	0,0000	0,0000	193,0182
2021-11-11	05:11:00		60	0	0	0	0	0	0	0	0	0	0	0	0	0	0	0	0	0	0	0	0	0,0000	0,0000	193,0182
2021-11-11	05:12:00		60	0	0	0	0	0	0	0	0	0	0	0	0	0	0	0	0	0	0	0	0	0,0000	0,0000	193,0182
2021-11-11	05:13:00		60	0	0	0	0	0	0	0	0	0	0	0	0	0	0	0	0	0	0	0	0	0,0000	0,0000	193,0182
2021-11-11	05:14:00		60	0	0	0	0	0	0	0	0	0	0	0	0	0	0	0	0	0	0	0	0	0,0000	0,0000	193,0182
2021-11-11	05:15:00		60	0	0	0	0	0	0	0	0	0	0	0	0	0	0	0	0	0	0	0	0	0,0000	0,0000	193,0182
2021-11-11	05:16:00		60	0	0	0	0	0	0	0	0	0	0	0	0	0	0	0	0	0	0	0	0	0,0000	0,0000	193,0182
2021-11-11	05:17:00		60	0	0	0	0	0	0	0	0	0	0	0	0	0	0	0	0	0	0	0	0	0,0000	0,0000	193,0182
2021-11-11	05:18:00		60	0	0	0	0	0	0	0	0	0	0	0	0	0	0	0	0	0	0	0	0	0,0000	0,0000	193,0182
2021-11-11	05:19:00		60	0	0	0	0	0	0	0	0	0	0	0	0	0	0	0	0	0	0	0	0	0,0000	0,0000	193,0182
2021-11-11	05:20:00		60	0	0	0	0	0	0	0	0	0	0	0	0	0	0	0	0	0	0	0	0	0,0000	0,0000	193,0182
2021-11-11	05:21:00		60	0	0	0	0	0	0	0	0	0	0	0	0	0	0	0	0	0	0	0	0	0,0000	0,0000	193,0182
2021-11-11	05:22:00		60	0	0	0	0	0	0	0	0	0	0	0	0	0	0	0	0	0	0	0	0	0,0000	0,0000	193,0182
2021-11-11	05:23:00		60	0	0	0	0	0	0	0	0	0	0	0	0	0	0	0	0	0	0	0	0	0,0000	0,0000	193,0182
2021-11-11	05:24:00		60	0	0	0	0	0	0	0	0	0	0	0	0	0	0	0	0	0	0	0	0	0,0000	0,0000	193,0182
2021-11-11	05:25:00		60	0	0	0	0	0	0	0	0	0	0	0	0	0	0	0	0	0	0	0	0	0,0000	0,0000	193,0182
2021-11-11	05:26:00		60	0	0	0	0	0	0	0	0	0	0	0	0	0	0	0	0	0	0	0	0	0,0000	0,0000	193,0182
2021-11-11	05:27:00		60	0	0	0	0	0	0	0	0	0	0	0	0	0	0	0	0	0	0	0	0	0,0000	0,0000	193,0182
2021-11-11	05:28:00		60	0	0	0	0	0	0	0	0	0	0	0	0	0	0	0	0	0	0	0	0	0,0000	0,0000	193,0182
2021-11-11	05:29:00		60	0	0	0	0	0	0	0	0	0	0	0	0	0	0	0	0	0	0	0	0	0,0000	0,0000	193,0182
2021-11-11	05:30:00		60	0	0	0	0	0	0	0	0	0	0	0	0	0	0	0	0	0	0	0	0	0,0000	0,0000	193,0182
2021-11-11	05:31:00		60	0	0	0	0	0	0	0	0	0	0	0	0	0	0	0	0	0	0	0	0	0,0000	0,0000	193,0182
2021-11-11	05:32:00		60	0	0	0	0	0	0	0	0	0	0	0	0	0	0	0	0	0	0	0	0	0,0000	0,0000	193,0182
2021-11-11	05:33:00		60	0	0	0	0	0	0	0	0	0	0	0	0	0	0	0	0	0	0	0	0	0,0000	0,0000	193,0182
2021-11-11	05:34:00		60	0	0	0	0	0	0	0	0	0	0	0	0	0	0	0	0	0	0	0	0	0,0000	0,0000	193,0182
2021-11-11	05:35:00		60	0	0	0	0	0	0	0	0	0	0	0	0	0	0	0	0	0	0	0	0	0,0000	0,0000	193,0182
2021-11-11	05:36:00		60	0	0	0	0	0	0	0	0	0	0	0	0	0	0	0	0	0	0	0	0	0,0000	0,0000	193,0182
2021-11-11	05:37:00		60	0	0	0	0	0	0	0	0	0	0	0	0	0	0	0	0	0	0	0	0	0,0000	0,0000	193,0182
2021-11-11	05:38:00		60	0	0	0	0	0	0	0	0	0	0	0	0	0	0	0	0	0	0	0	0	0,0000	0,0000	193,0182
2021-11-11	05:39:00		60	0	0	0	0	0	0	0	0	0	0	0	0	0	0	0	0	0	0	0	0	0,0000	0,0000	193,0182
2021-11-11	05:40:00		60	0	0	0	0	0	0	0	0	0	0	0	0	0	0	0	0	0	0	0	0	0,0000	0,0000	193,0182
2021-11-11	05:41:00		60	0	0	0	0	0	0	0	0	0	0	0	0	0	0	0	0	0	0	0	0	0,0000	0,0000	193,0182
2021-11-11	05:42:00		60	0	0	0	0	0	0	0	0	0	0	0	0	0	0	0	0	0	0	0	0	0,0000	0,0000	193,0182
2021-11-11	05:43:00		60	0	0	0	0	0	0	0	0	0	0	0	0	0	0	0	0	0	0	0	0	0,0000	0,0000	193,0182
2021-11-11	05:44:00		60	0	0	0	0	0	0	0	0	0	0	0	0	0	0	0	0	0	0	0	0	0,0000	0,0000	193,0182
2021-11-11	05:45:00		60	0	0	0	0	0	0	0	0	0	0	0	0	0	0	0	0	0	0	0	0	0,0000	0,0000	193,0182
2021-11-11	05:46:00		60	0	0	0	0	0	0	0	0	0	0	0	0	0	0	0	0	0	0	0	0	0,0000	0,0000	193,0182
2021-11-11	05:47:00		60	0	0	0	0	0	0	0	0	0	0	0	0	0	0	0	0	0	0	0	0	0,0000	0,0000	193,0182
2021-11-11	05:48:00		60	0	0	0	0	0	0	0	0	0	0	0	0	0	0	0	0	0	0	0	0	0,0000	0,0000	193,0182
2021-11-11	05:49:00		60	0	0	0	0	0	0	0	0	0	0	0	0	0	0	0	0	0	0	0	0	0,0000	0,0000	193,0182
2021-11-11	05:50:00		60	0	0	0	0	0	0	0	0	0	0	0	0	0	0	0	0	0	0	0	0	0,0000	0,0000	193,0182
2021-11-11	05:51:00		60	0	0	0	1	0	0	0	0	0	0	0	0	0	0	0	0	0	0	0	0	0,0018	0,0000	193,0183
2021-11-11	05:52:00		60	0	0	0	4	1	1	0	0	0	0	0	0	0	0	0	0	0	0	0	0	0,0148	0,0002	193,0185
2021-11-11	05:53:00		60	0	0	0	0	2	2	0	0	0	0	0	0	0	0	0	0	0	0	0	0	0,0153	0,0003	193,0188
2021-11-11	05:54:00		60	0	0	0	0	0	0	0	0	0	0	0	0	0	0	0	0	0	0	0	0	0,0000	0,0000	193,0188
2021-11-11	05:55:00		60	0	0	0	0	0	0	0	0	0	0	0	0	0	0	0	0	0	0	0	0	0,0000	0,0000	193,0188
2021-11-11	05:56:00		60	0	0	0	0	0	0	0	0	0	0	0	0	0	0	0	0	0	0	0	0	0,0000	0,0000	193,0188
2021-11-11	05:57:00		60	0	0	0	0	0	0	0	0	0	0	0	0	0	0	0	0	0	0	0	0	0,0000	0,0000	193,0188
2021-11-11	05:58:00		60	0	0	0	0	0	0	0	0	0	0	0	0	0	0	0	0	0	0	0	0	0,0000	0,0000	193,0188
2021-11-11	05:59:00		60	0	0	0	0	0	0	0	0	0	0	0	0	0	0	0	0	0	0	0	0	0,0000	0,0000	193,0188
2021-11-11	06:00:00		60	0	0	0	0	0	0	0	0	0	0	0	0	0	0	0	0	0	0	0	0	0,0000	0,0000	193,0188
2021-11-11	06:01:00		60	0	0	0	0	0	0	0	0	0	0	0	0	0	0	0	0	0	0	0	0	0,0000	0,0000	193,0188
2021-11-11	06:02:00		60	0	0	0	0	0	0	0	0	0	0	0	0	0	0	0	0	0	0	0	0	0,0000	0,0000	193,0188
2021-11-11	06:03:00		60	0	0	0	0	0	0	0	0	0	0	0	0	0	0	0	0	0	0	0	0	0,0000	0,0000	193,0188
2021-11-11	06:04:00		60	0	0	0	0	0	0	0	0	0	0	0	0	0	0	0	0	0	0	0	0	0,0000	0,0000	193,0188
2021-11-11	06:05:00		60	0	0	0	0	0	0	0	0	0	0	0	0	0	0	0	0	0	0	0	0	0,0000	0,0000	193,0188
2021-11-11	06:06:00		60	0	0	0	0	0	0	0	0	0	0	0	0	0	0	0	0	0	0	0	0	0,0000	0,0000	193,0188
2021-11-11	06:07:00		60	0	0	0	0	0	0	0	0	0	0	0	0	0	0	0	0	0	0	0	0	0,0000	0,0000	193,0188
2021-11-11	06:08:00		60	0	0	0	0	0	0	0	0	0	0	0	0	0	0	0	0	0	0	0	0	0,0000	0,0000	193,0188
2021-11-11	06:09:00		60	0	0	0	0	0	0	0	0	0	0	0	0	0	0	0	0	0	0	0	0	0,0000	0,0000	193,0188
2021-11-11	06:10:00		60	0	0	0	0	0	0	0	0	0	0	0	0	0	0	0	0	0	0	0	0	0,0000	0,0000	193,0188
2021-11-11	06:11:00		60	0	0	0	0	0	0	0	0	0	0	0	0	0	0	0	0	0	0	0	0	0,0000	0,0000	193,0188
2021-11-11	06:12:00		60	0	0	0	0	0	0	0	0	0	0	0	0	0	0	0	0	0	0	0	0	0,0000	0,0000	193,0188
2021-11-11	06:13:00		60	0	0	0	0	0	0	0	0	0	0	0	0	0	0	0	0	0	0	0	0	0,0000	0,0000	193,0188
2021-11-11	06:14:00		60	0	0	0	0	0	0	0	0	0	0	0	0	0	0	0	0	0	0	0	0	0,0000	0,0000	193,0188
2021-11-11	06:15:00		60	0	0	0	0	0	0	0	0	0	0	0	0	0	0	0	0	0	0	0	0	0,0000	0,0000	193,0188
2021-11-11	06:16:00		60	0	0	0	0	0	0	0	0	0	0	0	0	0	0	0	0	0	0	0	0	0,0000	0,0000	193,0188
2021-11-11	06:17:00		60	0	0	0	0	0	0	0	0	0	0	0	0	0	0	0	0	0	0	0	0	0,0000	0,0000	193,0188
2021-11-11	06:18:00		60	0	0	0	0	0	0	0	0	0	0	0	0	0	0	0	0	0	0	0	0	0,0000	0,0000	193,0188
2021-11-11	06:19:00		60	0	0	0	0	0	0	0	0	0	0	0	0	0	0	0	0	0	0	0	0	0,0000	0,0000	193,0188
2021-11-11	06:20:00		60	0	0	0	0	0	0	0	0	0	0	0	0	0	0	0	0	0	0	0	0	0,0000	0,0000	193,0188
2021-11-11	06:21:00		60	0	0	0	0	0	0	0	0	0	0	0	0	0	0	0	0	0	0	0	0	0,0000	0,0000	193,0188
2021-11-11	06:22:00		60	0	0	0	0	0	0	0	0	0	0	0	0	0	0	0	0	0	0	0	0	0,0000	0,0000	193,0188
2021-11-11	06:23:00		60	0	0	0	0	0	0	0	0	0	0	0	0	0	0	0	0	0	0	0	0	0,0000	0,0000	193,0188
2021-11-11	06:24:00		60	0	0	0	0	0	0	0	0	0	0	0	0	0	0	0	0	0	0	0	0	0,0000	0,0000	193,0188
2021-11-11	06:25:00		60	0	0	0	0	0	0	0	0	0	0	0	0	0	0	0	0	0	0	0	0	0,0000	0,0000	193,0188
2021-11-11	06:26:00		60	0	0	0	0	0	0	0	0	0	0	0	0	0	0	0	0	0	0	0	0	0,0000	0,0000	193,0188
2021-11-11	06:27:00		60	0	0	0	0	0	0	0	0	0	0	0	0	0	0	0	0	0	0	0	0	0,0000	0,0000	193,0188
2021-11-11	06:28:00		60	0	0	0	0	0	0	0	0	0	0	0	0	0	0	0	0	0	0	0	0	0,0000	0,0000	193,0188
2021-11-11	06:29:00		60	0	0	0	0	0	0	0	0	0	0	0	0	0	0	0	0	0	0	0	0	0,0000	0,0000	193,0188
2021-11-11	06:30:00		60	0	0	0	0	0	0	0	0	0	0	0	0	0	0	0	0	0	0	0	0	0,0000	0,0000	193,0188
2021-11-11	06:31:00		60	0	0	0	0	0	0	0	0	0	0	0	0	0	0	0	0	0	0	0	0	0,0000	0,0000	193,0188
2021-11-11	06:32:00		60	0	0	0	0	0	0	0	0	0	0	0	0	0	0	0	0	0	0	0	0	0,0000	0,0000	193,0188
2021-11-11	06:33:00		60	0	0	0	0	0	0	0	0	0	0	0	0	0	0	0	0	0	0	0	0	0,0000	0,0000	193,0188
2021-11-11	06:34:00		60	0	0	0	0	0	0	0	0	0	0	0	0	0	0	0	0	0	0	0	0	0,0000	0,0000	193,0188
2021-11-11	06:35:00		60	0	0	0	0	0	0	0	0	0	0	0	0	0	0	0	0	0	0	0	0	0,0000	0,0000	193,0188
2021-11-11	06:36:00		60	0	0	0	0	0	0	0	0	0	0	0	0	0	0	0	0	0	0	0	0	0,0000	0,0000	193,0188
2021-11-11	06:37:00		60	0	0	0	0	0	0	0	0	0	0	0	0	0	0	0	0	0	0	0	0	0,0000	0,0000	193,0188
2021-11-11	06:38:00		60	0	0	0	0	0	0	0	0	0	0	0	0	0	0	0	0	0	0	0	0	0,0000	0,0000	193,0188
2021-11-11	06:39:00		60	0	0	0	0	0	0	0	0	0	0	0	0	0	0	0	0	0	0	0	0	0,0000	0,0000	193,0188
2021-11-11	06:40:00		60	0	0	0	0	0	0	0	0	0	0	0	0	0	0	0	0	0	0	0	0	0,0000	0,0000	193,0188
2021-11-11	06:41:00		60	0	0	0	0	0	0	0	0	0	0	0	0	0	0	0	0	0	0	0	0	0,0000	0,0000	193,0188
2021-11-11	06:42:00		60	0	0	0	0	0	0	0	0	0	0	0	0	0	0	0	0	0	0	0	0	0,0000	0,0000	193,0188
2021-11-11	06:43:00		60	0	0	0	0	0	0	0	0	0	0	0	0	0	0	0	0	0	0	0	0	0,0000	0,0000	193,0188
2021-11-11	06:44:00		60	0	0	0	0	0	0	0	0	0	0	0	0	0	0	0	0	0	0	0	0	0,0000	0,0000	193,0188
2021-11-11	06:45:00		60	0	0	0	0	0	0	0	0	0	0	0	0	0	0	0	0	0	0	0	0	0,0000	0,0000	193,0188
2021-11-11	06:46:00		60	0	0	0	0	0	0	0	0	0	0	0	0	0	0	0	0	0	0	0	0	0,0000	0,0000	193,0188
2021-11-11	06:47:00		60	0	0	0	0	0	0	0	0	0	0	0	0	0	0	0	0	0	0	0	0	0,0000	0,0000	193,0188
2021-11-11	06:48:00		60	0	0	0	0	0	0	0	0	0	0	0	0	0	0	0	0	0	0	0	0	0,0000	0,0000	193,0188
2021-11-11	06:49:00		60	0	0	0	0	0	0	0	0	0	0	0	0	0	0	0	0	0	0	0	0	0,0000	0,0000	193,0188
2021-11-11	06:50:00		60	0	0	0	0	0	0	0	0	0	0	0	0	0	0	0	0	0	0	0	0	0,0000	0,0000	193,0188
2021-11-11	06:51:00		60	0	0	0	0	0	0	0	0	0	0	0	0	0	0	0	0	0	0	0	0	0,0000	0,0000	193,0188
2021-11-11	06:52:00		60	0	0	0	0	0	0	0	0	0	0	0	0	0	0	0	0	0	0	0	0	0,0000	0,0000	193,0188
2021-11-11	06:53:00		60	0	0	0	0	0	0	0	0	0	0	0	0	0	0	0	0	0	0	0	0	0,0000	0,0000	193,0188
2021-11-11	06:54:00		60	0	0	0	0	0	0	0	0	0	0	0	0	0	0	0	0	0	0	0	0	0,0000	0,0000	193,0188
2021-11-11	06:55:00		60	0	0	0	0	0	0	0	0	0	0	0	0	0	0	0	0	0	0	0	0	0,0000	0,0000	193,0188
2021-11-11	06:56:00		60	0	0	0	0	0	0	0	0	0	0	0	0	0	0	0	0	0	0	0	0	0,0000	0,0000	193,0188
2021-11-11	06:57:00		60	0	0	0	0	0	0	0	0	0	0	0	0	0	0	0	0	0	0	0	0	0,0000	0,0000	193,0188
2021-11-11	06:58:00		60	0	0	0	0	0	0	0	0	0	0	0	0	0	0	0	0	0	0	0	0	0,0000	0,0000	193,0188
2021-11-11	06:59:00		60	0	0	0	0	0	0	0	0	0	0	0	0	0	0	0	0	0	0	0	0	0,0000	0,0000	193,0188
2021-11-11	07:00:00		60	0	0	0	0	0	0	0	0	0	0	0	0	0	0	0	0	0	0	0	0	0,0000	0,0000	193,0188
2021-11-11	07:01:00		60	0	0	0	0	0	0	0	0	0	0	0	0	0	0	0	0	0	0	0	0	0,0000	0,0000	193,0188
2021-11-11	07:02:00		60	0	0	0	0	0	0	0	0	0	0	0	0	0	0	0	0	0	0	0	0	0,0000	0,0000	193,0188
2021-11-11	07:03:00		60	0	0	0	0	0	0	0	0	0	0	0	0	0	0	0	0	0	0	0	0	0,0000	0,0000	193,0188
2021-11-11	07:04:00		60	0	0	0	0	0	0	0	0	0	0	0	0	0	0	0	0	0	0	0	0	0,0000	0,0000	193,0188
2021-11-11	07:05:00		60	0	0	0	0	0	0	0	0	0	0	0	0	0	0	0	0	0	0	0	0	0,0000	0,0000	193,0188
2021-11-11	07:06:00		60	0	0	0	0	0	0	0	0	0	0	0	0	0	0	0	0	0	0	0	0	0,0000	0,0000	193,0188
2021-11-11	07:07:00		60	0	0	0	0	0	0	0	0	0	0	0	0	0	0	0	0	0	0	0	0	0,0000	0,0000	193,0188
2021-11-11	07:08:00		60	0	0	0	0	0	0	0	0	0	0	0	0	0	0	0	0	0	0	0	0	0,0000	0,0000	193,0188
2021-11-11	07:09:00		60	0	0	0	0	0	0	0	0	0	0	0	0	0	0	0	0	0	0	0	0	0,0000	0,0000	193,0188
2021-11-11	07:10:00		60	0	0	0	0	0	0	0	0	0	0	0	0	0	0	0	0	0	0	0	0	0,0000	0,0000	193,0188
2021-11-11	07:11:00		60	0	0	0	0	0	0	0	0	0	0	0	0	0	0	0	0	0	0	0	0	0,0000	0,0000	193,0188
2021-11-11	07:12:00		60	0	0	0	0	0	0	0	0	0	0	0	0	0	0	0	0	0	0	0	0	0,0000	0,0000	193,0188
2021-11-11	07:13:00		60	0	0	0	0	0	0	0	0	0	0	0	0	0	0	0	0	0	0	0	0	0,0000	0,0000	193,0188
2021-11-11	07:14:00		60	0	0	0	0	0	0	0	0	0	0	0	0	0	0	0	0	0	0	0	0	0,0000	0,0000	193,0188
2021-11-11	07:15:00		60	0	0	0	0	0	0	0	0	0	0	0	0	0	0	0	0	0	0	0	0	0,0000	0,0000	193,0188
2021-11-11	07:16:00		60	0	0	0	0	0	0	0	0	0	0	0	0	0	0	0	0	0	0	0	0	0,0000	0,0000	193,0188
2021-11-11	07:17:00		60	0	0	0	0	0	0	0	0	0	0	0	0	0	0	0	0	0	0	0	0	0,0000	0,0000	193,0188
2021-11-11	07:18:00		60	0	0	0	0	0	0	0	0	0	0	0	0	0	0	0	0	0	0	0	0	0,0000	0,0000	193,0188
2021-11-11	07:19:00		60	0	0	0	0	0	0	0	0	0	0	0	0	0	0	0	0	0	0	0	0	0,0000	0,0000	193,0188
2021-11-11	07:20:00		60	0	0	0	0	0	0	0	0	0	0	0	0	0	0	0	0	0	0	0	0	0,0000	0,0000	193,0188
2021-11-11	07:21:00		60	0	0	0	0	0	0	0	0	0	0	0	0	0	0	0	0	0	0	0	0	0,0000	0,0000	193,0188
2021-11-11	07:22:00		60	0	0	0	0	0	0	0	0	0	0	0	0	0	0	0	0	0	0	0	0	0,0000	0,0000	193,0188
2021-11-11	07:23:00		60	0	0	0	0	0	0	0	0	0	0	0	0	0	0	0	0	0	0	0	0	0,0000	0,0000	193,0188
2021-11-11	07:24:00		60	0	0	0	0	0	0	0	0	0	0	0	0	0	0	0	0	0	0	0	0	0,0000	0,0000	193,0188
2021-11-11	07:25:00		60	0	0	0	0	0	0	0	0	0	0	0	0	0	0	0	0	0	0	0	0	0,0000	0,0000	193,0188
2021-11-11	07:26:00		60	0	0	0	0	0	0	0	0	0	0	0	0	0	0	0	0	0	0	0	0	0,0000	0,0000	193,0188
2021-11-11	07:27:00		60	0	0	0	0	0	0	0	0	0	0	0	0	0	0	0	0	0	0	0	0	0,0000	0,0000	193,0188
2021-11-11	07:28:00		60	0	0	0	0	0	0	0	0	0	0	0	0	0	0	0	0	0	0	0	0	0,0000	0,0000	193,0188
2021-11-11	07:29:00		60	0	0	0	0	0	0	0	0	0	0	0	0	0	0	0	0	0	0	0	0	0,0000	0,0000	193,0188
2021-11-11	07:30:00		60	0	0	0	0	0	0	0	0	0	0	0	0	0	0	0	0	0	0	0	0	0,0000	0,0000	193,0188
2021-11-11	07:31:00		60	0	0	0	0	0	0	0	0	0	0	0	0	0	0	0	0	0	0	0	0	0,0000	0,0000	193,0188
2021-11-11	07:32:00		60	0	0	0	0	0	0	0	0	0	0	0	0	0	0	0	0	0	0	0	0	0,0000	0,0000	193,0188
2021-11-11	07:33:00		60	0	0	0	0	0	0	0	0	0	0	0	0	0	0	0	0	0	0	0	0	0,0000	0,0000	193,0188
2021-11-11	07:34:00		60	0	0	0	0	0	0	0	0	0	0	0	0	0	0	0	0	0	0	0	0	0,0000	0,0000	193,0188
2021-11-11	07:35:00		60	0	0	0	0	0	0	0	0	0	0	0	0	0	0	0	0	0	0	0	0	0,0000	0,0000	193,0188
2021-11-11	07:36:00		60	0	0	0	0	0	0	0	0	0	0	0	0	0	0	0	0	0	0	0	0	0,0000	0,0000	193,0188
2021-11-11	07:37:00		60	0	0	0	0	0	0	0	0	0	0	0	0	0	0	0	0	0	0	0	0	0,0000	0,0000	193,0188
2021-11-11	07:38:00		60	0	0	0	0	0	0	0	0	0	0	0	0	0	0	0	0	0	0	0	0	0,0000	0,0000	193,0188
2021-11-11	07:39:00		60	0	0	0	0	0	0	0	0	0	0	0	0	0	0	0	0	0	0	0	0	0,0000	0,0000	193,0188
2021-11-11	07:40:00		60	0	0	0	0	0	0	0	0	0	0	0	0	0	0	0	0	0	0	0	0	0,0000	0,0000	193,0188
2021-11-11	07:41:00		60	0	0	0	0	0	0	0	0	0	0	0	0	0	0	0	0	0	0	0	0	0,0000	0,0000	193,0188
2021-11-11	07:42:00		60	0	0	0	0	0	0	0	0	0	0	0	0	0	0	0	0	0	0	0	0	0,0000	0,0000	193,0188
2021-11-11	07:43:00		60	0	0	0	0	0	0	0	0	0	0	0	0	0	0	0	0	0	0	0	0	0,0000	0,0000	193,0188
2021-11-11	07:44:00		60	0	0	0	0	0	0	0	0	0	0	0	0	0	0	0	0	0	0	0	0	0,0000	0,0000	193,0188
2021-11-11	07:45:00		60	0	0	0	0	0	0	0	0	0	0	0	0	0	0	0	0	0	0	0	0	0,0000	0,0000	193,0188
2021-11-11	07:46:00		60	0	0	0	0	0	0	0	0	0	0	0	0	0	0	0	0	0	0	0	0	0,0000	0,0000	193,0188
2021-11-11	07:47:00		60	0	0	0	0	0	0	0	0	0	0	0	0	0	0	0	0	0	0	0	0	0,0000	0,0000	193,0188
2021-11-11	07:48:00		60	0	0	0	0	0	0	0	0	0	0	0	0	0	0	0	0	0	0	0	0	0,0000	0,0000	193,0188
2021-11-11	07:49:00		60	0	0	0	0	0	0	0	0	0	0	0	0	0	0	0	0	0	0	0	0	0,0000	0,0000	193,0188
2021-11-11	07:50:00		60	0	0	0	0	0	0	0	0	0	0	0	0	0	0	0	0	0	0	0	0	0,0000	0,0000	193,0188
2021-11-11	07:51:00		60	0	0	0	0	0	0	0	0	0	0	0	0	0	0	0	0	0	0	0	0	0,0000	0,0000	193,0188
2021-11-11	07:52:00		60	0	0	0	0	0	0	0	0	0	0	0	0	0	0	0	0	0	0	0	0	0,0000	0,0000	193,0188
2021-11-11	07:53:00		60	0	0	0	0	0	0	0	0	0	0	0	0	0	0	0	0	0	0	0	0	0,0000	0,0000	193,0188
2021-11-11	07:54:00		60	0	0	0	0	0	0	0	0	0	0	0	0	0	0	0	0	0	0	0	0	0,0000	0,0000	193,0188
2021-11-11	07:55:00		60	0	0	0	0	0	0	0	0	0	0	0	0	0	0	0	0	0	0	0	0	0,0000	0,0000	193,0188
2021-11-11	07:56:00		60	0	0	0	0	0	0	0	0	0	0	0	0	0	0	0	0	0	0	0	0	0,0000	0,0000	193,0188
2021-11-11	07:57:00		60	0	0	0	0	0	0	0	0	0	0	0	0	0	0	0	0	0	0	0	0	0,0000	0,0000	193,0188
2021-11-11	07:58:00		60	0	0	0	0	0	0	0	0	0	0	0	0	0	0	0	0	0	0	0	0	0,0000	0,0000	193,0188
2021-11-11	07:59:00		60	0	0	0	0	0	0	0	0	0	0	0	0	0	0	0	0	0	0	0	0	0,0000	0,0000	193,0188
2021-11-11	08:00:00		60	0	0	0	0	0	0	0	0	0	0	0	0	0	0	0	0	0	0	0	0	0,0000	0,0000	193,0188
2021-11-11	08:01:00		60	0	0	0	0	0	0	0	0	0	0	0	0	0	0	0	0	0	0	0	0	0,0000	0,0000	193,0188
2021-11-11	08:02:00		60	0	0	0	0	0	0	0	0	0	0	0	0	0	0	0	0	0	0	0	0	0,0000	0,0000	193,0188
2021-11-11	08:03:00		60	0	0	0	0	0	0	0	0	0	0	0	0	0	0	0	0	0	0	0	0	0,0000	0,0000	193,0188
2021-11-11	08:04:00		60	0	0	0	0	0	0	0	0	0	0	0	0	0	0	0	0	0	0	0	0	0,0000	0,0000	193,0188
2021-11-11	08:05:00		60	0	0	0	0	0	0	0	0	0	0	0	0	0	0	0	0	0	0	0	0	0,0000	0,0000	193,0188
2021-11-11	08:06:00		60	0	0	0	0	0	0	0	0	0	0	0	0	0	0	0	0	0	0	0	0	0,0000	0,0000	193,0188
2021-11-11	08:07:00		60	0	0	0	0	0	0	0	0	0	0	0	0	0	0	0	0	0	0	0	0	0,0000	0,0000	193,0188
2021-11-11	08:08:00		60	0	0	0	0	0	0	0	0	0	0	0	0	0	0	0	0	0	0	0	0	0,0000	0,0000	193,0188
2021-11-11	08:09:00		60	0	0	0	0	0	0	0	0	0	0	0	0	0	0	0	0	0	0	0	0	0,0000	0,0000	193,0188
2021-11-11	08:10:00		60	0	0	0	0	0	0	0	0	0	0	0	0	0	0	0	0	0	0	0	0	0,0000	0,0000	193,0188
2021-11-11	08:11:00		60	0	0	0	0	0	0	0	0	0	0	0	0	0	0	0	0	0	0	0	0	0,0000	0,0000	193,0188
2021-11-11	08:12:00		60	0	0	0	0	0	0	0	0	0	0	0	0	0	0	0	0	0	0	0	0	0,0000	0,0000	193,0188
2021-11-11	08:13:00		60	0	0	0	0	0	0	0	0	0	0	0	0	0	0	0	0	0	0	0	0	0,0000	0,0000	193,0188
2021-11-11	08:14:00		60	0	0	0	0	0	0	0	0	0	0	0	0	0	0	0	0	0	0	0	0	0,0000	0,0000	193,0188
2021-11-11	08:15:00		60	0	0	0	0	0	0	0	0	0	0	0	0	0	0	0	0	0	0	0	0	0,0000	0,0000	193,0188
2021-11-11	08:16:00		60	0	0	0	0	0	0	0	0	0	0	0	0	0	0	0	0	0	0	0	0	0,0000	0,0000	193,0188
2021-11-11	08:17:00		60	0	0	0	0	0	0	0	0	0	0	0	0	0	0	0	0	0	0	0	0	0,0000	0,0000	193,0188
2021-11-11	08:18:00		60	0	0	0	0	0	0	0	0	0	0	0	0	0	0	0	0	0	0	0	0	0,0000	0,0000	193,0188
2021-11-11	08:19:00		60	0	0	0	0	0	0	0	0	0	0	0	0	0	0	0	0	0	0	0	0	0,0000	0,0000	193,0188
2021-11-11	08:20:00		60	0	0	0	0	0	0	0	0	0	0	0	0	0	0	0	0	0	0	0	0	0,0000	0,0000	193,0188
2021-11-11	08:21:00		60	0	0	0	0	0	0	0	0	0	0	0	0	0	0	0	0	0	0	0	0	0,0000	0,0000	193,0188
2021-11-11	08:22:00		60	0	0	0	0	0	0	0	0	0	0	0	0	0	0	0	0	0	0	0	0	0,0000	0,0000	193,0188
2021-11-11	08:23:00		60	0	0	0	0	0	0	0	0	0	0	0	0	0	0	0	0	0	0	0	0	0,0000	0,0000	193,0188
2021-11-11	08:24:00		60	0	0	0	0	0	0	0	0	0	0	0	0	0	0	0	0	0	0	0	0	0,0000	0,0000	193,0188
2021-11-11	08:25:00		60	0	0	0	0	0	0	0	0	0	0	0	0	0	0	0	0	0	0	0	0	0,0000	0,0000	193,0188
2021-11-11	08:26:00		60	0	0	0	0	0	0	0	0	0	0	0	0	0	0	0	0	0	0	0	0	0,0000	0,0000	193,0188
2021-11-11	08:27:00		60	0	0	0	0	0	0	0	0	0	0	0	0	0	0	0	0	0	0	0	0	0,0000	0,0000	193,0188
2021-11-11	08:28:00		60	0	0	0	0	0	0	0	0	0	0	0	0	0	0	0	0	0	0	0	0	0,0000	0,0000	193,0188
2021-11-11	08:29:00		60	0	0	0	0	0	0	0	0	0	0	0	0	0	0	0	0	0	0	0	0	0,0000	0,0000	193,0188
2021-11-11	08:30:00		60	0	0	0	0	0	0	0	0	0	0	0	0	0	0	0	0	0	0	0	0	0,0000	0,0000	193,0188
2021-11-11	08:31:00		60	0	0	0	0	0	0	0	0	0	0	0	0	0	0	0	0	0	0	0	0	0,0000	0,0000	193,0188
2021-11-11	08:32:00		60	0	0	0	0	0	0	0	0	0	0	0	0	0	0	0	0	0	0	0	0	0,0000	0,0000	193,0188
2021-11-11	08:33:00		60	0	0	0	0	0	0	0	0	0	0	0	0	0	0	0	0	0	0	0	0	0,0000	0,0000	193,0188
2021-11-11	08:34:00		60	0	0	0	0	0	0	0	0	0	0	0	0	0	0	0	0	0	0	0	0	0,0000	0,0000	193,0188
2021-11-11	08:35:00		60	0	0	0	0	0	0	0	0	0	0	0	0	0	0	0	0	0	0	0	0	0,0000	0,0000	193,0188
2021-11-11	08:36:00		60	0	0	0	0	0	0	0	0	0	0	0	0	0	0	0	0	0	0	0	0	0,0000	0,0000	193,0188
2021-11-11	08:37:00		60	0	0	0	0	0	0	0	0	0	0	0	0	0	0	0	0	0	0	0	0	0,0000	0,0000	193,0188
2021-11-11	08:38:00		60	0	0	0	0	0	0	0	0	0	0	0	0	0	0	0	0	0	0	0	0	0,0000	0,0000	193,0188
2021-11-11	08:39:00		60	0	0	0	0	0	0	0	0	0	0	0	0	0	0	0	0	0	0	0	0	0,0000	0,0000	193,0188
2021-11-11	08:40:00		60	0	0	0	0	0	0	0	0	0	0	0	0	0	0	0	0	0	0	0	0	0,0000	0,0000	193,0188
2021-11-11	08:41:00		60	0	0	0	0	0	0	0	0	0	0	0	0	0	0	0	0	0	0	0	0	0,0000	0,0000	193,0188
2021-11-11	08:42:00		60	0	0	0	0	0	0	0	0	0	0	0	0	0	0	0	0	0	0	0	0	0,0000	0,0000	193,0188
2021-11-11	08:43:00		60	1	0	0	0	0	0	0	0	0	0	0	0	1	0	0	0	0	0	0	0	0,1087	0,0018	193,0206
2021-11-11	08:44:00		60	4	1	0	0	0	0	0	0	0	0	1	0	0	0	0	0	0	0	0	0	0,0457	0,0008	193,0213
2021-11-11	08:45:00		60	3	1	0	0	0	1	0	0	0	0	2	0	0	0	0	0	0	0	0	0	0,0941	0,0016	193,0229
2021-11-11	08:46:00		60	2	1	0	0	0	0	0	0	1	1	0	0	0	0	0	0	0	0	0	0	0,0516	0,0009	193,0238
2021-11-11	08:47:00		60	11	0	0	1	1	0	0	1	1	3	5	0	0	0	0	0	0	0	0	0	0,3507	0,0058	193,0296
2021-11-11	08:48:00		60	18	2	1	1	0	0	0	5	9	4	7	1	0	0	0	0	0	0	0	0	0,7723	0,0129	193,0425
2021-11-11	08:49:00		60	15	4	0	1	0	0	1	4	9	11	4	2	0	0	0	0	0	0	0	0	0,9092	0,0152	193,0576
2021-11-11	08:50:00		60	17	1	0	1	0	1	2	6	8	12	8	2	0	0	0	0	0	0	0	0	1,1344	0,0189	193,0765
2021-11-11	08:51:00		60	13	0	0	2	0	0	3	10	7	6	3	1	0	0	0	0	0	0	0	0	0,7101	0,0118	193,0884
2021-11-11	08:52:00		60	12	0	1	0	0	0	7	7	7	5	6	0	0	0	0	0	0	0	0	0	0,7281	0,0121	193,1005
2021-11-11	08:53:00		60	2	1	0	1	0	0	7	9	4	0	2	0	0	0	0	0	0	0	0	0	0,3711	0,0062	193,1067
2021-11-11	08:54:00		60	2	0	0	1	1	1	4	5	2	2	1	0	0	0	0	0	0	0	0	0	0,2639	0,0044	193,1111
2021-11-11	08:55:00		60	1	0	1	1	1	0	2	2	2	1	0	0	0	0	0	0	0	0	0	0	0,1250	0,0021	193,1132
2021-11-11	08:56:00		60	1	0	0	0	0	0	1	2	0	1	0	0	0	0	0	0	0	0	0	0	0,0677	0,0011	193,1143
2021-11-11	08:57:00		60	0	0	0	0	1	0	1	4	1	1	0	0	0	0	0	0	0	0	0	0	0,1213	0,0020	193,1163
2021-11-11	08:58:00		60	0	0	0	1	0	0	1	4	0	0	1	0	0	0	0	0	0	0	0	0	0,1137	0,0019	193,1182
2021-11-11	08:59:00		60	0	0	0	1	1	0	1	2	0	1	0	0	0	0	0	0	0	0	0	0	0,0720	0,0012	193,1194
2021-11-11	09:00:00		60	0	0	1	1	0	0	0	1	1	0	0	0	0	0	0	0	0	0	0	0	0,0391	0,0007	193,1201
2021-11-11	09:01:00		60	0	0	0	0	0	0	3	2	0	0	0	0	0	0	0	0	0	0	0	0	0,0558	0,0009	193,1210
2021-11-11	09:02:00		60	1	0	0	0	0	1	0	4	0	0	0	0	0	0	0	0	0	0	0	0	0,0643	0,0011	193,1221
2021-11-11	09:03:00		60	0	0	0	0	0	0	4	7	1	0	0	0	0	0	0	0	0	0	0	0	0,1601	0,0027	193,1248
2021-11-11	09:04:00		60	1	0	0	0	0	0	3	3	0	0	0	0	0	0	0	0	0	0	0	0	0,0709	0,0012	193,1259
2021-11-11	09:05:00		60	2	0	0	1	1	1	5	3	0	1	1	0	0	0	0	0	0	0	0	0	0,1710	0,0029	193,1288
2021-11-11	09:06:00		60	2	0	0	0	0	0	11	3	1	1	0	0	0	0	0	0	0	0	0	0	0,1916	0,0032	193,1320
2021-11-11	09:07:00		60	1	0	1	0	2	1	8	8	0	0	1	0	0	0	0	0	0	0	0	0	0,2442	0,0041	193,1360
2021-11-11	09:08:00		60	0	0	0	0	0	3	4	2	0	0	0	0	0	0	0	0	0	0	0	0	0,0789	0,0013	193,1374
2021-11-11	09:09:00		60	0	0	0	0	1	3	8	2	0	0	0	0	0	0	0	0	0	0	0	0	0,1167	0,0019	193,1393
2021-11-11	09:10:00		60	0	0	0	1	0	1	3	6	0	0	0	0	0	0	0	0	0	0	0	0	0,1216	0,0020	193,1413
2021-11-11	09:11:00		60	0	0	0	0	1	2	3	2	0	0	0	0	0	0	0	0	0	0	0	0	0,0683	0,0011	193,1425
2021-11-11	09:12:00		60	0	0	0	0	0	2	7	0	0	0	0	0	0	0	0	0	0	0	0	0	0,0707	0,0012	193,1437
2021-11-11	09:13:00		60	0	0	1	0	0	3	3	0	0	0	0	0	0	0	0	0	0	0	0	0	0,0416	0,0007	193,1443
2021-11-11	09:14:00		60	0	2	2	0	0	1	1	1	0	0	0	0	0	0	0	0	0	0	0	0	0,0316	0,0005	193,1449
2021-11-11	09:15:00		60	0	2	0	0	0	0	1	0	0	0	0	0	0	0	0	0	0	0	0	0	0,0099	0,0002	193,1450
2021-11-11	09:16:00		60	1	2	1	0	0	0	0	0	0	0	0	0	0	0	0	0	0	0	0	0	0,0025	0,0000	193,1451
2021-11-11	09:17:00		60	0	0	0	0	0	2	0	0	0	0	0	0	0	0	0	0	0	0	0	0	0,0096	0,0002	193,1452
2021-11-11	09:18:00		60	0	1	1	0	0	0	0	0	0	0	0	0	0	0	0	0	0	0	0	0	0,0016	0,0000	193,1453
2021-11-11	09:19:00		60	1	0	0	0	0	1	0	0	0	0	0	0	0	0	0	0	0	0	0	0	0,0051	0,0001	193,1453
2021-11-11	09:20:00		60	0	0	0	0	0	0	0	0	0	0	0	0	0	0	0	0	0	0	0	0	0,0000	0,0000	193,1453
