YYYY-MM-DD	hh:mm:ss	Status	Interval [s]	n1	n2	n3	n4	n5	n6	n7	n8	n9	n10	n11	n12	n13	n14	n15	n16	n17	n18	n19	n20	RI [mm/h]	RA [mm]	RAT [mm]
2021-11-11	15:46:00		60	0	0	0	0	0	0	0	0	0	0	0	0	0	0	0	0	0	0	0	0	0,0000	0,0000	196,5792
2021-11-11	15:47:00		60	0	0	0	0	0	0	0	0	0	0	0	0	0	0	0	0	0	0	0	0	0,0000	0,0000	196,5792
2021-11-11	15:48:00		60	0	0	0	0	0	0	0	0	0	0	0	0	0	0	0	0	0	0	0	0	0,0000	0,0000	196,5792
2021-11-11	15:49:00		60	0	0	0	0	0	0	0	0	0	0	0	0	0	0	0	0	0	0	0	0	0,0000	0,0000	196,5792
2021-11-11	15:50:00		60	0	0	0	0	0	0	0	0	0	0	0	0	0	0	0	0	0	0	0	0	0,0000	0,0000	196,5792
2021-11-11	15:51:00		60	0	0	0	0	0	0	0	0	0	0	0	0	0	0	0	0	0	0	0	0	0,0000	0,0000	196,5792
2021-11-11	15:52:00		60	0	0	0	0	0	0	0	0	0	0	0	0	0	0	0	0	0	0	0	0	0,0000	0,0000	196,5792
2021-11-11	15:53:00		60	0	0	0	0	0	0	0	0	0	0	0	0	0	0	0	0	0	0	0	0	0,0000	0,0000	196,5792
2021-11-11	15:54:00		60	0	0	0	0	0	0	0	0	0	0	0	0	0	0	0	0	0	0	0	0	0,0000	0,0000	196,5792
2021-11-11	15:55:00		60	0	0	0	0	0	0	0	0	0	0	0	0	0	0	0	0	0	0	0	0	0,0000	0,0000	196,5792
2021-11-11	15:56:00		60	0	0	0	0	0	0	0	0	0	0	0	0	0	0	0	0	0	0	0	0	0,0000	0,0000	196,5792
2021-11-11	15:57:00		60	0	0	0	0	0	0	0	0	0	0	0	0	0	0	0	0	0	0	0	0	0,0000	0,0000	196,5792
2021-11-11	15:58:00		60	0	0	0	0	0	0	0	0	0	0	0	0	0	0	0	0	0	0	0	0	0,0000	0,0000	196,5792
2021-11-11	15:59:00		60	0	0	0	0	0	0	0	0	0	0	0	0	0	0	0	0	0	0	0	0	0,0000	0,0000	196,5792
2021-11-11	16:00:00		60	0	0	0	0	0	0	0	0	0	0	0	0	0	0	0	0	0	0	0	0	0,0000	0,0000	196,5792
2021-11-11	16:01:00		60	0	0	0	0	0	0	0	0	0	0	0	0	0	0	0	0	0	0	0	0	0,0000	0,0000	196,5792
2021-11-11	16:02:00		60	0	0	0	0	0	0	0	0	0	0	0	0	0	0	0	0	0	0	0	0	0,0000	0,0000	196,5792
2021-11-11	16:03:00		60	0	0	0	0	0	0	0	0	0	0	0	0	0	0	0	0	0	0	0	0	0,0000	0,0000	196,5792
2021-11-11	16:04:00		60	0	0	0	0	0	0	0	0	0	0	0	0	0	0	0	0	0	0	0	0	0,0000	0,0000	196,5792
2021-11-11	16:05:00		60	0	0	0	0	0	0	0	0	0	0	0	0	0	0	0	0	0	0	0	0	0,0000	0,0000	196,5792
2021-11-11	16:06:00		60	0	0	0	0	0	0	0	0	0	0	0	0	0	0	0	0	0	0	0	0	0,0000	0,0000	196,5792
2021-11-11	16:07:00		60	0	0	0	0	0	0	0	0	0	0	0	0	0	0	0	0	0	0	0	0	0,0000	0,0000	196,5792
2021-11-11	16:08:00		60	0	0	0	0	0	0	0	0	0	0	0	0	0	0	0	0	0	0	0	0	0,0000	0,0000	196,5792
2021-11-11	16:09:00		60	0	0	0	0	0	0	0	0	0	0	0	0	0	0	0	0	0	0	0	0	0,0000	0,0000	196,5792
2021-11-11	16:10:00		60	0	0	0	0	0	0	0	0	0	0	0	0	0	0	0	0	0	0	0	0	0,0000	0,0000	196,5792
2021-11-11	16:11:00		60	0	0	0	0	0	0	0	0	0	0	0	0	0	0	0	0	0	0	0	0	0,0000	0,0000	196,5792
2021-11-11	16:12:00		60	0	0	0	0	0	0	0	0	0	0	0	0	0	0	0	0	0	0	0	0	0,0000	0,0000	196,5792
2021-11-11	16:13:00		60	0	0	0	0	0	0	0	0	0	0	0	0	0	0	0	0	0	0	0	0	0,0000	0,0000	196,5792
2021-11-11	16:14:00		60	0	0	0	0	0	0	0	0	0	0	0	0	0	0	0	0	0	0	0	0	0,0000	0,0000	196,5792
2021-11-11	16:15:00		60	0	0	0	0	0	0	0	0	0	0	0	0	0	0	0	0	0	0	0	0	0,0000	0,0000	196,5792
2021-11-11	16:16:00		60	0	0	0	0	0	0	0	0	0	0	0	0	0	0	0	0	0	0	0	0	0,0000	0,0000	196,5792
2021-11-11	16:17:00		60	0	0	0	0	0	0	0	0	0	0	0	0	0	0	0	0	0	0	0	0	0,0000	0,0000	196,5792
2021-11-11	16:18:00		60	0	0	0	0	0	0	0	0	0	0	0	0	0	0	0	0	0	0	0	0	0,0000	0,0000	196,5792
2021-11-11	16:19:00		60	0	0	0	0	0	0	0	0	0	0	0	0	0	0	0	0	0	0	0	0	0,0000	0,0000	196,5792
2021-11-11	16:20:00		60	0	0	0	0	0	0	0	0	0	0	0	0	0	0	0	0	0	0	0	0	0,0000	0,0000	196,5792
2021-11-11	16:21:00		60	0	0	0	0	0	0	0	0	0	0	0	0	0	0	0	0	0	0	0	0	0,0000	0,0000	196,5792
2021-11-11	16:22:00		60	0	0	0	0	0	0	0	0	0	0	0	0	0	0	0	0	0	0	0	0	0,0000	0,0000	196,5792
2021-11-11	16:23:00		60	0	0	0	0	0	0	0	0	0	0	0	0	0	0	0	0	0	0	0	0	0,0000	0,0000	196,5792
2021-11-11	16:24:00		60	0	0	0	0	0	0	0	0	0	0	0	0	0	0	0	0	0	0	0	0	0,0000	0,0000	196,5792
2021-11-11	16:25:00		60	0	0	0	0	0	0	0	0	0	0	0	0	0	0	0	0	0	0	0	0	0,0000	0,0000	196,5792
2021-11-11	16:26:00		60	0	0	0	0	0	0	0	0	0	0	0	0	0	0	0	0	0	0	0	0	0,0000	0,0000	196,5792
2021-11-11	16:27:00		60	0	0	0	0	0	0	0	0	0	0	0	0	0	0	0	0	0	0	0	0	0,0000	0,0000	196,5792
2021-11-11	16:28:00		60	0	0	0	0	0	0	0	0	0	0	0	0	0	0	0	0	0	0	0	0	0,0000	0,0000	196,5792
2021-11-11	16:29:00		60	0	0	0	0	0	0	0	0	0	0	0	0	0	0	0	0	0	0	0	0	0,0000	0,0000	196,5792
2021-11-11	16:30:00		60	0	0	0	0	0	0	0	0	0	0	0	0	0	0	0	0	0	0	0	0	0,0000	0,0000	196,5792
2021-11-11	16:31:00		60	0	0	0	0	0	0	0	0	0	0	0	0	0	0	0	0	0	0	0	0	0,0000	0,0000	196,5792
2021-11-11	16:32:00		60	0	0	0	0	0	0	0	0	0	0	0	0	0	0	0	0	0	0	0	0	0,0000	0,0000	196,5792
2021-11-11	16:33:00		60	0	0	0	0	0	0	0	0	0	0	0	0	0	0	0	0	0	0	0	0	0,0000	0,0000	196,5792
2021-11-11	16:34:00		60	0	0	0	0	0	0	0	0	0	0	0	0	0	0	0	0	0	0	0	0	0,0000	0,0000	196,5792
2021-11-11	16:35:00		60	0	0	0	0	0	0	0	0	0	0	0	0	0	0	0	0	0	0	0	0	0,0000	0,0000	196,5792
2021-11-11	16:36:00		60	0	0	0	0	0	0	0	0	0	0	0	0	0	0	0	0	0	0	0	0	0,0000	0,0000	196,5792
2021-11-11	16:37:00		60	0	0	0	0	0	0	0	0	0	0	0	0	0	0	0	0	0	0	0	0	0,0000	0,0000	196,5792
2021-11-11	16:38:00		60	0	0	0	0	0	0	0	0	0	0	0	0	0	0	0	0	0	0	0	0	0,0000	0,0000	196,5792
2021-11-11	16:39:00		60	0	0	0	0	0	0	0	0	0	0	0	0	0	0	0	0	0	0	0	0	0,0000	0,0000	196,5792
2021-11-11	16:40:00		60	0	0	0	0	0	0	0	0	0	0	0	0	0	0	0	0	0	0	0	0	0,0000	0,0000	196,5792
2021-11-11	16:41:00		60	0	0	0	0	0	0	0	0	0	0	0	0	0	0	0	0	0	0	0	0	0,0000	0,0000	196,5792
2021-11-11	16:42:00		60	0	0	0	0	0	0	0	0	0	0	0	0	0	0	0	0	0	0	0	0	0,0000	0,0000	196,5792
2021-11-11	16:43:00		60	0	0	0	0	0	0	0	0	0	0	0	0	0	0	0	0	0	0	0	0	0,0000	0,0000	196,5792
2021-11-11	16:44:00		60	0	0	0	0	0	0	0	0	0	0	0	0	0	0	0	0	0	0	0	0	0,0000	0,0000	196,5792
2021-11-11	16:45:00		60	0	0	0	0	0	0	0	0	0	0	0	0	0	0	0	0	0	0	0	0	0,0000	0,0000	196,5792
2021-11-11	16:46:00		60	0	0	0	0	0	0	0	0	0	0	0	0	0	0	0	0	0	0	0	0	0,0000	0,0000	196,5792
2021-11-11	16:47:00		60	0	0	0	0	0	0	0	0	0	0	0	0	0	0	0	0	0	0	0	0	0,0000	0,0000	196,5792
2021-11-11	16:48:00		60	0	0	0	0	0	0	0	0	0	0	0	0	0	0	0	0	0	0	0	0	0,0000	0,0000	196,5792
2021-11-11	16:49:00		60	0	0	0	0	0	0	0	0	0	0	0	0	0	0	0	0	0	0	0	0	0,0000	0,0000	196,5792
2021-11-11	16:50:00		60	0	0	0	0	0	0	0	0	0	0	0	0	0	0	0	0	0	0	0	0	0,0000	0,0000	196,5792
2021-11-11	16:51:00		60	0	0	0	0	0	0	0	0	0	0	0	0	0	0	0	0	0	0	0	0	0,0000	0,0000	196,5792
2021-11-11	16:52:00		60	0	0	0	0	0	0	0	0	0	0	0	0	0	0	0	0	0	0	0	0	0,0000	0,0000	196,5792
2021-11-11	16:53:00		60	0	0	0	0	0	0	0	0	0	0	0	0	0	0	0	0	0	0	0	0	0,0000	0,0000	196,5792
2021-11-11	16:54:00		60	0	0	0	0	0	0	0	0	0	0	0	0	0	0	0	0	0	0	0	0	0,0000	0,0000	196,5792
2021-11-11	16:55:00		60	0	0	0	0	0	0	0	0	0	0	0	0	0	0	0	0	0	0	0	0	0,0000	0,0000	196,5792
2021-11-11	16:56:00		60	0	0	0	0	0	0	0	0	0	0	0	0	0	0	0	0	0	0	0	0	0,0000	0,0000	196,5792
2021-11-11	16:57:00		60	0	0	0	0	0	0	0	0	0	0	0	0	0	0	0	0	0	0	0	0	0,0000	0,0000	196,5792
2021-11-11	16:58:00		60	0	0	0	0	0	0	0	0	0	0	0	0	0	0	0	0	0	0	0	0	0,0000	0,0000	196,5792
2021-11-11	16:59:00		60	0	0	0	0	0	0	0	0	0	0	0	0	0	0	0	0	0	0	0	0	0,0000	0,0000	196,5792
2021-11-11	17:00:00		60	0	0	0	0	0	0	0	0	0	0	0	0	0	0	0	0	0	0	0	0	0,0000	0,0000	196,5792
2021-11-11	17:01:00		60	0	0	0	0	0	0	0	0	0	0	0	0	0	0	0	0	0	0	0	0	0,0000	0,0000	196,5792
2021-11-11	17:02:00		60	0	0	0	0	0	0	0	0	0	0	0	0	0	0	0	0	0	0	0	0	0,0000	0,0000	196,5792
2021-11-11	17:03:00		60	0	0	0	0	0	0	0	0	0	0	0	0	0	0	0	0	0	0	0	0	0,0000	0,0000	196,5792
2021-11-11	17:04:00		60	0	0	0	0	0	0	0	0	0	0	0	0	0	0	0	0	0	0	0	0	0,0000	0,0000	196,5792
2021-11-11	17:05:00		60	0	0	0	0	0	0	0	0	0	0	0	0	0	0	0	0	0	0	0	0	0,0000	0,0000	196,5792
2021-11-11	17:06:00		60	0	0	0	0	0	0	0	0	0	0	0	0	0	0	0	0	0	0	0	0	0,0000	0,0000	196,5792
2021-11-11	17:07:00		60	12	28	4	0	0	0	0	0	0	0	0	0	0	0	0	0	0	0	0	0	0,0243	0,0004	196,5796
2021-11-11	17:08:00		60	0	0	0	0	0	0	0	0	0	0	0	0	0	0	0	0	0	0	0	0	0,0000	0,0000	196,5796
2021-11-11	17:09:00		60	0	0	0	0	0	0	0	0	0	0	0	0	0	0	0	0	0	0	0	0	0,0000	0,0000	196,5796
2021-11-11	17:10:00		60	0	0	0	0	0	0	0	0	0	0	0	0	0	0	0	0	0	0	0	0	0,0000	0,0000	196,5796
2021-11-11	17:11:00		60	0	0	0	0	0	0	0	0	0	0	0	0	0	0	0	0	0	0	0	0	0,0000	0,0000	196,5796
2021-11-11	17:12:00		60	0	0	0	0	0	0	0	0	0	0	0	0	0	0	0	0	0	0	0	0	0,0000	0,0000	196,5796
2021-11-11	17:13:00		60	0	0	0	0	0	0	0	0	0	0	0	0	0	0	0	0	0	0	0	0	0,0000	0,0000	196,5796
2021-11-11	17:14:00		60	0	0	0	0	0	0	0	0	0	0	0	0	0	0	0	0	0	0	0	0	0,0000	0,0000	196,5796
2021-11-11	17:15:00		60	0	0	0	0	0	0	0	0	0	0	0	0	0	0	0	0	0	0	0	0	0,0000	0,0000	196,5796
2021-11-11	17:16:00		60	0	0	0	0	0	0	0	0	0	0	0	0	0	0	0	0	0	0	0	0	0,0000	0,0000	196,5796
2021-11-11	17:17:00		60	0	0	0	0	0	0	0	0	0	0	0	0	0	0	0	0	0	0	0	0	0,0000	0,0000	196,5796
2021-11-11	17:18:00		60	0	0	0	0	0	0	0	0	0	0	0	0	0	0	0	0	0	0	0	0	0,0000	0,0000	196,5796
2021-11-11	17:19:00		60	18	31	4	1	0	0	0	0	0	0	0	0	0	0	0	0	0	0	0	0	0,0296	0,0005	196,5801
2021-11-11	17:20:00		60	0	0	0	0	0	0	0	0	0	0	0	0	0	0	0	0	0	0	0	0	0,0000	0,0000	196,5801
2021-11-11	17:21:00		60	0	0	0	0	0	0	0	0	0	0	0	0	0	0	0	0	0	0	0	0	0,0000	0,0000	196,5801
2021-11-11	17:22:00		60	0	0	0	0	0	0	0	0	0	0	0	0	0	0	0	0	0	0	0	0	0,0000	0,0000	196,5801
2021-11-11	17:23:00		60	0	0	0	0	0	0	0	0	0	0	0	0	0	0	0	0	0	0	0	0	0,0000	0,0000	196,5801
2021-11-11	17:24:00		60	0	0	0	0	0	0	0	0	0	0	0	0	0	0	0	0	0	0	0	0	0,0000	0,0000	196,5801
2021-11-11	17:25:00		60	0	0	0	0	0	0	0	0	0	0	0	0	0	0	0	0	0	0	0	0	0,0000	0,0000	196,5801
2021-11-11	17:26:00		60	0	0	0	0	0	0	0	0	0	0	0	0	0	0	0	0	0	0	0	0	0,0000	0,0000	196,5801
2021-11-11	17:27:00		60	0	0	0	0	0	0	0	0	0	0	0	0	0	0	0	0	0	0	0	0	0,0000	0,0000	196,5801
2021-11-11	17:28:00		60	0	0	0	0	0	0	0	0	0	0	0	0	0	0	0	0	0	0	0	0	0,0000	0,0000	196,5801
2021-11-11	17:29:00		60	0	0	0	0	0	0	0	0	0	0	0	0	0	0	0	0	0	0	0	0	0,0000	0,0000	196,5801
2021-11-11	17:30:00		60	0	0	0	0	0	0	0	0	0	0	0	0	0	0	0	0	0	0	0	0	0,0000	0,0000	196,5801
2021-11-11	17:31:00		60	0	0	0	0	0	0	0	0	0	0	0	0	0	0	0	0	0	0	0	0	0,0000	0,0000	196,5801
2021-11-11	17:32:00		60	0	0	0	0	0	0	0	0	0	0	0	0	0	0	0	0	0	0	0	0	0,0000	0,0000	196,5801
2021-11-11	17:33:00		60	0	0	0	0	0	0	0	0	0	0	0	0	0	0	0	0	0	0	0	0	0,0000	0,0000	196,5801
2021-11-11	17:34:00		60	0	0	0	0	0	0	0	0	0	0	0	0	0	0	0	0	0	0	0	0	0,0000	0,0000	196,5801
2021-11-11	17:35:00		60	0	0	0	0	0	0	0	0	0	0	0	0	0	0	0	0	0	0	0	0	0,0000	0,0000	196,5801
2021-11-11	17:36:00		60	0	0	0	0	0	0	0	0	0	0	0	0	0	0	0	0	0	0	0	0	0,0000	0,0000	196,5801
2021-11-11	17:37:00		60	0	0	0	0	0	0	0	0	0	0	0	0	0	0	0	0	0	0	0	0	0,0000	0,0000	196,5801
2021-11-11	17:38:00		60	0	0	0	0	0	0	0	0	0	0	0	0	0	0	0	0	0	0	0	0	0,0000	0,0000	196,5801
2021-11-11	17:39:00		60	0	0	0	0	0	0	0	0	0	0	0	0	0	0	0	0	0	0	0	0	0,0000	0,0000	196,5801
2021-11-11	17:40:00		60	0	0	0	0	0	0	0	0	0	0	0	0	0	0	0	0	0	0	0	0	0,0000	0,0000	196,5801
2021-11-11	17:41:00		60	0	0	0	0	0	0	0	0	0	0	0	0	0	0	0	0	0	0	0	0	0,0000	0,0000	196,5801
2021-11-11	17:42:00		60	0	0	0	0	0	0	0	0	0	0	0	0	0	0	0	0	0	0	0	0	0,0000	0,0000	196,5801
2021-11-11	17:43:00		60	0	0	0	0	0	0	0	0	0	0	0	0	0	0	0	0	0	0	0	0	0,0000	0,0000	196,5801
2021-11-11	17:44:00		60	0	0	0	0	0	0	0	0	0	0	0	0	0	0	0	0	0	0	0	0	0,0000	0,0000	196,5801
2021-11-11	17:45:00		60	0	0	0	0	0	0	0	0	0	0	0	0	0	0	0	0	0	0	0	0	0,0000	0,0000	196,5801
2021-11-11	17:46:00		60	0	0	0	0	0	0	0	0	0	0	0	0	0	0	0	0	0	0	0	0	0,0000	0,0000	196,5801
2021-11-11	17:47:00		60	0	0	0	0	0	0	0	0	0	0	0	0	0	0	0	0	0	0	0	0	0,0000	0,0000	196,5801
2021-11-11	17:48:00		60	0	0	3	0	0	1	0	0	0	0	0	0	0	0	0	0	0	0	0	0	0,0079	0,0001	196,5802
2021-11-11	17:49:00		60	5	11	9	14	8	4	0	0	0	0	0	0	0	0	0	0	0	0	0	0	0,0844	0,0014	196,5816
2021-11-11	17:50:00		60	10	27	29	24	4	0	0	0	0	0	0	0	0	0	0	0	0	0	0	0	0,1035	0,0017	196,5833
2021-11-11	17:51:00		60	20	39	16	14	8	12	1	0	0	0	0	0	0	0	0	0	0	0	0	0	0,1597	0,0027	196,5860
2021-11-11	17:52:00		60	13	43	63	67	86	74	35	5	1	0	0	0	0	0	0	0	0	0	0	0	1,2170	0,0203	196,6063
2021-11-11	17:53:00		60	38	79	86	123	42	15	0	0	0	0	0	0	0	0	0	0	0	0	0	0	0,5590	0,0093	196,6156
2021-11-11	17:54:00		60	16	21	35	31	2	2	0	0	0	0	0	0	0	0	0	0	0	0	0	0	0,1242	0,0021	196,6177
2021-11-11	17:55:00		60	12	6	0	0	0	0	0	0	0	0	0	0	0	0	0	0	0	0	0	0	0,0070	0,0001	196,6178
2021-11-11	17:56:00		60	13	5	0	0	0	0	0	0	0	0	0	0	0	0	0	0	0	0	0	0	0,0067	0,0001	196,6179
2021-11-11	17:57:00		60	8	21	13	5	3	4	0	0	0	0	0	0	0	0	0	0	0	0	0	0	0,0651	0,0011	196,6190
2021-11-11	17:58:00		60	14	49	68	38	55	28	10	1	0	0	0	0	0	0	0	0	0	0	0	0	0,5664	0,0094	196,6284
2021-11-11	17:59:00		60	36	42	58	100	67	45	11	0	0	0	0	0	0	0	0	0	0	0	0	0	0,7778	0,0130	196,6414
2021-11-11	18:00:00		60	24	60	77	50	18	11	1	1	0	0	0	0	0	0	0	0	0	0	0	0	0,3401	0,0057	196,6470
2021-11-11	18:01:00		60	32	60	62	35	21	18	19	6	0	0	0	0	0	0	0	0	0	0	0	0	0,5734	0,0096	196,6566
2021-11-11	18:02:00		60	19	26	31	43	39	44	39	10	0	0	0	0	0	0	0	0	0	0	0	0	0,9412	0,0157	196,6723
2021-11-11	18:03:00		60	15	24	26	14	3	1	3	2	0	0	0	0	0	0	0	0	0	0	0	0	0,1400	0,0023	196,6746
2021-11-11	18:04:00		60	8	13	17	13	5	11	5	0	0	0	0	0	0	0	0	0	0	0	0	0	0,1616	0,0027	196,6773
2021-11-11	18:05:00		60	13	26	11	10	6	7	9	0	0	0	0	0	0	0	0	0	0	0	0	0	0,1778	0,0030	196,6803
2021-11-11	18:06:00		60	20	7	5	10	9	13	13	0	0	0	0	1	0	0	0	0	0	0	0	0	0,3070	0,0051	196,6854
2021-11-11	18:07:00		60	18	8	14	8	13	4	1	0	0	0	0	1	0	0	0	0	0	0	0	0	0,1766	0,0029	196,6883
2021-11-11	18:08:00		60	16	3	6	9	3	1	0	0	0	0	1	1	0	0	0	0	0	0	0	0	0,1585	0,0026	196,6910
2021-11-11	18:09:00		60	4	1	0	0	0	0	0	0	0	0	0	0	0	0	0	0	0	0	0	0	0,0018	0,0000	196,6910
2021-11-11	18:10:00		60	0	0	0	0	0	0	0	0	0	0	0	0	0	0	0	0	0	0	0	0	0,0000	0,0000	196,6910
2021-11-11	18:11:00		60	1	4	0	0	0	0	0	0	0	0	0	0	0	0	0	0	0	0	0	0	0,0027	0,0000	196,6910
2021-11-11	18:12:00		60	0	0	0	0	0	0	0	0	0	0	0	0	0	0	0	0	0	0	0	0	0,0000	0,0000	196,6910
2021-11-11	18:13:00		60	0	0	0	0	0	0	0	0	0	0	0	0	0	0	0	0	0	0	0	0	0,0000	0,0000	196,6910
2021-11-11	18:14:00		60	0	0	0	0	0	0	0	0	0	0	0	0	0	0	0	0	0	0	0	0	0,0000	0,0000	196,6910
2021-11-11	18:15:00		60	0	0	0	0	1	0	0	0	0	0	0	0	0	0	0	0	0	0	0	0	0,0029	0,0000	196,6911
2021-11-11	18:16:00		60	0	0	0	3	1	1	1	0	0	0	0	0	0	0	0	0	0	0	0	0	0,0217	0,0004	196,6915
2021-11-11	18:17:00		60	0	1	0	6	8	4	1	0	0	0	0	0	0	0	0	0	0	0	0	0	0,0621	0,0010	196,6925
2021-11-11	18:18:00		60	0	1	0	2	6	3	10	1	0	0	0	0	0	0	0	0	0	0	0	0	0,1379	0,0023	196,6948
2021-11-11	18:19:00		60	2	1	0	5	1	9	15	2	0	2	0	0	0	0	0	0	0	0	0	0	0,2746	0,0046	196,6994
2021-11-11	18:20:00		60	2	0	1	5	1	2	18	7	0	1	1	0	0	0	0	0	0	0	0	0	0,3568	0,0059	196,7053
2021-11-11	18:21:00		60	2	1	11	9	4	10	12	2	1	2	1	0	0	0	0	0	0	0	0	0	0,3458	0,0058	196,7111
2021-11-11	18:22:00		60	6	9	10	4	2	12	23	3	2	3	3	0	0	0	0	0	0	0	0	0	0,5948	0,0099	196,7210
2021-11-11	18:23:00		60	7	10	8	8	3	18	21	10	3	0	1	1	0	0	0	0	0	0	0	0	0,6375	0,0106	196,7316
2021-11-11	18:24:00		60	5	6	0	4	5	13	23	18	4	2	0	0	0	0	0	0	0	0	0	0	0,7001	0,0117	196,7433
2021-11-11	18:25:00		60	8	0	2	3	6	13	22	11	2	3	1	1	0	0	0	0	0	0	0	0	0,6906	0,0115	196,7548
2021-11-11	18:26:00		60	4	5	4	4	10	33	45	25	6	6	0	0	0	0	0	0	0	0	0	0	1,2682	0,0211	196,7759
2021-11-11	18:27:00		60	1	4	1	4	8	31	37	18	7	3	1	0	0	0	0	0	0	0	0	0	1,0530	0,0176	196,7935
2021-11-11	18:28:00		60	3	3	0	4	12	27	52	23	4	2	0	0	0	0	0	0	0	0	0	0	1,1121	0,0185	196,8120
2021-11-11	18:29:00		60	4	5	1	4	19	30	39	19	4	0	0	0	0	0	0	0	0	0	0	0	0,9184	0,0153	196,8273
2021-11-11	18:30:00		60	4	3	5	2	7	24	58	10	0	1	0	0	0	0	0	0	0	0	0	0	0,8303	0,0138	196,8412
2021-11-11	18:31:00		60	8	3	7	6	5	20	40	10	3	0	0	0	0	0	0	0	0	0	0	0	0,6940	0,0116	196,8527
2021-11-11	18:32:00		60	3	5	7	5	11	17	38	4	1	0	0	0	0	0	0	0	0	0	0	0	0,5456	0,0091	196,8618
2021-11-11	18:33:00		60	4	4	4	7	4	28	53	20	3	1	0	0	0	0	0	0	0	0	0	0	1,0181	0,0170	196,8788
2021-11-11	18:34:00		60	7	5	5	9	6	16	31	13	3	1	1	0	0	0	0	0	0	0	0	0	0,7206	0,0120	196,8908
2021-11-11	18:35:00		60	5	12	10	3	4	20	63	29	7	0	2	0	0	0	0	0	0	0	0	0	1,3494	0,0225	196,9133
2021-11-11	18:36:00		60	2	8	7	7	7	22	41	29	2	1	1	0	0	0	0	0	0	0	0	0	1,0540	0,0176	196,9309
2021-11-11	18:37:00		60	2	5	7	6	11	13	51	20	3	0	0	0	0	0	0	0	0	0	0	0	0,9215	0,0154	196,9462
2021-11-11	18:38:00		60	4	9	6	12	7	20	47	15	6	1	1	0	0	0	0	0	0	0	0	0	0,9843	0,0164	196,9626
2021-11-11	18:39:00		60	14	7	5	19	6	21	45	22	9	0	0	0	0	0	0	0	0	0	0	0	1,0769	0,0179	196,9806
2021-11-11	18:40:00		60	6	10	11	12	11	15	58	18	4	1	0	0	0	0	0	0	0	0	0	0	1,0320	0,0172	196,9978
2021-11-11	18:41:00		60	7	14	6	10	5	26	43	20	0	3	0	0	0	0	0	0	0	0	0	0	0,9319	0,0155	197,0133
2021-11-11	18:42:00		60	6	10	14	19	12	22	56	13	6	3	2	0	0	0	0	0	0	0	0	0	1,1811	0,0197	197,0330
2021-11-11	18:43:00		60	30	7	21	21	29	34	55	45	15	18	19	1	0	0	0	0	0	0	0	0	3,2161	0,0536	197,0866
2021-11-11	18:44:00		60	70	26	19	30	19	23	27	44	35	28	39	7	0	0	0	0	0	0	0	0	4,9443	0,0824	197,1690
2021-11-11	18:45:00		60	50	15	11	7	11	10	11	25	23	19	24	7	0	0	0	0	0	0	0	0	3,1990	0,0533	197,2223
2021-11-11	18:46:00		60	59	22	12	12	12	10	39	14	2	10	29	5	1	0	0	0	0	0	0	0	2,7716	0,0462	197,2685
2021-11-11	18:47:00		60	14	13	26	23	14	26	48	12	1	2	12	0	0	0	0	0	0	0	0	0	1,4480	0,0241	197,2926
2021-11-11	18:48:00		60	9	11	17	7	6	22	22	2	0	2	3	0	0	0	0	0	0	0	0	0	0,5734	0,0096	197,3022
2021-11-11	18:49:00		60	9	14	13	6	9	20	14	6	6	6	1	1	0	0	0	0	0	0	0	0	0,7870	0,0131	197,3153
2021-11-11	18:50:00		60	10	9	8	4	7	11	16	17	3	5	2	1	0	0	0	0	0	0	0	0	0,8577	0,0143	197,3296
2021-11-11	18:51:00		60	6	10	10	6	6	12	22	16	7	0	0	0	0	0	0	0	0	0	0	0	0,6829	0,0114	197,3410
2021-11-11	18:52:00		60	6	15	1	3	4	11	16	9	1	0	0	0	0	0	0	0	0	0	0	0	0,3756	0,0063	197,3473
2021-11-11	18:53:00		60	4	11	1	6	5	4	8	3	0	0	0	0	0	0	0	0	0	0	0	0	0,1672	0,0028	197,3500
2021-11-11	18:54:00		60	3	2	0	5	1	6	6	3	0	0	0	0	0	0	0	0	0	0	0	0	0,1393	0,0023	197,3524
2021-11-11	18:55:00		60	2	1	3	6	5	5	5	1	0	0	0	0	0	0	0	0	0	0	0	0	0,1118	0,0019	197,3542
2021-11-11	18:56:00		60	4	4	5	4	2	8	7	2	0	0	0	0	0	0	0	0	0	0	0	0	0,1507	0,0025	197,3567
2021-11-11	18:57:00		60	2	3	8	7	6	9	11	4	0	0	0	0	0	0	0	0	0	0	0	0	0,2388	0,0040	197,3607
2021-11-11	18:58:00		60	3	6	7	8	7	6	3	0	0	0	0	0	0	0	0	0	0	0	0	0	0,1010	0,0017	197,3624
2021-11-11	18:59:00		60	2	4	7	5	6	8	0	0	0	0	0	0	0	0	0	0	0	0	0	0	0,0747	0,0012	197,3636
2021-11-11	19:00:00		60	6	5	2	1	3	0	0	0	0	0	0	0	0	0	0	0	0	0	0	0	0,0172	0,0003	197,3639
2021-11-11	19:01:00		60	3	6	3	3	2	0	0	0	0	0	0	0	0	0	0	0	0	0	0	0	0,0187	0,0003	197,3642
2021-11-11	19:02:00		60	4	0	8	2	0	0	0	1	0	0	0	0	0	0	0	0	0	0	0	0	0,0279	0,0005	197,3647
2021-11-11	19:03:00		60	2	4	1	0	0	1	7	2	0	0	0	0	0	0	0	0	0	0	0	0	0,0995	0,0017	197,3664
2021-11-11	19:04:00		60	7	3	1	0	0	3	1	0	0	0	0	0	0	0	0	0	0	0	0	0	0,0279	0,0005	197,3668
2021-11-11	19:05:00		60	5	2	0	1	3	4	3	0	0	0	0	0	0	0	0	0	0	0	0	0	0,0584	0,0010	197,3678
2021-11-11	19:06:00		60	7	3	1	4	5	11	2	0	0	0	1	0	0	0	0	0	0	0	0	0	0,1403	0,0023	197,3701
2021-11-11	19:07:00		60	9	4	1	5	4	16	5	0	0	0	0	1	1	0	0	0	0	0	0	0	0,3274	0,0055	197,3756
2021-11-11	19:08:00		60	7	6	0	1	1	14	7	0	0	1	0	0	0	0	0	0	0	0	0	0	0,1673	0,0028	197,3784
2021-11-11	19:09:00		60	2	1	12	1	2	7	14	2	0	2	0	0	0	0	0	0	0	0	0	0	0,2647	0,0044	197,3828
2021-11-11	19:10:00		60	2	6	6	1	0	6	6	1	0	0	0	0	0	0	0	0	0	0	0	0	0,1081	0,0018	197,3846
2021-11-11	19:11:00		60	5	7	6	8	7	14	4	1	0	0	0	0	0	0	0	0	0	0	0	0	0,1629	0,0027	197,3873
2021-11-11	19:12:00		60	3	7	4	4	3	6	8	0	0	0	0	0	0	0	0	0	0	0	0	0	0,1235	0,0021	197,3894
2021-11-11	19:13:00		60	5	3	3	4	6	10	2	0	0	0	0	0	0	0	0	0	0	0	0	0	0,0960	0,0016	197,3910
2021-11-11	19:14:00		60	4	5	2	5	5	1	0	0	0	0	0	0	0	0	0	0	0	0	0	0	0,0343	0,0006	197,3915
2021-11-11	19:15:00		60	3	4	5	18	5	3	3	0	0	0	0	0	0	0	0	0	0	0	0	0	0,0954	0,0016	197,3931
2021-11-11	19:16:00		60	3	4	5	19	6	2	1	0	0	0	0	0	0	0	0	0	0	0	0	0	0,0778	0,0013	197,3944
2021-11-11	19:17:00		60	3	4	5	12	4	1	0	0	0	0	0	0	0	0	0	0	0	0	0	0	0,0461	0,0008	197,3952
2021-11-11	19:18:00		60	0	3	5	12	4	0	1	0	0	0	0	0	0	0	0	0	0	0	0	0	0,0486	0,0008	197,3960
2021-11-11	19:19:00		60	2	1	11	7	3	4	2	0	0	0	0	0	0	0	0	0	0	0	0	0	0,0704	0,0012	197,3972
2021-11-11	19:20:00		60	4	4	5	4	2	4	0	0	1	0	0	0	0	0	0	0	0	0	0	0	0,0622	0,0010	197,3982
2021-11-11	19:21:00		60	3	3	2	2	2	3	10	3	0	0	0	0	0	0	0	0	0	0	0	0	0,1602	0,0027	197,4009
2021-11-11	19:22:00		60	12	8	3	1	1	6	7	2	0	0	2	0	2	1	0	0	0	0	0	0	0,5885	0,0098	197,4107
2021-11-11	19:23:00		60	52	12	2	2	2	6	10	2	0	2	4	8	3	0	0	0	0	0	0	0	1,3176	0,0220	197,4327
2021-11-11	19:24:00		60	67	9	10	32	3	5	7	12	11	25	47	9	1	0	0	0	0	0	0	0	4,1491	0,0692	197,5018
2021-11-11	19:25:00		60	59	8	7	41	10	6	19	91	51	94	98	22	2	0	0	0	0	0	0	0	11,6086	0,1935	197,6953
2021-11-11	19:26:00		60	34	74	42	28	9	12	86	102	67	91	79	38	24	22	12	2	2	1	1	0	23,6761	0,3946	198,0899
2021-11-11	19:27:00		60	13	54	19	20	13	39	99	106	83	59	111	149	64	27	13	5	0	0	0	0	36,9239	0,6154	198,7053
2021-11-11	19:28:00		60	32	20	27	41	19	47	134	73	45	105	194	49	5	3	0	0	0	0	0	0	19,7208	0,3287	199,0340
2021-11-11	19:29:00		60	35	43	66	33	21	52	95	92	114	123	119	38	3	0	0	0	0	0	0	0	16,9830	0,2830	199,3170
2021-11-11	19:30:00		60	32	25	20	29	40	61	99	138	121	139	132	48	11	3	0	0	0	0	0	0	20,9521	0,3492	199,6662
2021-11-11	19:31:00		60	13	37	25	20	37	70	107	127	119	86	113	103	32	20	8	2	1	0	0	0	29,8332	0,4972	200,1634
2021-11-11	19:32:00		60	12	19	16	14	40	83	134	131	102	96	156	111	30	16	3	1	0	0	0	0	30,0663	0,5011	200,6645
2021-11-11	19:33:00		60	8	16	22	37	41	95	137	118	139	107	177	112	29	14	2	0	0	0	0	0	31,2218	0,5204	201,1849
2021-11-11	19:34:00		60	0	8	11	31	45	94	163	98	99	97	170	162	70	30	12	3	1	0	0	0	43,3858	0,7231	201,9080
2021-11-11	19:35:00		60	5	11	26	35	51	64	103	107	117	126	215	130	29	11	2	0	0	0	0	0	33,2457	0,5541	202,4621
2021-11-11	19:36:00		60	8	16	23	51	45	87	139	144	138	129	149	79	24	6	4	0	0	0	0	0	27,3022	0,4550	202,9171
2021-11-11	19:37:00		60	23	27	29	54	46	62	145	170	91	61	108	64	16	5	1	0	0	0	0	0	20,1456	0,3358	203,2529
2021-11-11	19:38:00		60	28	37	39	52	31	69	124	129	86	56	62	61	28	17	4	1	0	0	0	0	20,8471	0,3475	203,6004
2021-11-11	19:39:00		60	44	73	61	48	51	121	251	107	40	33	16	16	8	7	1	0	0	0	0	0	10,4965	0,1749	203,7753
2021-11-11	19:40:00		60	50	85	42	46	46	120	194	67	21	11	11	11	9	8	2	4	2	0	0	0	10,0803	0,1680	203,9433
2021-11-11	19:41:00		60	27	47	40	40	40	98	118	54	43	22	31	42	39	12	6	3	0	0	0	0	16,6079	0,2768	204,2201
2021-11-11	19:42:00		60	12	23	20	50	45	87	141	63	44	57	129	100	44	23	11	4	0	1	0	0	30,4222	0,5070	204,7271
2021-11-11	19:43:00		60	3	8	21	37	34	93	176	144	131	140	226	132	46	13	0	1	0	0	0	0	37,8598	0,6310	205,3581
2021-11-11	19:44:00		60	2	10	23	42	30	92	166	163	127	164	231	121	36	14	4	1	0	0	0	0	37,9689	0,6328	205,9909
2021-11-11	19:45:00		60	0	7	14	46	40	97	141	148	125	140	237	100	34	10	5	2	0	0	0	0	35,2547	0,5876	206,5785
2021-11-11	19:46:00		60	1	13	12	37	32	79	138	133	136	124	211	100	27	15	2	1	0	0	0	0	32,5999	0,5433	207,1219
2021-11-11	19:47:00		60	1	6	19	43	33	87	134	157	136	144	199	107	33	8	2	0	0	0	0	0	32,8677	0,5478	207,6697
2021-11-11	19:48:00		60	4	13	25	47	50	82	184	170	123	134	190	78	19	3	3	0	0	0	0	0	28,4216	0,4737	208,1433
2021-11-11	19:49:00		60	6	11	28	45	45	75	190	129	126	125	144	91	37	15	5	2	0	0	0	0	31,2446	0,5207	208,6641
2021-11-11	19:50:00		60	6	19	24	62	58	72	164	139	97	84	131	89	26	9	8	0	0	0	0	0	26,6667	0,4444	209,1085
2021-11-11	19:51:00		60	11	21	50	66	49	83	165	129	108	105	149	86	18	7	0	2	0	0	0	0	25,7607	0,4293	209,5379
2021-11-11	19:52:00		60	24	34	40	47	42	88	150	125	87	85	97	46	13	2	0	0	0	0	0	0	17,4864	0,2914	209,8293
2021-11-11	19:53:00		60	7	29	27	42	36	95	133	99	64	62	144	68	9	3	0	0	0	0	0	0	19,1502	0,3192	210,1485
2021-11-11	19:54:00		60	43	39	32	48	50	79	137	78	43	25	40	24	7	1	0	1	0	0	0	0	9,3580	0,1560	210,3045
2021-11-11	19:55:00		60	49	49	44	59	38	85	97	41	8	4	7	9	0	1	0	0	0	0	0	0	3,5600	0,0593	210,3638
2021-11-11	19:56:00		60	48	50	31	60	39	38	39	53	32	27	51	28	13	2	3	0	0	0	0	0	9,6626	0,1610	210,5248
2021-11-11	19:57:00		60	22	33	39	49	34	47	104	81	60	52	53	12	2	0	0	0	0	0	0	0	8,7942	0,1466	210,6714
2021-11-11	19:58:00		60	13	24	24	39	48	51	121	133	90	108	111	25	3	0	0	1	0	0	0	0	15,8759	0,2646	210,9360
2021-11-11	19:59:00		60	6	11	26	34	33	51	132	149	143	183	192	76	13	6	0	0	0	0	0	0	28,4080	0,4735	211,4095
2021-11-11	20:00:00		60	5	7	19	30	45	68	118	124	113	159	271	123	23	18	1	0	0	0	0	0	36,6181	0,6103	212,0198
2021-11-11	20:01:00		60	2	11	17	45	32	94	238	195	160	191	211	84	17	0	2	0	0	0	0	0	32,1919	0,5365	212,5563
2021-11-11	20:02:00		60	2	5	30	44	56	145	275	204	169	169	243	88	22	6	0	0	0	0	0	0	35,2413	0,5874	213,1437
2021-11-11	20:03:00		60	5	18	22	48	45	149	325	197	137	148	216	76	8	1	1	0	0	0	0	0	30,1641	0,5027	213,6464
2021-11-11	20:04:00		60	16	13	44	56	52	132	334	204	159	104	156	46	12	4	0	0	0	0	0	0	25,3841	0,4231	214,0695
2021-11-11	20:05:00		60	6	12	30	40	43	114	277	212	105	116	189	88	21	11	0	0	0	0	0	0	30,5411	0,5090	214,5785
2021-11-11	20:06:00		60	6	25	45	61	40	134	237	162	125	151	195	80	8	1	0	0	0	0	0	0	27,8340	0,4639	215,0424
2021-11-11	20:07:00		60	6	24	44	59	41	140	349	235	170	141	151	44	9	2	0	0	0	0	0	0	26,3126	0,4385	215,4809
2021-11-11	20:08:00		60	19	54	47	71	46	129	330	216	102	42	23	0	0	0	0	0	0	0	0	0	11,4615	0,1910	215,6719
2021-11-11	20:09:00		60	22	48	49	58	67	232	285	54	13	2	0	0	0	0	0	0	0	0	0	0	5,1175	0,0853	215,7572
2021-11-11	20:10:00		60	30	52	49	68	52	92	33	0	0	0	0	0	0	0	0	0	0	0	0	0	1,0895	0,0182	215,7754
2021-11-11	20:11:00		60	34	51	51	53	14	0	0	0	0	0	0	0	0	0	0	0	0	0	0	0	0,2280	0,0038	215,7792
2021-11-11	20:12:00		60	18	60	37	11	0	0	0	0	0	0	0	0	0	0	0	0	0	0	0	0	0,0991	0,0017	215,7808
2021-11-11	20:13:00		60	39	81	10	1	0	0	0	0	0	0	0	0	0	0	0	0	0	0	0	0	0,0716	0,0012	215,7820
2021-11-11	20:14:00		60	24	14	1	0	0	0	0	0	0	0	0	0	0	0	0	0	0	0	0	0	0,0163	0,0003	215,7823
2021-11-11	20:15:00		60	8	0	0	0	0	0	0	0	0	0	0	0	0	0	0	0	0	0	0	0	0,0023	0,0000	215,7823
2021-11-11	20:16:00		60	0	0	0	0	0	0	0	0	0	0	0	0	0	0	0	0	0	0	0	0	0,0000	0,0000	215,7823
2021-11-11	20:17:00		60	0	0	3	0	0	0	0	0	0	0	0	0	0	0	0	0	0	0	0	0	0,0032	0,0001	215,7824
2021-11-11	20:18:00		60	0	4	3	0	0	0	0	0	0	0	0	0	0	0	0	0	0	0	0	0	0,0055	0,0001	215,7825
2021-11-11	20:19:00		60	0	0	0	0	0	0	0	0	0	0	0	0	0	0	0	0	0	0	0	0	0,0000	0,0000	215,7825
2021-11-11	20:20:00		60	0	0	0	0	0	0	0	0	0	0	0	0	0	0	0	0	0	0	0	0	0,0000	0,0000	215,7825
2021-11-11	20:21:00		60	0	0	0	0	0	0	0	0	0	0	0	0	0	0	0	0	0	0	0	0	0,0000	0,0000	215,7825
2021-11-11	20:22:00		60	0	0	0	0	0	0	0	0	0	0	0	0	0	0	0	0	0	0	0	0	0,0000	0,0000	215,7825
2021-11-11	20:23:00		60	0	0	0	0	0	0	0	0	0	0	0	0	0	0	0	0	0	0	0	0	0,0000	0,0000	215,7825
2021-11-11	20:24:00		60	0	0	0	0	0	0	0	0	0	0	0	0	0	0	0	0	0	0	0	0	0,0000	0,0000	215,7825
2021-11-11	20:25:00		60	0	0	0	0	0	0	0	0	0	0	0	0	0	0	0	0	0	0	0	0	0,0000	0,0000	215,7825
2021-11-11	20:26:00		60	0	0	0	0	0	0	0	0	0	0	0	0	0	0	0	0	0	0	0	0	0,0000	0,0000	215,7825
2021-11-11	20:27:00		60	0	0	0	0	0	0	0	0	0	0	0	0	0	0	0	0	0	0	0	0	0,0000	0,0000	215,7825
2021-11-11	20:28:00		60	0	0	0	0	0	0	0	0	0	0	0	0	0	0	0	0	0	0	0	0	0,0000	0,0000	215,7825
2021-11-11	20:29:00		60	0	0	0	0	0	0	0	0	0	0	0	0	0	0	0	0	0	0	0	0	0,0000	0,0000	215,7825
2021-11-11	20:30:00		60	0	0	0	0	0	0	0	0	0	0	0	0	0	0	0	0	0	0	0	0	0,0000	0,0000	215,7825
2021-11-11	20:31:00		60	0	0	0	0	0	0	0	0	0	0	0	0	0	0	0	0	0	0	0	0	0,0000	0,0000	215,7825
2021-11-11	20:32:00		60	0	0	0	0	0	0	0	0	0	0	0	0	0	0	0	0	0	0	0	0	0,0000	0,0000	215,7825
2021-11-11	20:33:00		60	0	0	0	0	0	0	0	0	0	0	0	0	0	0	0	0	0	0	0	0	0,0000	0,0000	215,7825
2021-11-11	20:34:00		60	0	0	0	0	0	0	0	0	0	0	0	0	0	0	0	0	0	0	0	0	0,0000	0,0000	215,7825
2021-11-11	20:35:00		60	0	0	0	0	0	0	0	0	0	0	0	0	0	0	0	0	0	0	0	0	0,0000	0,0000	215,7825
2021-11-11	20:36:00		60	0	0	0	0	0	0	0	0	0	0	0	0	0	0	0	0	0	0	0	0	0,0000	0,0000	215,7825
2021-11-11	20:37:00		60	0	0	0	0	0	0	0	0	0	0	0	0	0	0	0	0	0	0	0	0	0,0000	0,0000	215,7825
2021-11-11	20:38:00		60	0	0	0	0	0	0	0	0	0	0	0	0	0	0	0	0	0	0	0	0	0,0000	0,0000	215,7825
2021-11-11	20:39:00		60	0	0	0	0	0	0	0	0	0	0	0	0	0	0	0	0	0	0	0	0	0,0000	0,0000	215,7825
2021-11-11	20:40:00		60	0	0	0	0	0	0	0	0	0	0	0	0	0	0	0	0	0	0	0	0	0,0000	0,0000	215,7825
2021-11-11	20:41:00		60	0	0	0	0	0	0	0	0	0	0	0	0	0	0	0	0	0	0	0	0	0,0000	0,0000	215,7825
2021-11-11	20:42:00		60	0	0	0	0	0	0	0	0	0	0	0	0	0	0	0	0	0	0	0	0	0,0000	0,0000	215,7825
2021-11-11	20:43:00		60	0	0	0	0	0	0	0	0	0	0	0	0	0	0	0	0	0	0	0	0	0,0000	0,0000	215,7825
2021-11-11	20:44:00		60	0	0	0	0	0	0	0	0	0	0	0	0	0	0	0	0	0	0	0	0	0,0000	0,0000	215,7825
2021-11-11	20:45:00		60	0	0	0	0	0	0	0	0	0	0	0	0	0	0	0	0	0	0	0	0	0,0000	0,0000	215,7825
2021-11-11	20:46:00		60	0	0	0	0	0	0	0	0	0	0	0	0	0	0	0	0	0	0	0	0	0,0000	0,0000	215,7825
2021-11-11	20:47:00		60	0	0	0	0	0	0	0	0	0	0	0	0	0	0	0	0	0	0	0	0	0,0000	0,0000	215,7825
2021-11-11	20:48:00		60	0	0	0	0	0	0	0	0	0	0	0	0	0	0	0	0	0	0	0	0	0,0000	0,0000	215,7825
2021-11-11	20:49:00		60	0	0	0	0	0	0	0	0	0	0	0	0	0	0	0	0	0	0	0	0	0,0000	0,0000	215,7825
2021-11-11	20:50:00		60	0	0	0	0	0	0	0	0	0	0	0	0	0	0	0	0	0	0	0	0	0,0000	0,0000	215,7825
2021-11-11	20:51:00		60	0	0	0	0	0	0	0	0	0	0	0	0	0	0	0	0	0	0	0	0	0,0000	0,0000	215,7825
2021-11-11	20:52:00		60	0	0	0	0	0	0	0	0	0	0	0	0	0	0	0	0	0	0	0	0	0,0000	0,0000	215,7825
2021-11-11	20:53:00		60	0	0	0	0	0	0	0	0	0	0	0	0	0	0	0	0	0	0	0	0	0,0000	0,0000	215,7825
2021-11-11	20:54:00		60	0	0	0	0	0	0	0	0	0	0	0	0	0	0	0	0	0	0	0	0	0,0000	0,0000	215,7825
2021-11-11	20:55:00		60	0	0	0	0	0	0	0	0	0	0	0	0	0	0	0	0	0	0	0	0	0,0000	0,0000	215,7825
2021-11-11	20:56:00		60	0	0	0	0	0	0	0	0	0	0	0	0	0	0	0	0	0	0	0	0	0,0000	0,0000	215,7825
2021-11-11	20:57:00		60	0	0	0	0	0	0	0	0	0	0	0	0	0	0	0	0	0	0	0	0	0,0000	0,0000	215,7825
2021-11-11	20:58:00		60	0	0	0	0	0	0	0	0	0	0	0	0	0	0	0	0	0	0	0	0	0,0000	0,0000	215,7825
2021-11-11	20:59:00		60	0	0	0	0	0	0	0	0	0	0	0	0	0	0	0	0	0	0	0	0	0,0000	0,0000	215,7825
2021-11-11	21:00:00		60	0	0	0	0	0	0	0	0	0	0	0	0	0	0	0	0	0	0	0	0	0,0000	0,0000	215,7825
2021-11-11	21:01:00		60	0	0	0	0	0	0	0	0	0	0	0	0	0	0	0	0	0	0	0	0	0,0000	0,0000	215,7825
2021-11-11	21:02:00		60	0	0	0	0	0	0	0	0	0	0	0	0	0	0	0	0	0	0	0	0	0,0000	0,0000	215,7825
2021-11-11	21:03:00		60	0	0	0	0	0	0	0	0	0	0	0	0	0	0	0	0	0	0	0	0	0,0000	0,0000	215,7825
2021-11-11	21:04:00		60	0	0	0	0	0	0	0	0	0	0	0	0	0	0	0	0	0	0	0	0	0,0000	0,0000	215,7825
2021-11-11	21:05:00		60	0	0	0	0	0	0	0	0	0	0	0	0	0	0	0	0	0	0	0	0	0,0000	0,0000	215,7825
2021-11-11	21:06:00		60	0	0	0	0	0	0	0	0	0	0	0	0	0	0	0	0	0	0	0	0	0,0000	0,0000	215,7825
2021-11-11	21:07:00		60	0	0	0	0	0	0	0	0	0	0	0	0	0	0	0	0	0	0	0	0	0,0000	0,0000	215,7825
2021-11-11	21:08:00		60	0	0	0	0	0	0	0	0	0	0	0	0	0	0	0	0	0	0	0	0	0,0000	0,0000	215,7825
2021-11-11	21:09:00		60	0	0	0	0	0	0	0	0	0	0	0	0	0	0	0	0	0	0	0	0	0,0000	0,0000	215,7825
2021-11-11	21:10:00		60	35	11	2	1	0	2	52	27	8	13	25	7	1	0	0	0	0	0	0	0	3,1464	0,0524	215,8349
2021-11-11	21:11:00		60	33	14	11	15	12	52	268	147	111	104	120	57	9	1	0	0	0	0	0	0	20,7788	0,3463	216,1812
2021-11-11	21:12:00		60	15	14	16	66	39	150	273	187	125	144	161	73	10	4	2	0	0	0	0	0	27,4366	0,4573	216,6385
2021-11-11	21:13:00		60	18	15	40	58	63	128	214	141	138	101	118	32	1	0	0	0	0	0	0	0	18,4098	0,3068	216,9453
2021-11-11	21:14:00		60	32	37	60	80	106	182	173	64	36	28	22	2	0	0	0	0	0	0	0	0	6,5664	0,1094	217,0548
2021-11-11	21:15:00		60	28	57	123	175	167	213	118	29	0	1	2	1	0	0	0	0	0	0	0	0	3,6304	0,0605	217,1153
2021-11-11	21:16:00		60	35	87	130	163	136	134	34	3	3	1	1	0	0	0	0	0	0	0	0	0	1,9985	0,0333	217,1486
2021-11-11	21:17:00		60	43	82	96	154	133	54	4	0	1	1	1	0	0	0	0	0	0	0	0	0	1,2056	0,0201	217,1687
2021-11-11	21:18:00		60	42	132	171	69	13	5	1	0	0	0	0	0	0	0	0	0	0	0	0	0	0,4625	0,0077	217,1764
2021-11-11	21:19:00		60	53	164	84	11	0	0	0	0	0	0	0	0	0	0	0	0	0	0	0	0	0,2203	0,0037	217,1801
2021-11-11	21:20:00		60	120	161	26	1	0	2	2	1	1	0	0	0	0	0	0	0	0	0	0	0	0,2226	0,0037	217,1838
2021-11-11	21:21:00		60	162	26	0	3	2	2	4	0	0	0	0	0	0	0	0	0	0	0	0	0	0,1181	0,0020	217,1858
2021-11-11	21:22:00		60	28	0	0	3	0	1	1	0	0	0	0	0	0	0	0	0	0	0	0	0	0,0270	0,0004	217,1862
2021-11-11	21:23:00		60	1	0	2	1	1	1	0	1	0	0	0	0	0	0	0	0	0	0	0	0	0,0266	0,0004	217,1866
2021-11-11	21:24:00		60	1	2	2	0	4	0	0	0	0	0	0	0	0	0	0	0	0	0	0	0	0,0151	0,0003	217,1869
2021-11-11	21:25:00		60	2	1	0	1	0	1	0	0	0	0	0	0	0	0	0	0	0	0	0	0	0,0077	0,0001	217,1870
2021-11-11	21:26:00		60	0	0	0	1	2	0	0	0	0	0	0	0	0	0	0	0	0	0	0	0	0,0075	0,0001	217,1872
2021-11-11	21:27:00		60	0	0	1	0	2	0	0	0	0	0	0	0	0	0	0	0	0	0	0	0	0,0068	0,0001	217,1873
2021-11-11	21:28:00		60	0	0	3	3	0	0	0	0	0	0	0	0	0	0	0	0	0	0	0	0	0,0085	0,0001	217,1874
2021-11-11	21:29:00		60	0	2	2	0	0	0	0	0	0	0	0	0	0	0	0	0	0	0	0	0	0,0033	0,0001	217,1875
2021-11-11	21:30:00		60	0	0	1	1	0	0	0	0	0	0	0	0	0	0	0	0	0	0	0	0	0,0028	0,0000	217,1875
2021-11-11	21:31:00		60	0	0	0	0	0	0	0	0	0	0	0	0	0	0	0	0	0	0	0	0	0,0000	0,0000	217,1875
2021-11-11	21:32:00		60	1	1	1	0	0	0	0	0	0	0	0	0	0	0	0	0	0	0	0	0	0,0019	0,0000	217,1875
2021-11-11	21:33:00		60	0	0	2	0	0	0	0	0	0	0	0	0	0	0	0	0	0	0	0	0	0,0021	0,0000	217,1876
2021-11-11	21:34:00		60	0	0	0	0	0	0	0	0	0	0	0	0	0	0	0	0	0	0	0	0	0,0000	0,0000	217,1876
2021-11-11	21:35:00		60	0	0	0	0	0	0	0	0	0	0	0	0	0	0	0	0	0	0	0	0	0,0000	0,0000	217,1876
2021-11-11	21:36:00		60	0	0	0	0	0	0	0	0	0	0	0	0	0	0	0	0	0	0	0	0	0,0000	0,0000	217,1876
2021-11-11	21:37:00		60	0	0	0	0	0	0	0	0	0	0	0	0	0	0	0	0	0	0	0	0	0,0000	0,0000	217,1876
2021-11-11	21:38:00		60	0	0	0	0	0	0	0	0	0	0	0	0	0	0	0	0	0	0	0	0	0,0000	0,0000	217,1876
2021-11-11	21:39:00		60	0	0	0	0	0	0	0	0	0	0	0	0	0	0	0	0	0	0	0	0	0,0000	0,0000	217,1876
2021-11-11	21:40:00		60	0	0	0	0	0	0	0	0	0	0	0	0	0	0	0	0	0	0	0	0	0,0000	0,0000	217,1876
2021-11-11	21:41:00		60	1	0	0	0	0	0	0	0	0	0	1	0	0	0	0	0	0	0	0	0	0,0442	0,0007	217,1883
2021-11-11	21:42:00		60	5	4	0	0	0	0	0	0	1	0	1	2	0	0	0	0	1	0	0	0	0,5914	0,0099	217,1982
2021-11-11	21:43:00		60	16	3	0	0	0	0	1	0	1	1	1	1	0	0	0	0	0	0	0	0	0,1820	0,0030	217,2012
2021-11-11	21:44:00		60	14	6	0	0	0	0	1	1	0	0	3	2	1	0	0	0	0	0	0	0	0,4162	0,0069	217,2081
2021-11-11	21:45:00		60	14	1	0	0	0	0	1	1	0	1	1	1	0	0	0	0	0	0	0	0	0,1736	0,0029	217,2110
2021-11-11	21:46:00		60	17	1	0	0	0	0	1	1	1	2	6	1	0	0	0	0	0	0	0	0	0,4445	0,0074	217,2184
2021-11-11	21:47:00		60	10	2	0	0	0	0	0	3	4	2	6	1	0	0	0	0	0	0	0	0	0,5283	0,0088	217,2272
2021-11-11	21:48:00		60	10	1	0	0	1	2	4	2	2	3	1	2	0	0	0	0	0	0	0	0	0,3992	0,0067	217,2339
2021-11-11	21:49:00		60	12	4	0	0	0	2	1	3	0	2	3	2	0	0	0	0	0	0	0	0	0,4032	0,0067	217,2406
2021-11-11	21:50:00		60	15	5	1	0	0	1	4	2	3	3	3	1	0	0	0	0	0	0	0	0	0,4333	0,0072	217,2478
2021-11-11	21:51:00		60	17	4	0	0	1	1	1	4	2	7	6	3	0	0	0	0	0	0	0	0	0,8097	0,0135	217,2613
2021-11-11	21:52:00		60	31	4	2	2	0	3	4	6	1	1	5	1	0	1	0	0	0	0	0	0	0,6461	0,0108	217,2721
2021-11-11	21:53:00		60	5	0	0	2	1	1	8	4	3	0	4	0	0	0	0	0	0	0	0	0	0,3818	0,0064	217,2785
2021-11-11	21:54:00		60	7	3	2	0	4	2	7	7	2	0	3	1	0	0	0	0	0	0	0	0	0,4389	0,0073	217,2858
2021-11-11	21:55:00		60	6	2	1	2	3	1	7	3	0	1	3	1	0	0	0	0	0	0	0	0	0,3597	0,0060	217,2918
2021-11-11	21:56:00		60	7	1	2	2	3	6	7	2	5	0	0	1	0	0	0	0	0	0	0	0	0,3161	0,0053	217,2970
2021-11-11	21:57:00		60	3	2	3	2	4	5	4	1	0	1	1	2	0	0	0	0	0	0	0	0	0,3117	0,0052	217,3022
2021-11-11	21:58:00		60	4	0	0	4	8	3	11	3	2	1	2	0	0	0	0	0	0	0	0	0	0,3459	0,0058	217,3080
2021-11-11	21:59:00		60	6	0	1	4	6	7	10	5	4	1	0	0	0	0	0	0	0	0	0	0	0,3369	0,0056	217,3136
2021-11-11	22:00:00		60	0	1	4	9	7	5	4	2	5	0	0	1	0	0	0	0	0	0	0	0	0,3091	0,0052	217,3188
2021-11-11	22:01:00		60	1	1	0	3	2	3	5	0	4	0	1	0	0	0	0	0	0	0	0	0	0,1997	0,0033	217,3221
2021-11-11	22:02:00		60	1	0	2	5	1	4	5	4	0	0	0	0	0	0	0	0	0	0	0	0	0,1362	0,0023	217,3244
2021-11-11	22:03:00		60	0	1	2	2	0	0	5	1	0	0	0	0	0	0	0	0	0	0	0	0	0,0647	0,0011	217,3255
2021-11-11	22:04:00		60	1	0	3	0	5	6	1	2	2	0	0	0	0	0	0	0	0	0	0	0	0,1278	0,0021	217,3276
2021-11-11	22:05:00		60	0	3	2	2	5	4	1	0	2	0	0	0	0	0	0	0	0	0	0	0	0,0926	0,0015	217,3291
2021-11-11	22:06:00		60	1	2	6	8	5	1	4	0	1	0	0	0	0	0	0	0	0	0	0	0	0,0975	0,0016	217,3308
2021-11-11	22:07:00		60	1	1	6	3	1	3	2	1	0	0	0	0	0	0	0	0	0	0	0	0	0,0620	0,0010	217,3318
2021-11-11	22:08:00		60	2	4	6	1	3	4	2	0	0	0	0	0	0	0	0	0	0	0	0	0	0,0563	0,0009	217,3327
2021-11-11	22:09:00		60	2	2	3	7	3	4	2	2	2	1	1	0	0	0	0	0	0	0	0	0	0,2080	0,0035	217,3362
2021-11-11	22:10:00		60	2	0	5	2	7	2	10	7	3	0	1	0	0	0	0	0	0	0	0	0	0,3384	0,0056	217,3418
2021-11-11	22:11:00		60	0	6	9	5	5	7	10	1	0	0	0	0	0	0	0	0	0	0	0	0	0,1719	0,0029	217,3447
2021-11-11	22:12:00		60	5	2	8	11	6	18	2	0	0	0	0	0	0	0	0	0	0	0	0	0	0,1514	0,0025	217,3472
2021-11-11	22:13:00		60	4	19	9	18	12	20	1	0	0	0	0	0	0	0	0	0	0	0	0	0	0,1927	0,0032	217,3504
2021-11-11	22:14:00		60	14	24	5	11	11	2	2	0	0	0	0	0	0	0	0	0	0	0	0	0	0,1017	0,0017	217,3521
2021-11-11	22:15:00		60	6	10	8	8	6	4	3	0	0	0	0	0	0	0	0	0	0	0	0	0	0,0929	0,0015	217,3537
2021-11-11	22:16:00		60	16	5	9	6	4	1	0	0	0	0	0	0	0	0	0	0	0	0	0	0	0,0440	0,0007	217,3544
2021-11-11	22:17:00		60	9	6	22	20	5	0	1	0	0	0	0	0	0	0	0	0	0	0	0	0	0,0879	0,0015	217,3559
2021-11-11	22:18:00		60	6	12	23	7	0	0	0	0	0	0	0	0	0	0	0	0	0	0	0	0	0,0454	0,0008	217,3566
2021-11-11	22:19:00		60	4	13	10	7	0	1	0	0	0	0	0	0	0	0	0	0	0	0	0	0	0,0366	0,0006	217,3572
2021-11-11	22:20:00		60	3	13	9	3	0	0	0	0	0	0	0	0	0	0	0	0	0	0	0	0	0,0233	0,0004	217,3576
2021-11-11	22:21:00		60	7	9	2	0	1	0	0	0	0	0	0	0	0	0	0	0	0	0	0	0	0,0123	0,0002	217,3578
2021-11-11	22:22:00		60	6	15	0	0	0	0	0	0	0	0	0	0	0	0	0	0	0	0	0	0	0,0106	0,0002	217,3580
2021-11-11	22:23:00		60	10	3	0	0	0	0	0	0	0	0	0	0	0	0	0	0	0	0	0	0	0,0047	0,0001	217,3581
2021-11-11	22:24:00		60	4	1	0	0	0	0	0	0	0	0	0	0	0	0	0	0	0	0	0	0	0,0018	0,0000	217,3581
2021-11-11	22:25:00		60	0	0	0	0	0	0	0	0	0	0	0	0	0	0	0	0	0	0	0	0	0,0000	0,0000	217,3581
2021-11-11	22:26:00		60	0	0	0	0	0	0	0	0	0	0	0	0	0	0	0	0	0	0	0	0	0,0000	0,0000	217,3581
2021-11-11	22:27:00		60	0	0	0	0	0	0	0	0	0	0	0	0	0	0	0	0	0	0	0	0	0,0000	0,0000	217,3581
2021-11-11	22:28:00		60	0	0	0	0	0	0	0	0	0	0	0	0	0	0	0	0	0	0	0	0	0,0000	0,0000	217,3581
2021-11-11	22:29:00		60	0	0	0	0	0	0	0	0	0	0	0	0	0	0	0	0	0	0	0	0	0,0000	0,0000	217,3581
2021-11-11	22:30:00		60	0	0	0	0	0	0	0	0	0	0	0	0	0	0	0	0	0	0	0	0	0,0000	0,0000	217,3581
2021-11-11	22:31:00		60	0	0	0	0	0	0	0	0	0	0	0	0	0	0	0	0	0	0	0	0	0,0000	0,0000	217,3581
2021-11-11	22:32:00		60	0	0	0	0	0	0	0	0	0	0	0	0	0	0	0	0	0	0	0	0	0,0000	0,0000	217,3581
2021-11-11	22:33:00		60	0	0	0	0	0	0	0	0	0	0	0	0	0	0	0	0	0	0	0	0	0,0000	0,0000	217,3581
2021-11-11	22:34:00		60	0	0	0	0	0	0	0	0	0	0	0	0	0	0	0	0	0	0	0	0	0,0000	0,0000	217,3581
2021-11-11	22:35:00		60	0	0	0	0	0	0	0	0	0	0	0	0	0	0	0	0	0	0	0	0	0,0000	0,0000	217,3581
2021-11-11	22:36:00		60	0	0	0	0	0	0	0	0	0	0	0	0	0	0	0	0	0	0	0	0	0,0000	0,0000	217,3581
2021-11-11	22:37:00		60	0	0	0	0	0	0	0	0	0	0	0	0	0	0	0	0	0	0	0	0	0,0000	0,0000	217,3581
2021-11-11	22:38:00		60	0	0	0	0	0	0	0	0	0	0	0	0	0	0	0	0	0	0	0	0	0,0000	0,0000	217,3581
2021-11-11	22:39:00		60	0	0	0	0	0	0	0	0	0	0	0	0	0	0	0	0	0	0	0	0	0,0000	0,0000	217,3581
2021-11-11	22:40:00		60	0	0	0	0	0	0	0	0	0	0	0	0	0	0	0	0	0	0	0	0	0,0000	0,0000	217,3581
2021-11-11	22:41:00		60	0	0	0	0	0	0	0	0	0	0	0	0	0	0	0	0	0	0	0	0	0,0000	0,0000	217,3581
2021-11-11	22:42:00		60	0	0	0	0	0	0	0	0	0	0	0	0	0	0	0	0	0	0	0	0	0,0000	0,0000	217,3581
2021-11-11	22:43:00		60	0	0	0	0	0	0	0	0	0	0	0	0	0	0	0	0	0	0	0	0	0,0000	0,0000	217,3581
2021-11-11	22:44:00		60	0	0	0	0	0	0	0	0	0	0	0	0	0	0	0	0	0	0	0	0	0,0000	0,0000	217,3581
2021-11-11	22:45:00		60	0	0	0	0	0	0	0	0	0	0	0	0	0	0	0	0	0	0	0	0	0,0000	0,0000	217,3581
2021-11-11	22:46:00		60	0	0	0	0	0	0	0	0	0	0	0	0	0	0	0	0	0	0	0	0	0,0000	0,0000	217,3581
2021-11-11	22:47:00		60	0	0	0	0	0	0	0	0	0	0	0	0	0	0	0	0	0	0	0	0	0,0000	0,0000	217,3581
2021-11-11	22:48:00		60	0	0	0	0	0	0	0	0	0	0	0	0	0	0	0	0	0	0	0	0	0,0000	0,0000	217,3581
2021-11-11	22:49:00		60	0	0	0	0	0	0	0	0	0	0	0	0	0	0	0	0	0	0	0	0	0,0000	0,0000	217,3581
2021-11-11	22:50:00		60	0	0	0	0	0	0	0	0	0	0	0	0	0	0	0	0	0	0	0	0	0,0000	0,0000	217,3581
2021-11-11	22:51:00		60	0	0	0	0	0	0	0	0	0	0	0	0	0	0	0	0	0	0	0	0	0,0000	0,0000	217,3581
2021-11-11	22:52:00		60	0	0	0	0	0	0	0	0	0	0	0	0	0	0	0	0	0	0	0	0	0,0000	0,0000	217,3581
2021-11-11	22:53:00		60	0	0	0	0	0	0	0	0	0	0	0	0	0	0	0	0	0	0	0	0	0,0000	0,0000	217,3581
2021-11-11	22:54:00		60	0	0	0	0	0	0	0	0	0	0	0	0	0	0	0	0	0	0	0	0	0,0000	0,0000	217,3581
2021-11-11	22:55:00		60	0	0	0	0	0	0	0	0	0	0	0	0	0	0	0	0	0	0	0	0	0,0000	0,0000	217,3581
2021-11-11	22:56:00		60	0	0	0	0	0	0	0	0	0	0	0	0	0	0	0	0	0	0	0	0	0,0000	0,0000	217,3581
2021-11-11	22:57:00		60	0	0	0	0	0	0	0	0	0	0	0	0	0	0	0	0	0	0	0	0	0,0000	0,0000	217,3581
2021-11-11	22:58:00		60	0	0	0	0	0	0	0	0	0	0	0	0	0	0	0	0	0	0	0	0	0,0000	0,0000	217,3581
2021-11-11	22:59:00		60	0	0	0	0	0	0	0	0	0	0	0	0	0	0	0	0	0	0	0	0	0,0000	0,0000	217,3581
2021-11-11	23:00:00		60	0	0	0	0	0	0	0	0	0	0	0	0	0	0	0	0	0	0	0	0	0,0000	0,0000	217,3581
2021-11-11	23:01:00		60	0	0	0	0	0	0	0	0	0	0	0	0	0	0	0	0	0	0	0	0	0,0000	0,0000	217,3581
2021-11-11	23:02:00		60	0	0	0	0	0	0	0	0	0	0	0	0	0	0	0	0	0	0	0	0	0,0000	0,0000	217,3581
2021-11-11	23:03:00		60	0	0	0	0	0	0	0	0	0	0	0	0	0	0	0	0	0	0	0	0	0,0000	0,0000	217,3581
2021-11-11	23:04:00		60	0	0	0	0	0	0	0	0	0	0	0	0	0	0	0	0	0	0	0	0	0,0000	0,0000	217,3581
2021-11-11	23:05:00		60	0	0	0	0	0	0	0	0	0	0	0	0	0	0	0	0	0	0	0	0	0,0000	0,0000	217,3581
2021-11-11	23:06:00		60	0	0	0	0	0	0	0	0	0	0	0	0	0	0	0	0	0	0	0	0	0,0000	0,0000	217,3581
2021-11-11	23:07:00		60	0	0	0	0	0	0	0	0	0	0	0	0	0	0	0	0	0	0	0	0	0,0000	0,0000	217,3581
2021-11-11	23:08:00		60	0	0	0	0	0	0	0	0	0	0	0	0	0	0	0	0	0	0	0	0	0,0000	0,0000	217,3581
2021-11-11	23:09:00		60	0	0	0	0	0	0	0	0	0	0	0	0	0	0	0	0	0	0	0	0	0,0000	0,0000	217,3581
2021-11-11	23:10:00		60	0	0	0	0	0	0	0	0	0	0	0	0	0	0	0	0	0	0	0	0	0,0000	0,0000	217,3581
2021-11-11	23:11:00		60	0	0	0	0	0	0	0	0	0	0	0	0	0	0	0	0	0	0	0	0	0,0000	0,0000	217,3581
2021-11-11	23:12:00		60	0	0	0	0	0	0	0	0	0	0	0	0	0	0	0	0	0	0	0	0	0,0000	0,0000	217,3581
2021-11-11	23:13:00		60	0	0	0	0	0	0	0	0	0	0	0	0	0	0	0	0	0	0	0	0	0,0000	0,0000	217,3581
2021-11-11	23:14:00		60	0	0	0	0	0	0	0	0	0	0	0	0	0	0	0	0	0	0	0	0	0,0000	0,0000	217,3581
2021-11-11	23:15:00		60	0	0	0	0	0	0	0	0	0	0	0	0	0	0	0	0	0	0	0	0	0,0000	0,0000	217,3581
2021-11-11	23:16:00		60	0	0	0	0	0	0	0	0	0	0	0	0	0	0	0	0	0	0	0	0	0,0000	0,0000	217,3581
2021-11-11	23:17:00		60	0	0	0	0	0	0	0	0	0	0	0	0	0	0	0	0	0	0	0	0	0,0000	0,0000	217,3581
2021-11-11	23:18:00		60	0	0	0	0	0	0	0	0	0	0	0	0	0	0	0	0	0	0	0	0	0,0000	0,0000	217,3581
2021-11-11	23:19:00		60	0	0	0	0	0	0	0	0	0	0	0	0	0	0	0	0	0	0	0	0	0,0000	0,0000	217,3581
2021-11-11	23:20:00		60	0	0	0	0	0	0	0	0	0	0	0	0	0	0	0	0	0	0	0	0	0,0000	0,0000	217,3581
2021-11-11	23:21:00		60	0	0	0	0	0	0	0	0	0	0	0	0	0	0	0	0	0	0	0	0	0,0000	0,0000	217,3581
2021-11-11	23:22:00		60	0	0	0	0	0	0	0	0	0	0	0	0	0	0	0	0	0	0	0	0	0,0000	0,0000	217,3581
2021-11-11	23:23:00		60	0	0	0	0	0	0	0	0	0	0	0	0	0	0	0	0	0	0	0	0	0,0000	0,0000	217,3581
2021-11-11	23:24:00		60	0	0	0	0	0	0	0	0	0	0	0	0	0	0	0	0	0	0	0	0	0,0000	0,0000	217,3581
2021-11-11	23:25:00		60	0	0	0	0	0	0	0	0	0	0	0	0	0	0	0	0	0	0	0	0	0,0000	0,0000	217,3581
2021-11-11	23:26:00		60	0	0	0	0	0	0	0	0	0	0	0	0	0	0	0	0	0	0	0	0	0,0000	0,0000	217,3581
2021-11-11	23:27:00		60	0	0	0	0	0	0	0	0	0	0	0	0	0	0	0	0	0	0	0	0	0,0000	0,0000	217,3581
2021-11-11	23:28:00		60	0	0	0	0	0	0	0	0	0	0	0	0	0	0	0	0	0	0	0	0	0,0000	0,0000	217,3581
2021-11-11	23:29:00		60	0	0	0	0	0	0	0	0	0	0	0	0	0	0	0	0	0	0	0	0	0,0000	0,0000	217,3581
2021-11-11	23:30:00		60	0	0	0	0	0	0	0	0	0	0	0	0	0	0	0	0	0	0	0	0	0,0000	0,0000	217,3581
2021-11-11	23:31:00		60	0	0	0	0	0	0	0	0	0	0	0	0	0	0	0	0	0	0	0	0	0,0000	0,0000	217,3581
2021-11-11	23:32:00		60	0	0	0	0	0	0	0	0	0	0	0	0	0	0	0	0	0	0	0	0	0,0000	0,0000	217,3581
2021-11-11	23:33:00		60	0	0	0	0	0	0	0	0	0	0	0	0	0	0	0	0	0	0	0	0	0,0000	0,0000	217,3581
2021-11-11	23:34:00		60	0	0	0	0	0	0	0	0	0	0	0	0	0	0	0	0	0	0	0	0	0,0000	0,0000	217,3581
2021-11-11	23:35:00		60	0	0	0	0	0	0	0	0	0	0	0	0	0	0	0	0	0	0	0	0	0,0000	0,0000	217,3581
2021-11-11	23:36:00		60	0	0	0	0	0	0	0	0	0	0	0	0	0	0	0	0	0	0	0	0	0,0000	0,0000	217,3581
2021-11-11	23:37:00		60	0	0	0	0	0	0	0	0	0	0	0	0	0	0	0	0	0	0	0	0	0,0000	0,0000	217,3581
2021-11-11	23:38:00		60	0	0	0	1	0	0	0	0	0	0	0	0	0	0	0	0	0	0	0	0	0,0018	0,0000	217,3582
2021-11-11	23:39:00		60	0	0	0	0	1	0	0	0	0	0	0	0	0	0	0	0	0	0	0	0	0,0029	0,0000	217,3582
2021-11-11	23:40:00		60	0	0	3	0	2	0	0	0	0	0	0	0	0	0	0	0	0	0	0	0	0,0089	0,0001	217,3583
2021-11-11	23:41:00		60	1	2	3	4	1	0	0	0	0	0	0	0	0	0	0	0	0	0	0	0	0,0146	0,0002	217,3586
2021-11-11	23:42:00		60	1	1	1	1	0	0	0	0	0	0	0	0	0	0	0	0	0	0	0	0	0,0037	0,0001	217,3587
2021-11-11	23:43:00		60	1	1	1	1	2	0	0	0	0	0	0	0	0	0	0	0	0	0	0	0	0,0095	0,0002	217,3588
2021-11-11	23:44:00		60	1	1	5	2	0	0	0	0	0	0	0	0	0	0	0	0	0	0	0	0	0,0097	0,0002	217,3590
2021-11-11	23:45:00		60	2	3	2	3	1	1	0	0	0	0	0	0	0	0	0	0	0	0	0	0	0,0174	0,0003	217,3593
2021-11-11	23:46:00		60	1	2	3	1	0	1	0	0	0	0	0	0	0	0	0	0	0	0	0	0	0,0112	0,0002	217,3594
2021-11-11	23:47:00		60	1	0	4	3	1	0	0	0	0	0	0	0	0	0	0	0	0	0	0	0	0,0127	0,0002	217,3597
2021-11-11	23:48:00		60	1	0	1	1	0	2	0	0	0	0	0	0	0	0	0	0	0	0	0	0	0,0127	0,0002	217,3599
2021-11-11	23:49:00		60	0	0	0	0	0	1	1	0	0	0	0	0	0	0	0	0	0	0	0	0	0,0135	0,0002	217,3601
2021-11-11	23:50:00		60	0	0	0	1	0	1	0	0	0	0	0	0	0	0	0	0	0	0	0	0	0,0066	0,0001	217,3602
2021-11-11	23:51:00		60	0	0	0	0	1	0	0	0	0	0	0	0	0	0	0	0	0	0	0	0	0,0029	0,0000	217,3603
2021-11-11	23:52:00		60	0	0	0	0	0	0	0	0	0	0	0	0	0	0	0	0	0	0	0	0	0,0000	0,0000	217,3603
2021-11-11	23:53:00		60	0	0	0	0	0	0	0	0	0	0	0	0	0	0	0	0	0	0	0	0	0,0000	0,0000	217,3603
2021-11-11	23:54:00		60	0	0	0	0	0	0	0	0	0	0	0	0	0	0	0	0	0	0	0	0	0,0000	0,0000	217,3603
2021-11-11	23:55:00		60	0	0	0	0	0	0	1	0	0	0	0	0	0	0	0	0	0	0	0	0	0,0087	0,0001	217,3604
2021-11-11	23:56:00		60	0	0	0	0	0	0	1	0	0	0	0	0	0	0	0	0	0	0	0	0	0,0087	0,0001	217,3605
2021-11-11	23:57:00		60	0	0	0	0	0	0	1	0	0	0	0	0	0	0	0	0	0	0	0	0	0,0087	0,0001	217,3607
2021-11-11	23:58:00		60	0	0	0	0	0	0	1	0	0	0	0	0	0	0	0	0	0	0	0	0	0,0087	0,0001	217,3608
2021-11-11	23:59:00		60	0	0	0	0	0	1	1	0	0	0	0	0	0	0	0	0	0	0	0	0	0,0135	0,0002	217,3611
2021-11-12	00:00:00		60	0	0	0	0	0	6	1	0	0	0	0	0	0	0	0	0	0	0	0	0	0,0374	0,0006	217,3617
2021-11-12	00:01:00		60	0	1	0	0	1	1	1	0	0	0	0	0	0	0	0	0	0	0	0	0	0,0170	0,0003	217,3620
2021-11-12	00:02:00		60	0	0	0	0	1	0	4	0	0	0	0	0	0	0	0	0	0	0	0	0	0,0378	0,0006	217,3626
2021-11-12	00:03:00		60	0	0	0	2	4	3	0	0	0	0	0	0	0	0	0	0	0	0	0	0	0,0294	0,0005	217,3631
2021-11-12	00:04:00		60	0	0	0	2	1	0	1	0	0	0	0	0	0	0	0	0	0	0	0	0	0,0152	0,0003	217,3633
2021-11-12	00:05:00		60	0	0	0	4	1	0	0	0	0	0	0	0	0	0	0	0	0	0	0	0	0,0100	0,0002	217,3635
2021-11-12	00:06:00		60	0	0	0	3	6	4	0	0	0	0	0	0	0	0	0	0	0	0	0	0	0,0417	0,0007	217,3642
2021-11-12	00:07:00		60	0	0	0	3	0	1	0	0	0	0	0	0	0	0	0	0	0	0	0	0	0,0101	0,0002	217,3644
2021-11-12	00:08:00		60	0	0	0	0	0	1	1	0	0	0	0	0	0	0	0	0	0	0	0	0	0,0135	0,0002	217,3646
2021-11-12	00:09:00		60	0	0	0	0	1	0	0	0	0	0	0	0	0	0	0	0	0	0	0	0	0,0029	0,0000	217,3646
2021-11-12	00:10:00		60	0	0	0	0	0	0	0	0	0	0	0	0	0	0	0	0	0	0	0	0	0,0000	0,0000	217,3646
2021-11-12	00:11:00		60	0	0	0	0	0	0	0	0	0	0	0	0	0	0	0	0	0	0	0	0	0,0000	0,0000	217,3646
2021-11-12	00:12:00		60	0	0	0	0	0	0	0	0	0	0	0	0	0	0	0	0	0	0	0	0	0,0000	0,0000	217,3646
2021-11-12	00:13:00		60	0	0	0	0	0	0	0	0	0	0	0	0	0	0	0	0	0	0	0	0	0,0000	0,0000	217,3646
2021-11-12	00:14:00		60	0	0	0	0	0	0	0	0	0	0	0	0	0	0	0	0	0	0	0	0	0,0000	0,0000	217,3646
2021-11-12	00:15:00		60	0	0	0	0	0	0	0	0	0	0	0	0	0	0	0	0	0	0	0	0	0,0000	0,0000	217,3646
2021-11-12	00:16:00		60	0	0	0	0	0	0	0	0	0	0	0	0	0	0	0	0	0	0	0	0	0,0000	0,0000	217,3646
2021-11-12	00:17:00		60	0	0	0	0	0	0	0	0	0	0	0	0	0	0	0	0	0	0	0	0	0,0000	0,0000	217,3646
2021-11-12	00:18:00		60	0	0	0	0	0	0	0	0	0	0	0	0	0	0	0	0	0	0	0	0	0,0000	0,0000	217,3646
2021-11-12	00:19:00		60	0	0	0	0	0	0	0	0	0	0	0	0	0	0	0	0	0	0	0	0	0,0000	0,0000	217,3646
2021-11-12	00:20:00		60	0	0	0	0	0	0	0	0	0	0	0	0	0	0	0	0	0	0	0	0	0,0000	0,0000	217,3646
2021-11-12	00:21:00		60	0	0	0	0	0	0	0	0	0	0	0	0	0	0	0	0	0	0	0	0	0,0000	0,0000	217,3646
2021-11-12	00:22:00		60	0	0	0	0	0	0	0	0	0	0	0	0	0	0	0	0	0	0	0	0	0,0000	0,0000	217,3646
2021-11-12	00:23:00		60	0	0	0	0	0	0	0	0	0	0	0	0	0	0	0	0	0	0	0	0	0,0000	0,0000	217,3646
2021-11-12	00:24:00		60	0	0	0	0	0	0	0	0	0	0	0	0	0	0	0	0	0	0	0	0	0,0000	0,0000	217,3646
2021-11-12	00:25:00		60	0	0	0	0	0	0	0	0	0	0	0	0	0	0	0	0	0	0	0	0	0,0000	0,0000	217,3646
2021-11-12	00:26:00		60	0	0	0	0	0	0	0	0	0	0	0	0	0	0	0	0	0	0	0	0	0,0000	0,0000	217,3646
2021-11-12	00:27:00		60	0	0	0	0	0	0	0	0	0	0	0	0	0	0	0	0	0	0	0	0	0,0000	0,0000	217,3646
2021-11-12	00:28:00		60	0	0	0	0	0	0	0	0	0	0	0	0	0	0	0	0	0	0	0	0	0,0000	0,0000	217,3646
2021-11-12	00:29:00		60	0	0	0	0	0	0	0	0	0	0	0	0	0	0	0	0	0	0	0	0	0,0000	0,0000	217,3646
2021-11-12	00:30:00		60	0	0	0	0	0	0	0	0	0	0	0	0	0	0	0	0	0	0	0	0	0,0000	0,0000	217,3646
2021-11-12	00:31:00		60	0	0	0	0	0	0	0	0	0	0	0	0	0	0	0	0	0	0	0	0	0,0000	0,0000	217,3646
2021-11-12	00:32:00		60	0	0	0	0	0	0	0	0	0	0	0	0	0	0	0	0	0	0	0	0	0,0000	0,0000	217,3646
2021-11-12	00:33:00		60	0	0	0	0	0	0	0	0	0	0	0	0	0	0	0	0	0	0	0	0	0,0000	0,0000	217,3646
2021-11-12	00:34:00		60	0	0	0	0	0	0	0	0	0	0	0	0	0	0	0	0	0	0	0	0	0,0000	0,0000	217,3646
2021-11-12	00:35:00		60	0	0	0	0	0	0	0	0	0	0	0	0	0	0	0	0	0	0	0	0	0,0000	0,0000	217,3646
2021-11-12	00:36:00		60	0	0	0	0	0	0	0	0	0	0	0	0	0	0	0	0	0	0	0	0	0,0000	0,0000	217,3646
2021-11-12	00:37:00		60	0	0	0	0	0	0	0	0	0	0	0	0	0	0	0	0	0	0	0	0	0,0000	0,0000	217,3646
2021-11-12	00:38:00		60	0	0	0	0	0	0	0	0	0	0	0	0	0	0	0	0	0	0	0	0	0,0000	0,0000	217,3646
2021-11-12	00:39:00		60	0	0	0	0	0	0	0	0	0	0	0	0	0	0	0	0	0	0	0	0	0,0000	0,0000	217,3646
2021-11-12	00:40:00		60	0	0	0	0	0	0	0	0	0	0	0	0	0	0	0	0	0	0	0	0	0,0000	0,0000	217,3646
2021-11-12	00:41:00		60	0	0	0	0	0	0	0	0	0	0	0	0	0	0	0	0	0	0	0	0	0,0000	0,0000	217,3646
2021-11-12	00:42:00		60	0	0	0	0	0	0	0	0	0	0	0	0	0	0	0	0	0	0	0	0	0,0000	0,0000	217,3646
2021-11-12	00:43:00		60	0	0	0	0	0	0	0	0	0	0	0	0	0	0	0	0	0	0	0	0	0,0000	0,0000	217,3646
2021-11-12	00:44:00		60	0	0	0	0	0	0	0	0	0	0	0	0	0	0	0	0	0	0	0	0	0,0000	0,0000	217,3646
2021-11-12	00:45:00		60	0	0	0	0	0	0	0	0	0	0	0	0	0	0	0	0	0	0	0	0	0,0000	0,0000	217,3646
2021-11-12	00:46:00		60	0	0	0	0	0	0	0	0	0	0	0	0	0	0	0	0	0	0	0	0	0,0000	0,0000	217,3646
2021-11-12	00:47:00		60	0	0	0	0	0	0	0	0	0	0	0	0	0	0	0	0	0	0	0	0	0,0000	0,0000	217,3646
2021-11-12	00:48:00		60	0	0	0	0	0	0	0	0	0	0	0	0	0	0	0	0	0	0	0	0	0,0000	0,0000	217,3646
2021-11-12	00:49:00		60	0	0	0	0	0	0	0	0	0	0	0	0	0	0	0	0	0	0	0	0	0,0000	0,0000	217,3646
2021-11-12	00:50:00		60	0	0	0	0	0	0	0	0	0	0	0	0	0	0	0	0	0	0	0	0	0,0000	0,0000	217,3646
2021-11-12	00:51:00		60	0	0	0	0	0	0	0	0	0	0	0	0	0	0	0	0	0	0	0	0	0,0000	0,0000	217,3646
2021-11-12	00:52:00		60	0	0	0	0	0	0	0	0	0	0	0	0	0	0	0	0	0	0	0	0	0,0000	0,0000	217,3646
2021-11-12	00:53:00		60	0	0	0	0	0	0	0	0	0	0	0	0	0	0	0	0	0	0	0	0	0,0000	0,0000	217,3646
2021-11-12	00:54:00		60	0	0	0	0	0	0	0	0	0	0	0	0	0	0	0	0	0	0	0	0	0,0000	0,0000	217,3646
2021-11-12	00:55:00		60	0	0	0	0	0	0	0	0	0	0	0	0	0	0	0	0	0	0	0	0	0,0000	0,0000	217,3646
2021-11-12	00:56:00		60	0	0	0	0	0	0	0	0	0	0	0	0	0	0	0	0	0	0	0	0	0,0000	0,0000	217,3646
2021-11-12	00:57:00		60	0	0	0	0	0	0	0	0	0	0	0	0	0	0	0	0	0	0	0	0	0,0000	0,0000	217,3646
2021-11-12	00:58:00		60	0	0	0	0	0	0	0	0	0	0	0	0	0	0	0	0	0	0	0	0	0,0000	0,0000	217,3646
2021-11-12	00:59:00		60	0	0	0	0	0	0	0	0	0	0	0	0	0	0	0	0	0	0	0	0	0,0000	0,0000	217,3646
2021-11-12	01:00:00		60	0	0	0	0	0	0	0	0	0	0	0	0	0	0	0	0	0	0	0	0	0,0000	0,0000	217,3646
2021-11-12	01:01:00		60	0	0	0	0	0	0	0	0	0	0	0	0	0	0	0	0	0	0	0	0	0,0000	0,0000	217,3646
2021-11-12	01:02:00		60	0	0	0	0	0	0	0	0	0	0	0	0	0	0	0	0	0	0	0	0	0,0000	0,0000	217,3646
2021-11-12	01:03:00		60	0	0	0	0	0	0	0	0	0	0	0	0	0	0	0	0	0	0	0	0	0,0000	0,0000	217,3646
2021-11-12	01:04:00		60	0	0	0	0	0	0	0	0	0	0	0	0	0	0	0	0	0	0	0	0	0,0000	0,0000	217,3646
2021-11-12	01:05:00		60	0	0	0	0	0	0	0	0	0	0	0	0	0	0	0	0	0	0	0	0	0,0000	0,0000	217,3646
2021-11-12	01:06:00		60	0	0	0	0	0	0	0	0	0	0	0	0	0	0	0	0	0	0	0	0	0,0000	0,0000	217,3646
2021-11-12	01:07:00		60	0	0	0	0	0	0	0	0	0	0	0	0	0	0	0	0	0	0	0	0	0,0000	0,0000	217,3646
2021-11-12	01:08:00		60	0	0	0	0	0	0	0	0	0	0	0	0	0	0	0	0	0	0	0	0	0,0000	0,0000	217,3646
2021-11-12	01:09:00		60	0	0	0	0	0	0	0	0	0	0	0	0	0	0	0	0	0	0	0	0	0,0000	0,0000	217,3646
2021-11-12	01:10:00		60	0	0	0	0	0	0	0	0	0	0	0	0	0	0	0	0	0	0	0	0	0,0000	0,0000	217,3646
2021-11-12	01:11:00		60	0	0	0	0	0	0	0	0	0	0	0	0	0	0	0	0	0	0	0	0	0,0000	0,0000	217,3646
2021-11-12	01:12:00		60	0	0	0	0	0	0	0	0	0	0	0	0	0	0	0	0	0	0	0	0	0,0000	0,0000	217,3646
2021-11-12	01:13:00		60	0	0	0	0	0	0	0	0	0	0	0	0	0	0	0	0	0	0	0	0	0,0000	0,0000	217,3646
2021-11-12	01:14:00		60	0	0	0	0	0	0	0	0	0	0	0	0	0	0	0	0	0	0	0	0	0,0000	0,0000	217,3646
2021-11-12	01:15:00		60	0	0	0	0	0	0	0	0	0	0	0	0	0	0	0	0	0	0	0	0	0,0000	0,0000	217,3646
2021-11-12	01:16:00		60	0	0	0	0	0	0	0	0	0	0	0	0	0	0	0	0	0	0	0	0	0,0000	0,0000	217,3646
2021-11-12	01:17:00		60	0	0	0	0	0	0	0	0	0	0	0	0	0	0	0	0	0	0	0	0	0,0000	0,0000	217,3646
2021-11-12	01:18:00		60	0	0	0	0	0	0	0	0	0	0	0	0	0	0	0	0	0	0	0	0	0,0000	0,0000	217,3646
2021-11-12	01:19:00		60	0	0	0	0	0	0	0	0	0	0	0	0	0	0	0	0	0	0	0	0	0,0000	0,0000	217,3646
2021-11-12	01:20:00		60	1	0	1	0	0	0	0	0	0	0	0	0	0	0	0	0	0	0	0	0	0,0013	0,0000	217,3647
2021-11-12	01:21:00		60	0	0	1	1	0	0	0	0	0	0	0	0	0	0	0	0	0	0	0	0	0,0028	0,0000	217,3647
2021-11-12	01:22:00		60	1	0	0	1	0	0	0	0	0	0	0	0	0	0	0	0	0	0	0	0	0,0021	0,0000	217,3647
2021-11-12	01:23:00		60	0	1	0	1	0	0	0	0	0	0	0	0	0	0	0	0	0	0	0	0	0,0024	0,0000	217,3648
2021-11-12	01:24:00		60	0	0	0	0	0	0	0	0	0	0	0	0	0	0	0	0	0	0	0	0	0,0000	0,0000	217,3648
2021-11-12	01:25:00		60	1	3	2	0	0	0	0	0	0	0	0	0	0	0	0	0	0	0	0	0	0,0042	0,0001	217,3649
2021-11-12	01:26:00		60	1	1	1	0	0	0	0	0	0	0	0	0	0	0	0	0	0	0	0	0	0,0019	0,0000	217,3649
2021-11-12	01:27:00		60	0	2	1	1	0	0	0	0	0	0	0	0	0	0	0	0	0	0	0	0	0,0040	0,0001	217,3650
2021-11-12	01:28:00		60	1	2	1	1	0	0	0	0	0	0	0	0	0	0	0	0	0	0	0	0	0,0043	0,0001	217,3650
2021-11-12	01:29:00		60	0	3	0	2	2	3	0	0	0	0	0	0	0	0	0	0	0	0	0	0	0,0254	0,0004	217,3655
2021-11-12	01:30:00		60	1	1	0	2	2	1	0	0	0	0	0	0	0	0	0	0	0	0	0	0	0,0150	0,0002	217,3657
2021-11-12	01:31:00		60	1	2	0	3	2	1	1	0	0	0	0	0	0	0	0	0	0	0	0	0	0,0261	0,0004	217,3661
2021-11-12	01:32:00		60	1	0	3	0	1	3	1	0	0	0	0	0	0	0	0	0	0	0	0	0	0,0294	0,0005	217,3666
2021-11-12	01:33:00		60	1	5	1	4	0	1	0	0	0	0	0	0	0	0	0	0	0	0	0	0	0,0162	0,0003	217,3669
2021-11-12	01:34:00		60	0	1	0	3	0	0	0	0	0	0	0	0	0	0	0	0	0	0	0	0	0,0059	0,0001	217,3670
2021-11-12	01:35:00		60	0	0	0	2	3	0	0	0	0	0	0	0	0	0	0	0	0	0	0	0	0,0122	0,0002	217,3672
2021-11-12	01:36:00		60	1	0	2	0	1	0	1	0	0	0	0	0	0	0	0	0	0	0	0	0	0,0140	0,0002	217,3674
2021-11-12	01:37:00		60	0	1	0	4	1	0	0	0	0	0	0	0	0	0	0	0	0	0	0	0	0,0106	0,0002	217,3676
2021-11-12	01:38:00		60	1	0	1	2	1	0	0	0	0	0	0	0	0	0	0	0	0	0	0	0	0,0078	0,0001	217,3677
2021-11-12	01:39:00		60	0	0	3	1	0	0	0	0	0	0	0	0	0	0	0	0	0	0	0	0	0,0049	0,0001	217,3678
2021-11-12	01:40:00		60	1	1	1	1	0	0	0	0	0	0	0	0	0	0	0	0	0	0	0	0	0,0037	0,0001	217,3679
2021-11-12	01:41:00		60	0	1	1	1	1	0	0	0	0	0	0	0	0	0	0	0	0	0	0	0	0,0063	0,0001	217,3680
2021-11-12	01:42:00		60	1	1	1	0	1	0	0	0	0	0	0	0	0	0	0	0	0	0	0	0	0,0048	0,0001	217,3681
2021-11-12	01:43:00		60	0	0	0	2	1	0	0	0	0	0	0	0	0	0	0	0	0	0	0	0	0,0064	0,0001	217,3682
2021-11-12	01:44:00		60	0	1	1	1	1	1	0	0	0	0	0	0	0	0	0	0	0	0	0	0	0,0111	0,0002	217,3684
2021-11-12	01:45:00		60	0	0	0	0	0	1	0	0	0	0	0	0	0	0	0	0	0	0	0	0	0,0048	0,0001	217,3684
2021-11-12	01:46:00		60	0	0	0	1	1	0	0	0	0	0	0	0	0	0	0	0	0	0	0	0	0,0047	0,0001	217,3685
2021-11-12	01:47:00		60	0	0	0	0	1	0	0	0	0	0	0	0	0	0	0	0	0	0	0	0	0,0029	0,0000	217,3686
2021-11-12	01:48:00		60	0	0	0	0	0	0	0	0	0	0	0	0	0	0	0	0	0	0	0	0	0,0000	0,0000	217,3686
2021-11-12	01:49:00		60	0	0	1	0	0	0	0	0	0	0	0	0	0	0	0	0	0	0	0	0	0,0011	0,0000	217,3686
2021-11-12	01:50:00		60	0	0	0	0	0	0	0	0	0	0	0	0	0	0	0	0	0	0	0	0	0,0000	0,0000	217,3686
2021-11-12	01:51:00		60	1	0	2	0	0	0	0	0	0	0	0	0	0	0	0	0	0	0	0	0	0,0024	0,0000	217,3686
2021-11-12	01:52:00		60	0	0	0	0	0	0	0	0	0	0	0	0	0	0	0	0	0	0	0	0	0,0000	0,0000	217,3686
2021-11-12	01:53:00		60	0	0	0	0	0	0	0	0	0	0	0	0	0	0	0	0	0	0	0	0	0,0000	0,0000	217,3686
2021-11-12	01:54:00		60	0	0	0	0	0	0	0	0	0	0	0	0	0	0	0	0	0	0	0	0	0,0000	0,0000	217,3686
2021-11-12	01:55:00		60	0	0	0	0	0	0	0	0	0	0	0	0	0	0	0	0	0	0	0	0	0,0000	0,0000	217,3686
2021-11-12	01:56:00		60	0	0	0	0	0	0	0	0	0	0	0	0	0	0	0	0	0	0	0	0	0,0000	0,0000	217,3686
2021-11-12	01:57:00		60	0	0	0	0	0	0	0	0	0	0	0	0	0	0	0	0	0	0	0	0	0,0000	0,0000	217,3686
2021-11-12	01:58:00		60	0	0	0	0	0	0	0	0	0	0	0	0	0	0	0	0	0	0	0	0	0,0000	0,0000	217,3686
2021-11-12	01:59:00		60	0	0	0	0	0	0	0	0	0	0	0	0	0	0	0	0	0	0	0	0	0,0000	0,0000	217,3686
2021-11-12	02:00:00		60	0	0	0	0	0	0	0	0	0	0	0	0	0	0	0	0	0	0	0	0	0,0000	0,0000	217,3686
2021-11-12	02:01:00		60	0	0	0	0	0	0	0	0	0	0	0	0	0	0	0	0	0	0	0	0	0,0000	0,0000	217,3686
2021-11-12	02:02:00		60	0	0	0	0	0	0	0	0	0	0	0	0	0	0	0	0	0	0	0	0	0,0000	0,0000	217,3686
2021-11-12	02:03:00		60	0	0	0	0	0	0	0	0	0	0	0	0	0	0	0	0	0	0	0	0	0,0000	0,0000	217,3686
2021-11-12	02:04:00		60	0	0	0	0	0	0	0	0	0	0	0	0	0	0	0	0	0	0	0	0	0,0000	0,0000	217,3686
2021-11-12	02:05:00		60	0	0	0	0	0	0	0	0	0	0	0	0	0	0	0	0	0	0	0	0	0,0000	0,0000	217,3686
2021-11-12	02:06:00		60	0	0	0	0	0	0	0	0	0	0	0	0	0	0	0	0	0	0	0	0	0,0000	0,0000	217,3686
2021-11-12	02:07:00		60	0	0	0	0	0	0	0	0	0	0	0	0	0	0	0	0	0	0	0	0	0,0000	0,0000	217,3686
2021-11-12	02:08:00		60	0	0	0	0	0	0	0	0	0	0	0	0	0	0	0	0	0	0	0	0	0,0000	0,0000	217,3686
2021-11-12	02:09:00		60	0	0	0	0	0	0	0	0	0	0	0	0	0	0	0	0	0	0	0	0	0,0000	0,0000	217,3686
2021-11-12	02:10:00		60	0	0	0	0	0	0	0	0	0	0	0	0	0	0	0	0	0	0	0	0	0,0000	0,0000	217,3686
2021-11-12	02:11:00		60	0	0	0	0	0	0	0	0	0	0	0	0	0	0	0	0	0	0	0	0	0,0000	0,0000	217,3686
2021-11-12	02:12:00		60	0	0	0	0	0	0	0	0	0	0	0	0	0	0	0	0	0	0	0	0	0,0000	0,0000	217,3686
2021-11-12	02:13:00		60	0	0	0	0	0	0	0	0	0	0	0	0	0	0	0	0	0	0	0	0	0,0000	0,0000	217,3686
2021-11-12	02:14:00		60	0	0	0	0	0	0	0	0	0	0	0	0	0	0	0	0	0	0	0	0	0,0000	0,0000	217,3686
2021-11-12	02:15:00		60	0	0	0	0	0	0	0	0	0	0	0	0	0	0	0	0	0	0	0	0	0,0000	0,0000	217,3686
2021-11-12	02:16:00		60	0	0	0	0	0	0	0	0	0	0	0	0	0	0	0	0	0	0	0	0	0,0000	0,0000	217,3686
2021-11-12	02:17:00		60	0	0	0	0	0	0	0	0	0	0	0	0	0	0	0	0	0	0	0	0	0,0000	0,0000	217,3686
2021-11-12	02:18:00		60	0	0	0	0	0	0	0	0	0	0	0	0	0	0	0	0	0	0	0	0	0,0000	0,0000	217,3686
2021-11-12	02:19:00		60	0	0	0	0	0	0	0	0	0	0	0	0	0	0	0	0	0	0	0	0	0,0000	0,0000	217,3686
2021-11-12	02:20:00		60	0	0	0	0	0	0	0	0	0	0	0	0	0	0	0	0	0	0	0	0	0,0000	0,0000	217,3686
2021-11-12	02:21:00		60	0	0	0	0	0	0	0	0	0	0	0	0	0	0	0	0	0	0	0	0	0,0000	0,0000	217,3686
2021-11-12	02:22:00		60	0	0	0	0	0	0	1	0	0	0	0	0	0	0	0	0	0	0	0	0	0,0087	0,0001	217,3688
2021-11-12	02:23:00		60	0	0	0	0	0	0	0	0	0	0	0	0	0	0	0	0	0	0	0	0	0,0000	0,0000	217,3688
2021-11-12	02:24:00		60	0	0	0	0	0	0	0	0	0	0	0	0	0	0	0	0	0	0	0	0	0,0000	0,0000	217,3688
2021-11-12	02:25:00		60	0	0	0	0	0	0	0	0	0	0	0	0	0	0	0	0	0	0	0	0	0,0000	0,0000	217,3688
2021-11-12	02:26:00		60	0	0	0	0	0	0	0	0	0	0	0	0	0	0	0	0	0	0	0	0	0,0000	0,0000	217,3688
2021-11-12	02:27:00		60	0	0	0	0	0	0	0	0	0	0	0	0	0	0	0	0	0	0	0	0	0,0000	0,0000	217,3688
2021-11-12	02:28:00		60	0	0	0	0	0	0	0	0	0	0	0	0	0	0	0	0	0	0	0	0	0,0000	0,0000	217,3688
2021-11-12	02:29:00		60	0	0	0	0	0	0	0	0	0	0	0	0	0	0	0	0	0	0	0	0	0,0000	0,0000	217,3688
2021-11-12	02:30:00		60	0	0	0	0	0	0	0	0	0	0	0	0	0	0	0	0	0	0	0	0	0,0000	0,0000	217,3688
2021-11-12	02:31:00		60	0	0	0	0	0	0	0	0	0	0	0	0	0	0	0	0	0	0	0	0	0,0000	0,0000	217,3688
2021-11-12	02:32:00		60	0	0	2	0	0	1	0	0	0	0	0	0	0	0	0	0	0	0	0	0	0,0069	0,0001	217,3689
2021-11-12	02:33:00		60	0	0	0	0	0	0	0	0	0	0	0	0	0	0	0	0	0	0	0	0	0,0000	0,0000	217,3689
2021-11-12	02:34:00		60	0	0	0	0	0	0	0	0	0	0	0	0	0	0	0	0	0	0	0	0	0,0000	0,0000	217,3689
2021-11-12	02:35:00		60	0	0	0	2	0	1	0	0	0	0	0	0	0	0	0	0	0	0	0	0	0,0083	0,0001	217,3690
2021-11-12	02:36:00		60	0	0	0	0	1	0	0	0	0	0	0	0	0	0	0	0	0	0	0	0	0,0029	0,0000	217,3691
2021-11-12	02:37:00		60	0	0	0	0	1	0	0	0	0	0	0	0	0	0	0	0	0	0	0	0	0,0029	0,0000	217,3691
2021-11-12	02:38:00		60	0	0	1	0	1	0	0	0	0	0	0	0	0	0	0	0	0	0	0	0	0,0039	0,0001	217,3692
2021-11-12	02:39:00		60	0	0	1	2	0	0	0	0	0	0	0	0	0	0	0	0	0	0	0	0	0,0046	0,0001	217,3693
2021-11-12	02:40:00		60	0	0	1	0	0	0	0	0	0	0	0	0	0	0	0	0	0	0	0	0	0,0011	0,0000	217,3693
2021-11-12	02:41:00		60	0	0	0	0	0	0	0	0	0	0	0	0	0	0	0	0	0	0	0	0	0,0000	0,0000	217,3693
2021-11-12	02:42:00		60	0	0	0	0	1	1	1	0	0	0	0	0	0	0	0	0	0	0	0	0	0,0164	0,0003	217,3695
2021-11-12	02:43:00		60	0	0	1	0	0	3	2	0	0	0	0	0	0	0	0	0	0	0	0	0	0,0329	0,0005	217,3701
2021-11-12	02:44:00		60	0	1	0	2	1	1	0	0	0	0	0	0	0	0	0	0	0	0	0	0	0,0118	0,0002	217,3703
2021-11-12	02:45:00		60	1	0	1	1	3	1	0	0	0	0	0	0	0	0	0	0	0	0	0	0	0,0165	0,0003	217,3706
2021-11-12	02:46:00		60	2	1	1	1	3	0	0	0	0	0	0	0	0	0	0	0	0	0	0	0	0,0126	0,0002	217,3708
2021-11-12	02:47:00		60	2	0	0	3	1	0	1	0	0	0	0	0	0	0	0	0	0	0	0	0	0,0175	0,0003	217,3711
2021-11-12	02:48:00		60	1	1	1	1	0	0	0	0	0	0	0	0	0	0	0	0	0	0	0	0	0,0037	0,0001	217,3711
2021-11-12	02:49:00		60	0	4	1	0	1	1	1	0	0	0	0	0	0	0	0	0	0	0	0	0	0,0198	0,0003	217,3715
2021-11-12	02:50:00		60	0	0	0	0	0	0	0	0	0	0	0	0	0	0	0	0	0	0	0	0	0,0000	0,0000	217,3715
2021-11-12	02:51:00		60	1	1	2	2	1	1	0	0	0	0	0	0	0	0	0	0	0	0	0	0	0,0142	0,0002	217,3717
2021-11-12	02:52:00		60	0	3	1	1	1	0	0	0	0	0	0	0	0	0	0	0	0	0	0	0	0,0075	0,0001	217,3718
2021-11-12	02:53:00		60	1	3	0	1	1	0	0	0	0	0	0	0	0	0	0	0	0	0	0	0	0,0067	0,0001	217,3719
2021-11-12	02:54:00		60	0	0	0	0	0	0	0	0	0	0	0	0	0	0	0	0	0	0	0	0	0,0000	0,0000	217,3719
2021-11-12	02:55:00		60	0	2	2	0	0	0	0	0	0	0	0	0	0	0	0	0	0	0	0	0	0,0033	0,0001	217,3720
2021-11-12	02:56:00		60	0	0	2	0	0	0	0	0	0	0	0	0	0	0	0	0	0	0	0	0	0,0021	0,0000	217,3720
2021-11-12	02:57:00		60	1	2	1	4	1	0	0	0	0	0	0	0	0	0	0	0	0	0	0	0	0,0125	0,0002	217,3722
2021-11-12	02:58:00		60	2	0	0	1	1	0	0	0	0	0	0	0	0	0	0	0	0	0	0	0	0,0052	0,0001	217,3723
2021-11-12	02:59:00		60	0	0	2	2	1	0	0	0	0	0	0	0	0	0	0	0	0	0	0	0	0,0085	0,0001	217,3725
2021-11-12	03:00:00		60	1	1	1	2	1	1	0	0	0	0	0	0	0	0	0	0	0	0	0	0	0,0131	0,0002	217,3727
2021-11-12	03:01:00		60	1	0	1	2	2	1	1	0	0	0	0	0	0	0	0	0	0	0	0	0	0,0242	0,0004	217,3731
2021-11-12	03:02:00		60	1	0	0	1	2	2	0	0	0	0	0	0	0	0	0	0	0	0	0	0	0,0174	0,0003	217,3734
2021-11-12	03:03:00		60	0	0	1	3	0	0	0	0	0	0	0	0	0	0	0	0	0	0	0	0	0,0064	0,0001	217,3735
2021-11-12	03:04:00		60	1	5	1	1	0	1	0	0	0	0	0	0	0	0	0	0	0	0	0	0	0,0109	0,0002	217,3737
2021-11-12	03:05:00		60	1	2	2	3	0	2	1	0	0	0	0	0	0	0	0	0	0	0	0	0	0,0272	0,0005	217,3741
2021-11-12	03:06:00		60	0	4	4	0	4	0	2	0	0	0	0	0	0	0	0	0	0	0	0	0	0,0356	0,0006	217,3747
2021-11-12	03:07:00		60	1	1	3	2	4	1	0	1	0	0	0	0	0	0	0	0	0	0	0	0	0,0387	0,0006	217,3754
2021-11-12	03:08:00		60	1	3	2	3	0	1	2	0	0	0	0	0	0	0	0	0	0	0	0	0	0,0317	0,0005	217,3759
2021-11-12	03:09:00		60	1	3	2	1	2	2	0	0	0	0	0	0	0	0	0	0	0	0	0	0	0,0213	0,0004	217,3762
2021-11-12	03:10:00		60	1	1	1	3	7	2	0	0	0	0	0	0	0	0	0	0	0	0	0	0	0,0370	0,0006	217,3769
2021-11-12	03:11:00		60	0	3	3	5	3	2	1	1	0	0	0	0	0	0	0	0	0	0	0	0	0,0555	0,0009	217,3778
2021-11-12	03:12:00		60	0	0	3	6	0	1	1	0	0	0	0	0	0	0	0	0	0	0	0	0	0,0273	0,0005	217,3782
2021-11-12	03:13:00		60	2	4	0	3	3	4	1	1	0	0	0	0	0	0	0	0	0	0	0	0	0,0596	0,0010	217,3792
2021-11-12	03:14:00		60	5	3	1	5	2	3	2	0	0	0	0	0	0	0	0	0	0	0	0	0	0,0507	0,0008	217,3801
2021-11-12	03:15:00		60	1	1	0	2	4	5	3	0	0	0	0	0	0	0	0	0	0	0	0	0	0,0661	0,0011	217,3812
2021-11-12	03:16:00		60	2	1	2	2	2	4	2	0	0	0	0	0	0	0	0	0	0	0	0	0	0,0492	0,0008	217,3820
2021-11-12	03:17:00		60	3	1	4	4	0	3	2	0	0	0	0	0	0	0	0	0	0	0	0	0	0,0446	0,0007	217,3827
2021-11-12	03:18:00		60	0	5	6	5	3	3	6	1	0	0	0	0	0	0	0	0	0	0	0	0	0,1083	0,0018	217,3845
2021-11-12	03:19:00		60	3	3	0	7	2	0	1	0	0	0	0	0	0	0	0	0	0	0	0	0	0,0296	0,0005	217,3850
2021-11-12	03:20:00		60	1	5	2	0	2	3	1	0	0	0	0	0	0	0	0	0	0	0	0	0	0,0342	0,0006	217,3856
2021-11-12	03:21:00		60	4	5	1	4	1	1	2	0	0	0	0	0	0	0	0	0	0	0	0	0	0,0374	0,0006	217,3862
2021-11-12	03:22:00		60	2	3	2	0	0	1	1	0	0	0	0	0	0	0	0	0	0	0	0	0	0,0180	0,0003	217,3865
2021-11-12	03:23:00		60	4	1	1	3	2	0	1	0	0	0	0	0	0	0	0	0	0	0	0	0	0,0226	0,0004	217,3869
2021-11-12	03:24:00		60	4	4	5	1	2	5	2	0	0	0	0	0	0	0	0	0	0	0	0	0	0,0577	0,0010	217,3879
2021-11-12	03:25:00		60	1	0	3	2	1	1	0	0	0	0	0	0	0	0	0	0	0	0	0	0	0,0147	0,0002	217,3881
2021-11-12	03:26:00		60	1	0	1	0	0	2	0	0	0	0	0	0	0	0	0	0	0	0	0	0	0,0109	0,0002	217,3883
2021-11-12	03:27:00		60	0	1	1	0	0	0	0	0	0	0	0	0	0	0	0	0	0	0	0	0	0,0016	0,0000	217,3883
2021-11-12	03:28:00		60	2	0	3	1	3	1	0	0	0	0	0	0	0	0	0	0	0	0	0	0	0,0189	0,0003	217,3886
2021-11-12	03:29:00		60	1	2	3	4	1	0	0	0	0	0	0	0	0	0	0	0	0	0	0	0	0,0146	0,0002	217,3889
2021-11-12	03:30:00		60	0	0	0	0	0	0	0	0	0	0	0	0	0	0	0	0	0	0	0	0	0,0000	0,0000	217,3889
2021-11-12	03:31:00		60	3	1	0	0	1	0	0	0	0	0	0	0	0	0	0	0	0	0	0	0	0,0043	0,0001	217,3890
2021-11-12	03:32:00		60	2	0	1	1	0	0	0	0	0	0	0	0	0	0	0	0	0	0	0	0	0,0034	0,0001	217,3890
2021-11-12	03:33:00		60	1	4	1	0	0	0	0	0	0	0	0	0	0	0	0	0	0	0	0	0	0,0037	0,0001	217,3891
2021-11-12	03:34:00		60	0	0	1	0	0	0	0	0	0	0	0	0	0	0	0	0	0	0	0	0	0,0011	0,0000	217,3891
2021-11-12	03:35:00		60	1	1	0	1	0	0	0	0	0	0	0	0	0	0	0	0	0	0	0	0	0,0027	0,0000	217,3891
2021-11-12	03:36:00		60	0	2	0	1	0	0	0	0	0	0	0	0	0	0	0	0	0	0	0	0	0,0030	0,0000	217,3892
2021-11-12	03:37:00		60	3	0	1	0	0	0	0	0	0	0	0	0	0	0	0	0	0	0	0	0	0,0019	0,0000	217,3892
2021-11-12	03:38:00		60	0	1	0	0	1	0	0	0	0	0	0	0	0	0	0	0	0	0	0	0	0,0035	0,0001	217,3893
2021-11-12	03:39:00		60	0	1	1	0	0	0	0	0	0	0	0	0	0	0	0	0	0	0	0	0	0,0016	0,0000	217,3893
2021-11-12	03:40:00		60	0	0	0	0	0	0	0	0	0	0	0	0	0	0	0	0	0	0	0	0	0,0000	0,0000	217,3893
2021-11-12	03:41:00		60	0	0	0	0	0	0	0	0	0	0	0	0	0	0	0	0	0	0	0	0	0,0000	0,0000	217,3893
2021-11-12	03:42:00		60	1	2	1	0	0	0	0	0	0	0	0	0	0	0	0	0	0	0	0	0	0,0025	0,0000	217,3893
2021-11-12	03:43:00		60	1	1	1	0	0	0	0	0	0	0	0	0	0	0	0	0	0	0	0	0	0,0019	0,0000	217,3894
2021-11-12	03:44:00		60	0	0	0	1	0	0	0	0	0	0	0	0	0	0	0	0	0	0	0	0	0,0018	0,0000	217,3894
2021-11-12	03:45:00		60	0	0	0	0	0	0	0	0	0	0	0	0	0	0	0	0	0	0	0	0	0,0000	0,0000	217,3894
2021-11-12	03:46:00		60	0	0	0	0	0	0	0	0	0	0	0	0	0	0	0	0	0	0	0	0	0,0000	0,0000	217,3894
2021-11-12	03:47:00		60	1	0	1	1	2	1	0	0	0	0	0	0	0	0	0	0	0	0	0	0	0,0137	0,0002	217,3896
2021-11-12	03:48:00		60	0	1	2	2	0	0	0	0	0	0	0	0	0	0	0	0	0	0	0	0	0,0062	0,0001	217,3897
2021-11-12	03:49:00		60	0	2	0	0	2	0	0	0	0	0	0	0	0	0	0	0	0	0	0	0	0,0069	0,0001	217,3898
2021-11-12	03:50:00		60	1	0	1	1	0	2	0	0	0	0	0	0	0	0	0	0	0	0	0	0	0,0127	0,0002	217,3901
2021-11-12	03:51:00		60	0	1	4	3	0	1	0	0	0	0	0	0	0	0	0	0	0	0	0	0	0,0149	0,0002	217,3903
2021-11-12	03:52:00		60	1	1	1	2	1	2	0	0	0	0	0	0	0	0	0	0	0	0	0	0	0,0179	0,0003	217,3906
2021-11-12	03:53:00		60	1	0	2	2	2	0	0	0	0	0	0	0	0	0	0	0	0	0	0	0	0,0117	0,0002	217,3908
2021-11-12	03:54:00		60	2	0	2	1	2	1	0	0	0	0	0	0	0	0	0	0	0	0	0	0	0,0150	0,0002	217,3911
2021-11-12	03:55:00		60	0	1	3	3	0	1	0	0	0	0	0	0	0	0	0	0	0	0	0	0	0,0138	0,0002	217,3913
2021-11-12	03:56:00		60	0	1	0	1	0	0	0	0	0	0	0	0	0	0	0	0	0	0	0	0	0,0024	0,0000	217,3913
2021-11-12	03:57:00		60	2	5	1	1	0	0	0	0	0	0	0	0	0	0	0	0	0	0	0	0	0,0064	0,0001	217,3914
2021-11-12	03:58:00		60	0	0	0	0	0	0	0	0	0	0	0	0	0	0	0	0	0	0	0	0	0,0000	0,0000	217,3914
2021-11-12	03:59:00		60	2	4	1	0	0	0	0	0	0	0	0	0	0	0	0	0	0	0	0	0	0,0040	0,0001	217,3915
2021-11-12	04:00:00		60	1	2	1	0	0	0	0	0	0	0	0	0	0	0	0	0	0	0	0	0	0,0025	0,0000	217,3915
2021-11-12	04:01:00		60	3	2	2	0	0	0	0	0	0	0	0	0	0	0	0	0	0	0	0	0	0,0042	0,0001	217,3916
2021-11-12	04:02:00		60	2	3	0	1	0	0	0	0	0	0	0	0	0	0	0	0	0	0	0	0	0,0041	0,0001	217,3917
2021-11-12	04:03:00		60	0	1	1	0	0	0	0	0	0	0	0	0	0	0	0	0	0	0	0	0	0,0016	0,0000	217,3917
2021-11-12	04:04:00		60	2	1	0	2	0	0	0	0	0	0	0	0	0	0	0	0	0	0	0	0	0,0047	0,0001	217,3918
2021-11-12	04:05:00		60	2	2	2	1	0	0	0	0	0	0	0	0	0	0	0	0	0	0	0	0	0,0056	0,0001	217,3919
2021-11-12	04:06:00		60	2	0	1	0	0	0	0	0	0	0	0	0	0	0	0	0	0	0	0	0	0,0016	0,0000	217,3919
2021-11-12	04:07:00		60	1	1	2	0	0	0	0	0	0	0	0	0	0	0	0	0	0	0	0	0	0,0030	0,0000	217,3920
2021-11-12	04:08:00		60	1	0	0	1	0	0	0	0	0	0	0	0	0	0	0	0	0	0	0	0	0,0021	0,0000	217,3920
2021-11-12	04:09:00		60	0	0	0	0	0	0	0	0	0	0	0	0	0	0	0	0	0	0	0	0	0,0000	0,0000	217,3920
2021-11-12	04:10:00		60	2	2	1	0	0	0	0	0	0	0	0	0	0	0	0	0	0	0	0	0	0,0028	0,0000	217,3920
2021-11-12	04:11:00		60	4	2	0	0	0	0	0	0	0	0	0	0	0	0	0	0	0	0	0	0	0,0023	0,0000	217,3921
2021-11-12	04:12:00		60	0	0	0	0	0	0	0	0	0	0	0	0	0	0	0	0	0	0	0	0	0,0000	0,0000	217,3921
2021-11-12	04:13:00		60	0	0	0	0	0	0	0	0	0	0	0	0	0	0	0	0	0	0	0	0	0,0000	0,0000	217,3921
2021-11-12	04:14:00		60	0	0	0	0	0	0	0	0	0	0	0	0	0	0	0	0	0	0	0	0	0,0000	0,0000	217,3921
2021-11-12	04:15:00		60	0	0	0	0	0	0	0	0	0	0	0	0	0	0	0	0	0	0	0	0	0,0000	0,0000	217,3921
2021-11-12	04:16:00		60	0	0	0	0	0	0	0	0	0	0	0	0	0	0	0	0	0	0	0	0	0,0000	0,0000	217,3921
2021-11-12	04:17:00		60	0	0	0	0	0	0	0	0	0	0	0	0	0	0	0	0	0	0	0	0	0,0000	0,0000	217,3921
2021-11-12	04:18:00		60	0	0	1	0	0	0	0	0	0	0	0	0	0	0	0	0	0	0	0	0	0,0011	0,0000	217,3921
2021-11-12	04:19:00		60	0	0	0	0	0	0	0	0	0	0	0	0	0	0	0	0	0	0	0	0	0,0000	0,0000	217,3921
2021-11-12	04:20:00		60	0	0	0	0	0	0	0	0	0	0	0	0	0	0	0	0	0	0	0	0	0,0000	0,0000	217,3921
2021-11-12	04:21:00		60	0	0	0	0	0	0	0	0	0	0	0	0	0	0	0	0	0	0	0	0	0,0000	0,0000	217,3921
2021-11-12	04:22:00		60	0	0	0	0	0	0	0	0	0	0	0	0	0	0	0	0	0	0	0	0	0,0000	0,0000	217,3921
2021-11-12	04:23:00		60	0	0	0	0	0	0	0	0	0	0	0	0	0	0	0	0	0	0	0	0	0,0000	0,0000	217,3921
2021-11-12	04:24:00		60	0	0	0	0	0	0	0	0	0	0	0	0	0	0	0	0	0	0	0	0	0,0000	0,0000	217,3921
2021-11-12	04:25:00		60	0	0	0	0	0	0	0	0	0	0	0	0	0	0	0	0	0	0	0	0	0,0000	0,0000	217,3921
2021-11-12	04:26:00		60	0	0	0	0	0	0	0	0	0	0	0	0	0	0	0	0	0	0	0	0	0,0000	0,0000	217,3921
2021-11-12	04:27:00		60	0	0	0	0	0	0	0	0	0	0	0	0	0	0	0	0	0	0	0	0	0,0000	0,0000	217,3921
2021-11-12	04:28:00		60	0	0	0	0	0	0	0	0	0	0	0	0	0	0	0	0	0	0	0	0	0,0000	0,0000	217,3921
2021-11-12	04:29:00		60	0	0	0	0	0	0	0	0	0	0	0	0	0	0	0	0	0	0	0	0	0,0000	0,0000	217,3921
2021-11-12	04:30:00		60	0	0	0	0	0	0	0	0	0	0	0	0	0	0	0	0	0	0	0	0	0,0000	0,0000	217,3921
2021-11-12	04:31:00		60	0	0	0	0	0	0	0	0	0	0	0	0	0	0	0	0	0	0	0	0	0,0000	0,0000	217,3921
2021-11-12	04:32:00		60	0	0	0	0	0	0	0	0	0	0	0	0	0	0	0	0	0	0	0	0	0,0000	0,0000	217,3921
2021-11-12	04:33:00		60	0	0	0	0	0	0	0	0	0	0	0	0	0	0	0	0	0	0	0	0	0,0000	0,0000	217,3921
2021-11-12	04:34:00		60	0	0	0	0	0	0	0	0	0	0	0	0	0	0	0	0	0	0	0	0	0,0000	0,0000	217,3921
2021-11-12	04:35:00		60	0	0	0	0	0	0	0	0	0	0	0	0	0	0	0	0	0	0	0	0	0,0000	0,0000	217,3921
2021-11-12	04:36:00		60	0	0	0	0	0	0	0	0	0	0	0	0	0	0	0	0	0	0	0	0	0,0000	0,0000	217,3921
2021-11-12	04:37:00		60	0	0	0	0	0	0	0	0	0	0	0	0	0	0	0	0	0	0	0	0	0,0000	0,0000	217,3921
2021-11-12	04:38:00		60	0	0	0	0	0	0	0	0	0	0	0	0	0	0	0	0	0	0	0	0	0,0000	0,0000	217,3921
2021-11-12	04:39:00		60	0	0	0	0	0	0	0	0	0	0	0	0	0	0	0	0	0	0	0	0	0,0000	0,0000	217,3921
2021-11-12	04:40:00		60	0	0	0	0	1	0	0	0	0	0	0	0	0	0	0	0	0	0	0	0	0,0029	0,0000	217,3921
2021-11-12	04:41:00		60	0	0	0	0	0	0	0	0	0	0	0	0	0	0	0	0	0	0	0	0	0,0000	0,0000	217,3921
2021-11-12	04:42:00		60	0	0	0	0	0	0	0	0	0	0	0	0	0	0	0	0	0	0	0	0	0,0000	0,0000	217,3921
2021-11-12	04:43:00		60	0	0	0	0	0	0	0	0	0	0	0	0	0	0	0	0	0	0	0	0	0,0000	0,0000	217,3921
2021-11-12	04:44:00		60	0	0	0	0	0	0	0	0	0	0	0	0	0	0	0	0	0	0	0	0	0,0000	0,0000	217,3921
2021-11-12	04:45:00		60	0	0	0	0	0	0	0	0	0	0	0	0	0	0	0	0	0	0	0	0	0,0000	0,0000	217,3921
2021-11-12	04:46:00		60	0	0	1	1	0	0	0	0	0	0	0	0	0	0	0	0	0	0	0	0	0,0028	0,0000	217,3922
2021-11-12	04:47:00		60	0	0	0	0	0	0	0	0	0	0	0	0	0	0	0	0	0	0	0	0	0,0000	0,0000	217,3922
2021-11-12	04:48:00		60	0	0	1	0	0	0	0	0	0	0	0	0	0	0	0	0	0	0	0	0	0,0011	0,0000	217,3922
2021-11-12	04:49:00		60	0	0	1	0	0	0	0	0	0	0	0	0	0	0	0	0	0	0	0	0	0,0011	0,0000	217,3922
2021-11-12	04:50:00		60	0	0	0	0	0	0	0	0	0	0	0	0	0	0	0	0	0	0	0	0	0,0000	0,0000	217,3922
2021-11-12	04:51:00		60	0	0	0	0	0	0	0	0	0	0	0	0	0	0	0	0	0	0	0	0	0,0000	0,0000	217,3922
2021-11-12	04:52:00		60	0	0	0	0	0	0	0	0	0	0	0	0	0	0	0	0	0	0	0	0	0,0000	0,0000	217,3922
2021-11-12	04:53:00		60	0	0	0	0	0	0	0	0	0	0	0	0	0	0	0	0	0	0	0	0	0,0000	0,0000	217,3922
2021-11-12	04:54:00		60	0	0	0	0	0	0	0	0	0	0	0	0	0	0	0	0	0	0	0	0	0,0000	0,0000	217,3922
2021-11-12	04:55:00		60	0	0	0	0	0	0	0	0	0	0	0	0	0	0	0	0	0	0	0	0	0,0000	0,0000	217,3922
2021-11-12	04:56:00		60	0	0	0	0	0	0	0	0	0	0	0	0	0	0	0	0	0	0	0	0	0,0000	0,0000	217,3922
2021-11-12	04:57:00		60	0	0	0	0	0	0	0	0	0	0	0	0	0	0	0	0	0	0	0	0	0,0000	0,0000	217,3922
2021-11-12	04:58:00		60	0	0	0	0	0	0	0	0	0	0	0	0	0	0	0	0	0	0	0	0	0,0000	0,0000	217,3922
2021-11-12	04:59:00		60	0	0	0	0	0	0	0	0	0	0	0	0	0	0	0	0	0	0	0	0	0,0000	0,0000	217,3922
2021-11-12	05:00:00		60	0	0	0	0	0	0	0	0	0	0	0	0	0	0	0	0	0	0	0	0	0,0000	0,0000	217,3922
2021-11-12	05:01:00		60	0	0	0	0	0	0	0	0	0	0	0	0	0	0	0	0	0	0	0	0	0,0000	0,0000	217,3922
2021-11-12	05:02:00		60	0	0	0	0	0	0	0	0	0	0	0	0	0	0	0	0	0	0	0	0	0,0000	0,0000	217,3922
2021-11-12	05:03:00		60	0	0	0	0	0	0	0	0	0	0	0	0	0	0	0	0	0	0	0	0	0,0000	0,0000	217,3922
2021-11-12	05:04:00		60	0	0	0	0	0	0	0	0	0	0	0	0	0	0	0	0	0	0	0	0	0,0000	0,0000	217,3922
2021-11-12	05:05:00		60	0	0	0	0	0	0	0	0	0	0	0	0	0	0	0	0	0	0	0	0	0,0000	0,0000	217,3922
2021-11-12	05:06:00		60	0	0	0	0	0	0	0	0	0	0	0	0	0	0	0	0	0	0	0	0	0,0000	0,0000	217,3922
2021-11-12	05:07:00		60	0	0	0	0	0	0	0	0	0	0	0	0	0	0	0	0	0	0	0	0	0,0000	0,0000	217,3922
2021-11-12	05:08:00		60	0	0	0	0	0	0	0	0	0	0	0	0	0	0	0	0	0	0	0	0	0,0000	0,0000	217,3922
2021-11-12	05:09:00		60	0	0	0	0	0	0	0	0	0	0	0	0	0	0	0	0	0	0	0	0	0,0000	0,0000	217,3922
2021-11-12	05:10:00		60	0	0	0	0	0	0	0	0	0	0	0	0	0	0	0	0	0	0	0	0	0,0000	0,0000	217,3922
2021-11-12	05:11:00		60	0	0	0	0	0	0	0	0	0	0	0	0	0	0	0	0	0	0	0	0	0,0000	0,0000	217,3922
2021-11-12	05:12:00		60	0	0	0	0	0	0	0	0	0	0	0	0	0	0	0	0	0	0	0	0	0,0000	0,0000	217,3922
2021-11-12	05:13:00		60	0	0	0	0	0	0	0	0	0	0	0	0	0	0	0	0	0	0	0	0	0,0000	0,0000	217,3922
2021-11-12	05:14:00		60	0	0	0	0	0	0	0	0	0	0	0	0	0	0	0	0	0	0	0	0	0,0000	0,0000	217,3922
2021-11-12	05:15:00		60	0	0	0	0	0	0	0	0	0	0	0	0	0	0	0	0	0	0	0	0	0,0000	0,0000	217,3922
2021-11-12	05:16:00		60	0	0	0	0	0	0	0	0	0	0	0	0	0	0	0	0	0	0	0	0	0,0000	0,0000	217,3922
2021-11-12	05:17:00		60	0	0	0	0	0	0	0	0	0	0	0	0	0	0	0	0	0	0	0	0	0,0000	0,0000	217,3922
2021-11-12	05:18:00		60	0	0	0	0	0	0	0	0	0	0	0	0	0	0	0	0	0	0	0	0	0,0000	0,0000	217,3922
2021-11-12	05:19:00		60	0	0	0	0	0	0	0	0	0	0	0	0	0	0	0	0	0	0	0	0	0,0000	0,0000	217,3922
2021-11-12	05:20:00		60	0	0	0	0	0	0	0	0	0	0	0	0	0	0	0	0	0	0	0	0	0,0000	0,0000	217,3922
2021-11-12	05:21:00		60	0	0	0	0	0	0	0	0	0	0	0	0	0	0	0	0	0	0	0	0	0,0000	0,0000	217,3922
2021-11-12	05:22:00		60	0	0	0	0	0	0	0	0	0	0	0	0	0	0	0	0	0	0	0	0	0,0000	0,0000	217,3922
2021-11-12	05:23:00		60	0	0	0	0	0	0	0	0	0	0	0	0	0	0	0	0	0	0	0	0	0,0000	0,0000	217,3922
2021-11-12	05:24:00		60	0	0	0	0	0	0	0	0	0	0	0	0	0	0	0	0	0	0	0	0	0,0000	0,0000	217,3922
2021-11-12	05:25:00		60	0	0	0	0	0	0	0	0	0	0	0	0	0	0	0	0	0	0	0	0	0,0000	0,0000	217,3922
2021-11-12	05:26:00		60	0	0	0	0	0	0	0	0	0	0	0	0	0	0	0	0	0	0	0	0	0,0000	0,0000	217,3922
2021-11-12	05:27:00		60	0	0	0	0	0	0	0	0	0	0	0	0	0	0	0	0	0	0	0	0	0,0000	0,0000	217,3922
2021-11-12	05:28:00		60	0	0	0	0	0	0	0	0	0	0	0	0	0	0	0	0	0	0	0	0	0,0000	0,0000	217,3922
2021-11-12	05:29:00		60	0	0	0	0	0	0	0	0	0	0	0	0	0	0	0	0	0	0	0	0	0,0000	0,0000	217,3922
2021-11-12	05:30:00		60	0	0	0	0	0	0	0	0	0	0	0	0	0	0	0	0	0	0	0	0	0,0000	0,0000	217,3922
2021-11-12	05:31:00		60	0	0	0	0	0	0	0	0	0	0	0	0	0	0	0	0	0	0	0	0	0,0000	0,0000	217,3922
2021-11-12	05:32:00		60	0	0	0	0	0	0	0	0	0	0	0	0	0	0	0	0	0	0	0	0	0,0000	0,0000	217,3922
2021-11-12	05:33:00		60	0	0	0	0	0	0	0	0	0	0	0	0	0	0	0	0	0	0	0	0	0,0000	0,0000	217,3922
2021-11-12	05:34:00		60	0	0	0	0	0	0	0	0	0	0	0	0	0	0	0	0	0	0	0	0	0,0000	0,0000	217,3922
2021-11-12	05:35:00		60	0	0	0	0	0	0	0	0	0	0	0	0	0	0	0	0	0	0	0	0	0,0000	0,0000	217,3922
2021-11-12	05:36:00		60	0	0	0	0	0	0	0	0	0	0	0	0	0	0	0	0	0	0	0	0	0,0000	0,0000	217,3922
2021-11-12	05:37:00		60	0	0	0	0	0	0	0	0	0	0	0	0	0	0	0	0	0	0	0	0	0,0000	0,0000	217,3922
2021-11-12	05:38:00		60	0	0	0	0	0	0	0	0	0	0	0	0	0	0	0	0	0	0	0	0	0,0000	0,0000	217,3922
2021-11-12	05:39:00		60	0	0	0	0	0	0	0	0	0	0	0	0	0	0	0	0	0	0	0	0	0,0000	0,0000	217,3922
2021-11-12	05:40:00		60	0	0	0	0	0	0	0	0	0	0	0	0	0	0	0	0	0	0	0	0	0,0000	0,0000	217,3922
2021-11-12	05:41:00		60	0	0	0	0	0	0	0	0	0	0	0	0	0	0	0	0	0	0	0	0	0,0000	0,0000	217,3922
2021-11-12	05:42:00		60	0	0	0	0	0	0	0	0	0	0	0	0	0	0	0	0	0	0	0	0	0,0000	0,0000	217,3922
2021-11-12	05:43:00		60	0	0	0	0	0	0	0	0	0	0	0	0	0	0	0	0	0	0	0	0	0,0000	0,0000	217,3922
2021-11-12	05:44:00		60	0	0	0	0	0	0	0	0	0	0	0	0	0	0	0	0	0	0	0	0	0,0000	0,0000	217,3922
2021-11-12	05:45:00		60	0	0	0	0	0	0	0	0	0	0	0	0	0	0	0	0	0	0	0	0	0,0000	0,0000	217,3922
2021-11-12	05:46:00		60	0	0	0	0	0	0	0	0	0	0	0	0	0	0	0	0	0	0	0	0	0,0000	0,0000	217,3922
2021-11-12	05:47:00		60	0	0	1	4	0	0	0	0	0	0	0	0	0	0	0	0	0	0	0	0	0,0081	0,0001	217,3924
2021-11-12	05:48:00		60	0	0	0	0	0	0	0	0	0	0	0	0	0	0	0	0	0	0	0	0	0,0000	0,0000	217,3924
2021-11-12	05:49:00		60	0	0	0	0	0	0	0	0	0	0	0	0	0	0	0	0	0	0	0	0	0,0000	0,0000	217,3924
2021-11-12	05:50:00		60	0	0	0	0	0	0	0	0	0	0	0	0	0	0	0	0	0	0	0	0	0,0000	0,0000	217,3924
2021-11-12	05:51:00		60	0	0	0	0	0	0	0	0	0	0	0	0	0	0	0	0	0	0	0	0	0,0000	0,0000	217,3924
2021-11-12	05:52:00		60	0	0	0	0	0	0	0	0	0	0	0	0	0	0	0	0	0	0	0	0	0,0000	0,0000	217,3924
2021-11-12	05:53:00		60	0	0	0	0	0	0	0	0	0	0	0	0	0	0	0	0	0	0	0	0	0,0000	0,0000	217,3924
2021-11-12	05:54:00		60	0	0	0	0	0	0	0	0	0	0	0	0	0	0	0	0	0	0	0	0	0,0000	0,0000	217,3924
2021-11-12	05:55:00		60	0	0	0	0	0	0	0	0	0	0	0	0	0	0	0	0	0	0	0	0	0,0000	0,0000	217,3924
2021-11-12	05:56:00		60	0	0	0	0	0	0	0	0	0	0	0	0	0	0	0	0	0	0	0	0	0,0000	0,0000	217,3924
2021-11-12	05:57:00		60	0	0	0	0	0	0	0	0	0	0	0	0	0	0	0	0	0	0	0	0	0,0000	0,0000	217,3924
2021-11-12	05:58:00		60	0	0	0	0	0	0	0	0	0	0	0	0	0	0	0	0	0	0	0	0	0,0000	0,0000	217,3924
2021-11-12	05:59:00		60	0	0	0	0	0	0	0	0	0	0	0	0	0	0	0	0	0	0	0	0	0,0000	0,0000	217,3924
2021-11-12	06:00:00		60	0	0	0	0	0	0	0	0	0	0	0	0	0	0	0	0	0	0	0	0	0,0000	0,0000	217,3924
2021-11-12	06:01:00		60	0	0	0	0	0	0	0	0	0	0	0	0	0	0	0	0	0	0	0	0	0,0000	0,0000	217,3924
2021-11-12	06:02:00		60	0	0	0	0	0	0	0	0	0	0	0	0	0	0	0	0	0	0	0	0	0,0000	0,0000	217,3924
2021-11-12	06:03:00		60	0	0	0	0	0	0	0	0	0	0	0	0	0	0	0	0	0	0	0	0	0,0000	0,0000	217,3924
2021-11-12	06:04:00		60	0	0	0	0	0	0	0	0	0	0	0	0	0	0	0	0	0	0	0	0	0,0000	0,0000	217,3924
2021-11-12	06:05:00		60	0	0	0	0	0	0	0	0	0	0	0	0	0	0	0	0	0	0	0	0	0,0000	0,0000	217,3924
2021-11-12	06:06:00		60	0	0	0	0	0	0	0	0	0	0	0	0	0	0	0	0	0	0	0	0	0,0000	0,0000	217,3924
2021-11-12	06:07:00		60	0	0	0	0	0	0	0	0	0	0	0	0	0	0	0	0	0	0	0	0	0,0000	0,0000	217,3924
2021-11-12	06:08:00		60	0	0	0	0	0	0	0	0	0	0	0	0	0	0	0	0	0	0	0	0	0,0000	0,0000	217,3924
2021-11-12	06:09:00		60	0	0	0	0	0	0	0	0	0	0	0	0	0	0	0	0	0	0	0	0	0,0000	0,0000	217,3924
2021-11-12	06:10:00		60	0	0	0	0	0	0	0	0	0	0	0	0	0	0	0	0	0	0	0	0	0,0000	0,0000	217,3924
2021-11-12	06:11:00		60	0	0	0	0	0	0	0	0	0	0	0	0	0	0	0	0	0	0	0	0	0,0000	0,0000	217,3924
2021-11-12	06:12:00		60	0	0	0	0	0	0	0	0	0	0	0	0	0	0	0	0	0	0	0	0	0,0000	0,0000	217,3924
2021-11-12	06:13:00		60	0	0	0	0	0	0	0	0	0	0	0	0	0	0	0	0	0	0	0	0	0,0000	0,0000	217,3924
2021-11-12	06:14:00		60	0	0	0	0	0	0	0	0	0	0	0	0	0	0	0	0	0	0	0	0	0,0000	0,0000	217,3924
2021-11-12	06:15:00		60	0	0	0	0	0	0	0	0	0	0	0	0	0	0	0	0	0	0	0	0	0,0000	0,0000	217,3924
2021-11-12	06:16:00		60	0	0	0	0	0	0	0	0	0	0	0	0	0	0	0	0	0	0	0	0	0,0000	0,0000	217,3924
2021-11-12	06:17:00		60	0	0	0	0	0	0	0	0	0	0	0	0	0	0	0	0	0	0	0	0	0,0000	0,0000	217,3924
2021-11-12	06:18:00		60	0	0	0	0	0	0	0	0	0	0	0	0	0	0	0	0	0	0	0	0	0,0000	0,0000	217,3924
2021-11-12	06:19:00		60	0	0	0	0	0	0	0	0	0	0	0	0	0	0	0	0	0	0	0	0	0,0000	0,0000	217,3924
2021-11-12	06:20:00		60	0	0	0	0	0	0	0	0	0	0	0	0	0	0	0	0	0	0	0	0	0,0000	0,0000	217,3924
2021-11-12	06:21:00		60	0	0	0	0	0	0	0	0	0	0	0	0	0	0	0	0	0	0	0	0	0,0000	0,0000	217,3924
2021-11-12	06:22:00		60	0	0	0	0	0	0	0	0	0	0	0	0	0	0	0	0	0	0	0	0	0,0000	0,0000	217,3924
2021-11-12	06:23:00		60	0	0	0	0	0	0	0	0	0	0	0	0	0	0	0	0	0	0	0	0	0,0000	0,0000	217,3924
2021-11-12	06:24:00		60	0	0	0	0	0	0	0	0	0	0	0	0	0	0	0	0	0	0	0	0	0,0000	0,0000	217,3924
2021-11-12	06:25:00		60	0	0	0	0	0	0	0	0	0	0	0	0	0	0	0	0	0	0	0	0	0,0000	0,0000	217,3924
2021-11-12	06:26:00		60	0	0	0	0	0	0	0	0	0	0	0	0	0	0	0	0	0	0	0	0	0,0000	0,0000	217,3924
2021-11-12	06:27:00		60	0	0	0	0	0	0	0	0	0	0	0	0	0	0	0	0	0	0	0	0	0,0000	0,0000	217,3924
2021-11-12	06:28:00		60	0	0	0	0	0	0	0	0	0	0	0	0	0	0	0	0	0	0	0	0	0,0000	0,0000	217,3924
2021-11-12	06:29:00		60	0	0	0	0	0	0	0	0	0	0	0	0	0	0	0	0	0	0	0	0	0,0000	0,0000	217,3924
2021-11-12	06:30:00		60	0	0	0	0	0	0	0	0	0	0	0	0	0	0	0	0	0	0	0	0	0,0000	0,0000	217,3924
2021-11-12	06:31:00		60	0	0	0	0	0	0	0	0	0	0	0	0	0	0	0	0	0	0	0	0	0,0000	0,0000	217,3924
2021-11-12	06:32:00		60	0	0	0	0	0	0	0	0	0	0	0	0	0	0	0	0	0	0	0	0	0,0000	0,0000	217,3924
2021-11-12	06:33:00		60	0	0	0	0	0	0	0	0	0	0	0	0	0	0	0	0	0	0	0	0	0,0000	0,0000	217,3924
2021-11-12	06:34:00		60	0	0	0	0	0	0	0	0	0	0	0	0	0	0	0	0	0	0	0	0	0,0000	0,0000	217,3924
2021-11-12	06:35:00		60	0	0	0	0	0	0	0	0	0	0	0	0	0	0	0	0	0	0	0	0	0,0000	0,0000	217,3924
2021-11-12	06:36:00		60	0	0	0	0	0	0	0	0	0	0	0	0	0	0	0	0	0	0	0	0	0,0000	0,0000	217,3924
2021-11-12	06:37:00		60	0	0	0	0	0	0	0	0	0	0	0	0	0	0	0	0	0	0	0	0	0,0000	0,0000	217,3924
2021-11-12	06:38:00		60	0	0	0	0	0	0	0	0	0	0	0	0	0	0	0	0	0	0	0	0	0,0000	0,0000	217,3924
2021-11-12	06:39:00		60	0	0	0	0	0	0	0	0	0	0	0	0	0	0	0	0	0	0	0	0	0,0000	0,0000	217,3924
2021-11-12	06:40:00		60	0	0	0	0	0	0	0	0	0	0	0	0	0	0	0	0	0	0	0	0	0,0000	0,0000	217,3924
2021-11-12	06:41:00		60	0	0	0	0	0	0	0	0	0	0	0	0	0	0	0	0	0	0	0	0	0,0000	0,0000	217,3924
2021-11-12	06:42:00		60	0	0	0	0	0	0	0	0	0	0	0	0	0	0	0	0	0	0	0	0	0,0000	0,0000	217,3924
2021-11-12	06:43:00		60	0	0	0	0	0	0	0	0	0	0	0	0	0	0	0	0	0	0	0	0	0,0000	0,0000	217,3924
2021-11-12	06:44:00		60	0	0	0	0	0	0	0	0	0	0	0	0	0	0	0	0	0	0	0	0	0,0000	0,0000	217,3924
2021-11-12	06:45:00		60	0	0	0	0	0	0	0	0	0	0	0	0	0	0	0	0	0	0	0	0	0,0000	0,0000	217,3924
2021-11-12	06:46:00		60	0	0	0	0	0	0	0	0	0	0	0	0	0	0	0	0	0	0	0	0	0,0000	0,0000	217,3924
2021-11-12	06:47:00		60	0	0	0	0	0	0	0	0	0	0	0	0	0	0	0	0	0	0	0	0	0,0000	0,0000	217,3924
2021-11-12	06:48:00		60	0	0	0	0	0	0	0	0	0	0	0	0	0	0	0	0	0	0	0	0	0,0000	0,0000	217,3924
2021-11-12	06:49:00		60	0	0	0	0	0	0	0	0	0	0	0	0	0	0	0	0	0	0	0	0	0,0000	0,0000	217,3924
2021-11-12	06:50:00		60	0	0	0	0	0	0	0	0	0	0	0	0	0	0	0	0	0	0	0	0	0,0000	0,0000	217,3924
2021-11-12	06:51:00		60	0	0	0	0	0	0	0	0	0	0	0	0	0	0	0	0	0	0	0	0	0,0000	0,0000	217,3924
2021-11-12	06:52:00		60	0	0	0	0	0	0	0	0	0	0	0	0	0	0	0	0	0	0	0	0	0,0000	0,0000	217,3924
2021-11-12	06:53:00		60	0	0	0	0	0	0	0	0	0	0	0	0	0	0	0	0	0	0	0	0	0,0000	0,0000	217,3924
2021-11-12	06:54:00		60	0	0	0	0	0	0	0	0	0	0	0	0	0	0	0	0	0	0	0	0	0,0000	0,0000	217,3924
2021-11-12	06:55:00		60	0	0	0	0	0	0	0	0	0	0	0	0	0	0	0	0	0	0	0	0	0,0000	0,0000	217,3924
2021-11-12	06:56:00		60	0	0	0	0	0	0	0	0	0	0	0	0	0	0	0	0	0	0	0	0	0,0000	0,0000	217,3924
2021-11-12	06:57:00		60	0	0	0	0	0	0	0	0	0	0	0	0	0	0	0	0	0	0	0	0	0,0000	0,0000	217,3924
2021-11-12	06:58:00		60	0	0	0	0	0	0	0	0	0	0	0	0	0	0	0	0	0	0	0	0	0,0000	0,0000	217,3924
2021-11-12	06:59:00		60	0	0	0	0	0	0	0	0	0	0	0	0	0	0	0	0	0	0	0	0	0,0000	0,0000	217,3924
2021-11-12	07:00:00		60	0	0	0	0	0	0	0	0	0	0	0	0	0	0	0	0	0	0	0	0	0,0000	0,0000	217,3924
2021-11-12	07:01:00		60	0	0	0	0	0	0	0	0	0	0	0	0	0	0	0	0	0	0	0	0	0,0000	0,0000	217,3924
2021-11-12	07:02:00		60	0	0	0	0	0	0	0	0	0	0	0	0	0	0	0	0	0	0	0	0	0,0000	0,0000	217,3924
2021-11-12	07:03:00		60	0	0	0	0	0	0	0	0	0	0	0	0	0	0	0	0	0	0	0	0	0,0000	0,0000	217,3924
2021-11-12	07:04:00		60	0	0	0	0	0	0	0	0	0	0	0	0	0	0	0	0	0	0	0	0	0,0000	0,0000	217,3924
2021-11-12	07:05:00		60	0	0	0	0	0	0	0	0	0	0	0	0	0	0	0	0	0	0	0	0	0,0000	0,0000	217,3924
2021-11-12	07:06:00		60	0	0	0	0	0	0	0	0	0	0	0	0	0	0	0	0	0	0	0	0	0,0000	0,0000	217,3924
2021-11-12	07:07:00		60	0	0	0	0	0	0	0	0	0	0	0	0	0	0	0	0	0	0	0	0	0,0000	0,0000	217,3924
2021-11-12	07:08:00		60	0	0	0	0	0	0	0	0	0	0	0	0	0	0	0	0	0	0	0	0	0,0000	0,0000	217,3924
2021-11-12	07:09:00		60	0	0	0	0	0	0	0	0	0	0	0	0	0	0	0	0	0	0	0	0	0,0000	0,0000	217,3924
2021-11-12	07:10:00		60	0	0	0	0	0	0	0	0	0	0	0	0	0	0	0	0	0	0	0	0	0,0000	0,0000	217,3924
2021-11-12	07:11:00		60	0	0	0	0	0	0	0	0	0	0	0	0	0	0	0	0	0	0	0	0	0,0000	0,0000	217,3924
2021-11-12	07:12:00		60	0	0	0	0	0	0	0	0	0	0	0	0	0	0	0	0	0	0	0	0	0,0000	0,0000	217,3924
2021-11-12	07:13:00		60	0	0	0	0	0	0	0	0	0	0	0	0	0	0	0	0	0	0	0	0	0,0000	0,0000	217,3924
2021-11-12	07:14:00		60	0	0	0	0	0	0	0	0	0	0	0	0	0	0	0	0	0	0	0	0	0,0000	0,0000	217,3924
2021-11-12	07:15:00		60	0	0	0	0	0	0	0	0	0	0	0	0	0	0	0	0	0	0	0	0	0,0000	0,0000	217,3924
2021-11-12	07:16:00		60	0	0	0	0	0	0	0	0	0	0	0	0	0	0	0	0	0	0	0	0	0,0000	0,0000	217,3924
2021-11-12	07:17:00		60	0	0	0	0	0	0	0	0	0	0	0	0	0	0	0	0	0	0	0	0	0,0000	0,0000	217,3924
2021-11-12	07:18:00		60	0	0	0	0	0	0	0	0	0	0	0	0	0	0	0	0	0	0	0	0	0,0000	0,0000	217,3924
2021-11-12	07:19:00		60	0	0	0	0	0	0	0	0	0	0	0	0	0	0	0	0	0	0	0	0	0,0000	0,0000	217,3924
2021-11-12	07:20:00		60	0	0	0	0	0	0	0	0	0	0	0	0	0	0	0	0	0	0	0	0	0,0000	0,0000	217,3924
2021-11-12	07:21:00		60	0	0	0	0	0	0	0	0	0	0	0	0	0	0	0	0	0	0	0	0	0,0000	0,0000	217,3924
2021-11-12	07:22:00		60	0	0	0	0	0	0	0	0	0	0	0	0	0	0	0	0	0	0	0	0	0,0000	0,0000	217,3924
2021-11-12	07:23:00		60	0	0	0	0	0	0	0	0	0	0	0	0	0	0	0	0	0	0	0	0	0,0000	0,0000	217,3924
2021-11-12	07:24:00		60	0	0	0	0	0	0	0	0	0	0	0	0	0	0	0	0	0	0	0	0	0,0000	0,0000	217,3924
2021-11-12	07:25:00		60	0	0	0	0	0	0	0	0	0	0	0	0	0	0	0	0	0	0	0	0	0,0000	0,0000	217,3924
2021-11-12	07:26:00		60	0	0	0	0	0	0	0	0	0	0	0	0	0	0	0	0	0	0	0	0	0,0000	0,0000	217,3924
2021-11-12	07:27:00		60	0	0	0	0	0	0	0	0	0	0	0	0	0	0	0	0	0	0	0	0	0,0000	0,0000	217,3924
2021-11-12	07:28:00		60	0	0	0	0	0	0	0	0	0	0	0	0	0	0	0	0	0	0	0	0	0,0000	0,0000	217,3924
2021-11-12	07:29:00		60	0	0	0	0	0	0	0	0	0	0	0	0	0	0	0	0	0	0	0	0	0,0000	0,0000	217,3924
2021-11-12	07:30:00		60	0	0	0	0	0	0	0	0	0	0	0	0	0	0	0	0	0	0	0	0	0,0000	0,0000	217,3924
2021-11-12	07:31:00		60	0	0	0	0	0	0	0	0	0	0	0	0	0	0	0	0	0	0	0	0	0,0000	0,0000	217,3924
2021-11-12	07:32:00		60	0	0	0	0	0	0	0	0	0	0	0	0	0	0	0	0	0	0	0	0	0,0000	0,0000	217,3924
2021-11-12	07:33:00		60	0	0	0	0	0	0	0	0	0	0	0	0	0	0	0	0	0	0	0	0	0,0000	0,0000	217,3924
2021-11-12	07:34:00		60	0	0	0	0	0	0	0	0	0	0	0	0	0	0	0	0	0	0	0	0	0,0000	0,0000	217,3924
2021-11-12	07:35:00		60	0	0	0	0	0	0	0	0	0	0	0	0	0	0	0	0	0	0	0	0	0,0000	0,0000	217,3924
2021-11-12	07:36:00		60	0	0	0	0	0	0	0	0	0	0	0	0	0	0	0	0	0	0	0	0	0,0000	0,0000	217,3924
2021-11-12	07:37:00		60	0	0	0	0	0	0	0	0	0	0	0	0	0	0	0	0	0	0	0	0	0,0000	0,0000	217,3924
2021-11-12	07:38:00		60	0	0	0	0	0	0	0	0	0	0	0	0	0	0	0	0	0	0	0	0	0,0000	0,0000	217,3924
2021-11-12	07:39:00		60	0	0	0	0	0	0	0	0	0	0	0	0	0	0	0	0	0	0	0	0	0,0000	0,0000	217,3924
2021-11-12	07:40:00		60	0	0	0	0	0	0	0	0	0	0	0	0	0	0	0	0	0	0	0	0	0,0000	0,0000	217,3924
2021-11-12	07:41:00		60	0	0	0	0	0	0	1	0	0	0	0	0	0	0	0	0	0	0	0	0	0,0087	0,0001	217,3925
2021-11-12	07:42:00		60	1	1	0	0	0	0	4	0	0	0	0	0	0	0	0	0	0	0	0	0	0,0358	0,0006	217,3931
2021-11-12	07:43:00		60	0	0	1	1	0	0	1	0	0	0	0	0	0	0	0	0	0	0	0	0	0,0116	0,0002	217,3933
2021-11-12	07:44:00		60	0	0	0	0	0	0	0	0	0	0	0	0	0	0	0	0	0	0	0	0	0,0000	0,0000	217,3933
2021-11-12	07:45:00		60	0	0	0	0	0	0	0	0	0	0	0	0	0	0	0	0	0	0	0	0	0,0000	0,0000	217,3933
2021-11-12	07:46:00		60	0	0	0	0	0	0	0	0	0	0	0	0	0	0	0	0	0	0	0	0	0,0000	0,0000	217,3933
2021-11-12	07:47:00		60	0	0	0	0	0	0	0	0	0	0	0	0	0	0	0	0	0	0	0	0	0,0000	0,0000	217,3933
2021-11-12	07:48:00		60	0	0	0	0	0	0	0	0	0	0	0	0	0	0	0	0	0	0	0	0	0,0000	0,0000	217,3933
2021-11-12	07:49:00		60	0	0	0	0	0	0	0	0	0	0	0	0	0	0	0	0	0	0	0	0	0,0000	0,0000	217,3933
2021-11-12	07:50:00		60	0	0	0	0	0	0	0	0	0	0	0	0	0	0	0	0	0	0	0	0	0,0000	0,0000	217,3933
2021-11-12	07:51:00		60	0	0	0	0	0	0	0	0	0	0	0	0	0	0	0	0	0	0	0	0	0,0000	0,0000	217,3933
2021-11-12	07:52:00		60	0	0	0	0	0	0	0	0	0	0	0	0	0	0	0	0	0	0	0	0	0,0000	0,0000	217,3933
2021-11-12	07:53:00		60	0	0	0	0	0	0	0	0	0	0	0	0	0	0	0	0	0	0	0	0	0,0000	0,0000	217,3933
2021-11-12	07:54:00		60	0	0	0	0	0	0	0	0	0	0	0	0	0	0	0	0	0	0	0	0	0,0000	0,0000	217,3933
2021-11-12	07:55:00		60	0	0	0	0	0	0	0	0	0	0	0	0	0	0	0	0	0	0	0	0	0,0000	0,0000	217,3933
2021-11-12	07:56:00		60	0	0	0	0	0	0	0	0	0	0	0	0	0	0	0	0	0	0	0	0	0,0000	0,0000	217,3933
2021-11-12	07:57:00		60	0	0	0	0	0	0	0	0	0	0	0	0	0	0	0	0	0	0	0	0	0,0000	0,0000	217,3933
2021-11-12	07:58:00		60	0	0	0	0	0	0	0	0	0	0	0	0	0	0	0	0	0	0	0	0	0,0000	0,0000	217,3933
2021-11-12	07:59:00		60	0	0	0	0	0	0	0	0	0	0	0	0	0	0	0	0	0	0	0	0	0,0000	0,0000	217,3933
2021-11-12	08:00:00		60	0	0	0	0	0	0	0	0	0	0	0	0	0	0	0	0	0	0	0	0	0,0000	0,0000	217,3933
2021-11-12	08:01:00		60	0	9	0	0	0	0	0	0	0	0	0	0	0	0	0	0	0	0	0	0	0,0053	0,0001	217,3934
2021-11-12	08:02:00		60	10	26	15	1	0	0	0	0	0	0	0	0	0	0	0	0	0	0	0	0	0,0358	0,0006	217,3940
2021-11-12	08:03:00		60	25	103	62	48	8	9	1	0	0	0	0	0	0	0	0	0	0	0	0	0	0,2933	0,0049	217,3989
2021-11-12	08:04:00		60	39	140	145	117	11	35	9	0	0	0	0	0	0	0	0	0	0	0	0	0	0,7318	0,0122	217,4111
2021-11-12	08:05:00		60	42	131	120	145	50	21	1	1	0	0	0	0	0	0	0	0	0	0	0	0	0,7410	0,0124	217,4234
2021-11-12	08:06:00		60	58	139	109	165	73	25	9	2	2	27	71	6	1	0	0	0	0	0	0	0	5,4315	0,0905	217,5139
2021-11-12	08:07:00		60	57	132	113	68	56	40	10	12	9	57	63	7	0	0	0	0	0	0	0	0	6,0718	0,1012	217,6151
2021-11-12	08:08:00		60	101	137	103	15	16	10	6	5	0	8	20	3	0	0	0	0	0	0	0	0	1,7934	0,0299	217,6450
2021-11-12	08:09:00		60	60	148	66	7	0	0	2	0	0	2	20	2	0	0	0	0	0	0	0	0	1,2855	0,0214	217,6664
2021-11-12	08:10:00		60	77	114	37	15	2	0	3	1	13	47	48	4	0	0	0	0	0	0	0	0	4,2420	0,0707	217,7371
2021-11-12	08:11:00		60	56	80	34	12	3	3	3	4	26	111	31	0	0	0	0	0	0	0	0	0	5,3677	0,0895	217,8266
2021-11-12	08:12:00		60	59	82	22	10	1	0	0	1	12	26	6	0	0	0	0	0	0	0	0	0	1,3993	0,0233	217,8499
2021-11-12	08:13:00		60	74	93	30	34	0	1	0	0	0	2	0	0	0	0	0	0	0	0	0	0	0,2312	0,0039	217,8538
2021-11-12	08:14:00		60	67	103	22	28	0	0	0	0	0	0	0	0	0	0	0	0	0	0	0	0	0,1532	0,0026	217,8563
2021-11-12	08:15:00		60	43	114	16	2	0	0	0	0	0	0	0	0	0	0	0	0	0	0	0	0	0,1003	0,0017	217,8580
2021-11-12	08:16:00		60	36	90	10	0	12	11	0	0	0	0	0	0	0	0	0	0	0	0	0	0	0,1614	0,0027	217,8607
2021-11-12	08:17:00		60	41	87	25	3	8	1	0	0	0	0	0	0	0	0	0	0	0	0	0	0	0,1228	0,0020	217,8627
2021-11-12	08:18:00		60	48	42	0	0	1	0	2	0	0	0	0	0	0	0	0	0	0	0	0	0	0,0592	0,0010	217,8637
2021-11-12	08:19:00		60	69	7	0	0	0	0	0	0	0	0	0	0	0	0	0	0	0	0	0	0	0,0242	0,0004	217,8641
2021-11-12	08:20:00		60	28	1	0	0	0	0	0	0	0	0	0	0	0	0	0	0	0	0	0	0	0,0087	0,0001	217,8643
2021-11-12	08:21:00		60	29	4	0	0	0	0	0	0	0	0	0	0	0	0	0	0	0	0	0	0	0,0108	0,0002	217,8645
2021-11-12	08:22:00		60	32	10	0	0	0	0	0	0	0	0	0	0	0	0	0	0	0	0	0	0	0,0152	0,0003	217,8647
2021-11-12	08:23:00		60	22	8	0	0	0	0	0	0	0	0	0	0	0	0	0	0	0	0	0	0	0,0111	0,0002	217,8649
2021-11-12	08:24:00		60	2	4	1	63	1	0	0	0	0	0	0	0	0	0	0	0	0	0	0	0	0,1186	0,0020	217,8669
2021-11-12	08:25:00		60	12	23	139	141	4	0	0	0	0	0	0	0	0	0	0	0	0	0	0	0	0,4248	0,0071	217,8740
2021-11-12	08:26:00		60	36	120	105	178	16	4	0	0	0	0	0	0	0	0	0	0	0	0	0	0	0,5728	0,0095	217,8835
2021-11-12	08:27:00		60	15	104	45	31	0	1	0	0	0	0	0	0	0	0	0	0	0	0	0	0	0,1730	0,0029	217,8864
2021-11-12	08:28:00		60	8	0	0	0	0	0	0	0	0	0	0	0	0	0	0	0	0	0	0	0	0,0023	0,0000	217,8864
2021-11-12	08:29:00		60	0	0	0	0	0	0	0	0	0	0	0	0	0	0	0	0	0	0	0	0	0,0000	0,0000	217,8864
2021-11-12	08:30:00		60	3	8	0	0	0	0	0	0	0	0	0	0	0	0	0	0	0	0	0	0	0,0056	0,0001	217,8865
2021-11-12	08:31:00		60	5	4	0	0	0	0	0	0	0	0	0	0	0	0	0	0	0	0	0	0	0,0038	0,0001	217,8866
2021-11-12	08:32:00		60	12	0	0	0	0	0	0	0	0	0	0	0	0	0	0	0	0	0	0	0	0,0035	0,0001	217,8866
2021-11-12	08:33:00		60	0	0	0	0	0	0	0	0	0	0	0	0	0	0	0	0	0	0	0	0	0,0000	0,0000	217,8866
2021-11-12	08:34:00		60	0	0	0	0	0	0	0	0	0	0	0	0	0	0	0	0	0	0	0	0	0,0000	0,0000	217,8866
2021-11-12	08:35:00		60	0	0	0	0	0	0	0	0	0	0	0	0	0	0	0	0	0	0	0	0	0,0000	0,0000	217,8866
2021-11-12	08:36:00		60	4	0	0	0	0	0	0	0	0	0	0	0	0	0	0	0	0	0	0	0	0,0012	0,0000	217,8867
2021-11-12	08:37:00		60	0	0	7	7	0	0	0	0	0	0	0	0	0	0	0	0	0	0	0	0	0,0198	0,0003	217,8870
2021-11-12	08:38:00		60	4	0	0	7	0	0	0	0	0	0	0	0	0	0	0	0	0	0	0	0	0,0136	0,0002	217,8872
2021-11-12	08:39:00		60	0	0	0	0	0	0	0	0	0	0	0	0	0	0	0	0	0	0	0	0	0,0000	0,0000	217,8872
2021-11-12	08:40:00		60	0	0	0	0	0	0	0	0	0	0	0	0	0	0	0	0	0	0	0	0	0,0000	0,0000	217,8872
2021-11-12	08:41:00		60	0	0	0	0	0	0	0	0	0	0	0	0	0	0	0	0	0	0	0	0	0,0000	0,0000	217,8872
2021-11-12	08:42:00		60	0	0	0	0	0	0	0	0	0	0	0	0	0	0	0	0	0	0	0	0	0,0000	0,0000	217,8872
2021-11-12	08:43:00		60	0	0	0	0	0	0	0	0	0	0	0	0	0	0	0	0	0	0	0	0	0,0000	0,0000	217,8872
2021-11-12	08:44:00		60	0	0	0	0	0	0	0	0	0	0	0	0	0	0	0	0	0	0	0	0	0,0000	0,0000	217,8872
2021-11-12	08:45:00		60	0	0	0	0	0	0	0	0	0	0	0	0	0	0	0	0	0	0	0	0	0,0000	0,0000	217,8872
2021-11-12	08:46:00		60	0	0	0	0	0	0	0	0	0	0	0	0	0	0	0	0	0	0	0	0	0,0000	0,0000	217,8872
2021-11-12	08:47:00		60	0	0	0	0	0	0	0	0	0	0	0	0	0	0	0	0	0	0	0	0	0,0000	0,0000	217,8872
2021-11-12	08:48:00		60	0	0	0	0	0	0	0	0	0	0	0	0	0	0	0	0	0	0	0	0	0,0000	0,0000	217,8872
2021-11-12	08:49:00		60	28	9	5	1	0	0	0	0	0	0	0	0	0	0	0	0	0	0	0	0	0,0205	0,0003	217,8876
2021-11-12	08:50:00		60	77	4	0	1	0	0	0	0	0	0	0	0	0	0	0	0	0	0	0	0	0,0265	0,0004	217,8880
2021-11-12	08:51:00		60	65	10	0	0	0	0	0	0	0	0	0	0	0	0	0	0	0	0	0	0	0,0248	0,0004	217,8884
2021-11-12	08:52:00		60	102	67	54	19	0	0	0	0	0	0	0	0	0	0	0	0	0	0	0	0	0,1598	0,0027	217,8911
2021-11-12	08:53:00		60	84	72	106	92	6	0	0	0	0	0	0	0	0	0	0	0	0	0	0	0	0,3589	0,0060	217,8971
2021-11-12	08:54:00		60	62	50	44	14	1	0	0	0	0	0	0	0	0	0	0	0	0	0	0	0	0,1216	0,0020	217,8991
2021-11-12	08:55:00		60	37	40	3	0	0	0	0	0	0	0	0	0	0	0	0	0	0	0	0	0	0,0376	0,0006	217,8997
2021-11-12	08:56:00		60	4	7	0	0	0	0	0	0	0	0	0	0	0	0	0	0	0	0	0	0	0,0053	0,0001	217,8998
2021-11-12	08:57:00		60	0	0	0	0	0	0	0	0	0	0	0	0	0	0	0	0	0	0	0	0	0,0000	0,0000	217,8998
2021-11-12	08:58:00		60	0	0	0	0	0	0	0	0	0	0	0	0	0	0	0	0	0	0	0	0	0,0000	0,0000	217,8998
2021-11-12	08:59:00		60	2	2	7	4	0	0	0	0	0	0	0	0	0	0	0	0	0	0	0	0	0,0162	0,0003	217,9001
2021-11-12	09:00:00		60	4	7	113	10	1	0	0	0	0	0	0	0	0	0	0	0	0	0	0	0	0,1447	0,0024	217,9025
2021-11-12	09:01:00		60	3	0	21	3	0	1	7	0	0	0	0	0	0	0	0	0	0	0	0	0	0,0942	0,0016	217,9041
2021-11-12	09:02:00		60	3	2	4	3	1	3	0	0	0	0	0	0	0	0	0	0	0	0	0	0	0,0288	0,0005	217,9045
2021-11-12	09:03:00		60	4	10	3	2	0	0	0	0	0	0	0	0	0	0	0	0	0	0	0	0	0,0138	0,0002	217,9048
2021-11-12	09:04:00		60	5	7	2	10	0	0	0	0	0	0	0	0	0	0	0	0	0	0	0	0	0,0254	0,0004	217,9052
2021-11-12	09:05:00		60	31	1	0	47	9	2	0	0	0	0	0	0	0	0	0	0	0	0	0	0	0,1285	0,0021	217,9073
2021-11-12	09:06:00		60	146	56	1	0	0	0	0	0	0	0	0	0	0	0	0	0	0	0	0	0	0,0766	0,0013	217,9086
2021-11-12	09:07:00		60	138	71	1	0	0	0	0	0	0	0	0	0	0	0	0	0	0	0	0	0	0,0832	0,0014	217,9100
2021-11-12	09:08:00		60	109	90	12	4	2	0	0	0	0	0	0	0	0	0	0	0	0	0	0	0	0,1104	0,0018	217,9118
2021-11-12	09:09:00		60	145	220	201	107	12	2	0	0	0	0	0	0	0	0	0	0	0	0	0	0	0,6175	0,0103	217,9221
2021-11-12	09:10:00		60	175	362	259	125	26	7	18	1	0	0	0	0	0	0	0	0	0	0	0	0	1,0394	0,0173	217,9394
2021-11-12	09:11:00		60	160	269	202	183	96	70	21	0	0	0	0	0	0	0	0	0	0	0	0	0	1,5372	0,0256	217,9651
2021-11-12	09:12:00		60	48	226	199	149	72	186	101	1	0	0	0	0	0	0	0	0	0	0	0	0	2,6148	0,0436	218,0086
2021-11-12	09:13:00		60	17	106	151	114	65	140	272	39	2	0	0	0	0	0	0	0	0	0	0	0	4,2814	0,0714	218,0800
2021-11-12	09:14:00		60	28	35	81	66	57	138	76	5	2	1	0	0	0	0	0	0	0	0	0	0	1,8648	0,0311	218,1111
2021-11-12	09:15:00		60	37	67	71	80	73	68	14	2	0	0	0	0	0	0	0	0	0	0	0	0	0,9542	0,0159	218,1270
2021-11-12	09:16:00		60	46	116	65	89	58	46	11	1	0	0	0	0	0	0	0	0	0	0	0	0	0,8061	0,0134	218,1404
2021-11-12	09:17:00		60	84	137	120	76	78	94	39	1	0	0	0	0	0	0	0	0	0	0	0	0	1,3960	0,0233	218,1637
2021-11-12	09:18:00		60	93	80	14	20	25	135	208	14	1	0	0	0	0	0	0	0	0	0	0	0	2,8875	0,0481	218,2118
2021-11-12	09:19:00		60	57	127	36	13	17	38	89	10	1	0	0	0	0	0	0	0	0	0	0	0	1,3302	0,0222	218,2340
2021-11-12	09:20:00		60	124	239	75	9	26	36	10	1	0	0	0	0	0	0	0	0	0	0	0	0	0,6215	0,0104	218,2443
