YYYY-MM-DD	hh:mm:ss	Status	Interval [s]	n1	n2	n3	n4	n5	n6	n7	n8	n9	n10	n11	n12	n13	n14	n15	n16	n17	n18	n19	n20	RI [mm/h]	RA [mm]	RAT [mm]
2022-04-02	18:29:00		60	11	24	30	72	155	218	188	47	12	4	0	0	0	0	0	0	0	0	0	0	4,3771	0,0730	261,8511
2022-04-02	18:30:00		60	8	28	32	81	110	132	40	1	1	0	0	0	0	0	0	0	0	0	0	0	1,5298	0,0255	261,8766
2022-04-02	18:31:00		60	9	30	40	86	84	19	1	0	0	0	0	0	0	0	0	0	0	0	0	0	0,5564	0,0093	261,8858
2022-04-02	18:32:00		60	5	41	57	29	0	0	0	0	0	0	0	0	0	0	0	0	0	0	0	0	0,1371	0,0023	261,8881
2022-04-02	18:33:00		60	20	49	0	0	0	0	0	0	0	0	0	0	0	0	0	0	0	0	0	0	0,0348	0,0006	261,8887
2022-04-02	18:34:00		60	11	11	0	0	0	0	0	0	0	0	0	0	0	0	0	0	0	0	0	0	0,0097	0,0002	261,8889
2022-04-02	18:35:00		60	8	0	0	0	0	0	0	0	0	0	0	0	0	0	0	0	0	0	0	0	0,0023	0,0000	261,8889
2022-04-02	18:36:00		60	0	0	0	0	0	0	0	0	0	0	0	0	0	0	0	0	0	0	0	0	0,0000	0,0000	261,8889
2022-04-02	18:37:00		60	0	0	0	0	0	0	0	0	0	0	0	0	0	0	0	0	0	0	0	0	0,0000	0,0000	261,8889
2022-04-02	18:38:00		60	0	0	0	0	0	0	0	0	0	0	0	0	0	0	0	0	0	0	0	0	0,0000	0,0000	261,8889
2022-04-02	18:39:00		60	0	0	0	0	0	0	0	0	0	0	0	0	0	0	0	0	0	0	0	0	0,0000	0,0000	261,8889
2022-04-02	18:40:00		60	0	0	0	0	0	0	0	0	0	0	0	0	0	0	0	0	0	0	0	0	0,0000	0,0000	261,8889
2022-04-02	18:41:00		60	0	0	0	0	0	0	0	0	0	0	0	0	0	0	0	0	0	0	0	0	0,0000	0,0000	261,8889
2022-04-02	18:42:00		60	0	0	0	0	0	0	0	0	0	0	0	0	0	0	0	0	0	0	0	0	0,0000	0,0000	261,8889
2022-04-02	18:43:00		60	0	0	0	0	0	0	0	0	0	0	0	0	0	0	0	0	0	0	0	0	0,0000	0,0000	261,8889
2022-04-02	18:44:00		60	7	0	0	0	0	0	0	0	0	0	0	0	0	0	0	0	0	0	0	0	0,0020	0,0000	261,8889
2022-04-02	18:45:00		60	0	0	0	0	0	0	0	0	0	0	0	0	0	0	0	0	0	0	0	0	0,0000	0,0000	261,8889
2022-04-02	18:46:00		60	0	0	0	0	0	0	0	0	0	0	0	0	0	0	0	0	0	0	0	0	0,0000	0,0000	261,8889
2022-04-02	18:47:00		60	0	0	0	0	0	0	0	0	0	0	0	0	0	0	0	0	0	0	0	0	0,0000	0,0000	261,8889
2022-04-02	18:48:00		60	0	0	0	0	0	0	0	0	0	0	0	0	0	0	0	0	0	0	0	0	0,0000	0,0000	261,8889
2022-04-02	18:49:00		60	0	0	0	0	0	0	0	0	0	0	0	0	0	0	0	0	0	0	0	0	0,0000	0,0000	261,8889
2022-04-02	18:50:00		60	0	0	0	0	0	0	0	0	0	0	0	0	0	0	0	0	0	0	0	0	0,0000	0,0000	261,8889
2022-04-02	18:51:00		60	0	0	0	0	0	0	0	0	0	0	0	0	0	0	0	0	0	0	0	0	0,0000	0,0000	261,8889
2022-04-02	18:52:00		60	0	0	0	0	0	0	0	0	0	0	0	0	0	0	0	0	0	0	0	0	0,0000	0,0000	261,8889
2022-04-02	18:53:00		60	0	0	0	0	0	0	0	0	0	0	0	0	0	0	0	0	0	0	0	0	0,0000	0,0000	261,8889
2022-04-02	18:54:00		60	10	4	0	1	0	0	0	0	0	0	0	0	0	0	0	0	0	0	0	0	0,0070	0,0001	261,8891
2022-04-02	18:55:00		60	0	0	0	0	0	0	0	0	0	0	0	0	0	0	0	0	0	0	0	0	0,0000	0,0000	261,8891
2022-04-02	18:56:00		60	0	0	0	0	0	0	0	0	0	0	0	0	0	0	0	0	0	0	0	0	0,0000	0,0000	261,8891
2022-04-02	18:57:00		60	0	0	0	0	0	0	0	0	0	0	0	0	0	0	0	0	0	0	0	0	0,0000	0,0000	261,8891
2022-04-02	18:58:00		60	0	0	0	0	0	0	0	0	0	0	0	0	0	0	0	0	0	0	0	0	0,0000	0,0000	261,8891
2022-04-02	18:59:00		60	0	0	0	0	0	0	0	0	0	0	0	0	0	0	0	0	0	0	0	0	0,0000	0,0000	261,8891
2022-04-02	19:00:00		60	0	0	0	0	0	0	0	0	0	0	0	0	0	0	0	0	0	0	0	0	0,0000	0,0000	261,8891
2022-04-02	19:01:00		60	11	1	0	0	0	0	0	0	0	0	0	0	0	0	0	0	0	0	0	0	0,0038	0,0001	261,8891
2022-04-02	19:02:00		60	23	5	1	0	0	0	0	0	0	0	0	0	0	0	0	0	0	0	0	0	0,0107	0,0002	261,8893
2022-04-02	19:03:00		60	6	0	0	0	0	0	0	0	0	0	0	0	0	0	0	0	0	0	0	0	0,0017	0,0000	261,8893
2022-04-02	19:04:00		60	23	0	0	0	0	0	0	0	0	0	0	0	0	0	0	0	0	0	0	0	0,0067	0,0001	261,8894
2022-04-02	19:05:00		60	0	0	0	0	0	0	0	0	0	0	0	0	0	0	0	0	0	0	0	0	0,0000	0,0000	261,8894
2022-04-02	19:06:00		60	0	0	0	0	0	0	0	0	0	0	0	0	0	0	0	0	0	0	0	0	0,0000	0,0000	261,8894
2022-04-02	19:07:00		60	0	0	0	0	0	0	0	0	0	0	0	0	0	0	0	0	0	0	0	0	0,0000	0,0000	261,8894
2022-04-02	19:08:00		60	0	0	0	0	0	0	0	0	0	0	0	0	0	0	0	0	0	0	0	0	0,0000	0,0000	261,8894
2022-04-02	19:09:00		60	0	0	0	0	0	0	0	0	0	0	0	0	0	0	0	0	0	0	0	0	0,0000	0,0000	261,8894
2022-04-02	19:10:00		60	0	0	0	0	0	0	0	0	0	0	0	0	0	0	0	0	0	0	0	0	0,0000	0,0000	261,8894
2022-04-02	19:11:00		60	0	0	0	0	0	0	0	0	0	0	0	0	0	0	0	0	0	0	0	0	0,0000	0,0000	261,8894
2022-04-02	19:12:00		60	0	0	0	0	0	0	0	0	0	0	0	0	0	0	0	0	0	0	0	0	0,0000	0,0000	261,8894
2022-04-02	19:13:00		60	0	0	0	0	0	0	0	0	0	0	0	0	0	0	0	0	0	0	0	0	0,0000	0,0000	261,8894
2022-04-02	19:14:00		60	0	0	0	0	0	0	0	0	0	0	0	0	0	0	0	0	0	0	0	0	0,0000	0,0000	261,8894
2022-04-02	19:15:00		60	0	0	0	0	0	0	0	0	0	0	0	0	0	0	0	0	0	0	0	0	0,0000	0,0000	261,8894
2022-04-02	19:16:00		60	0	0	0	0	0	0	0	0	0	0	0	0	0	0	0	0	0	0	0	0	0,0000	0,0000	261,8894
2022-04-02	19:17:00		60	0	0	0	0	0	0	0	0	0	0	0	0	0	0	0	0	0	0	0	0	0,0000	0,0000	261,8894
2022-04-02	19:18:00		60	0	0	0	0	0	0	0	0	0	0	0	0	0	0	0	0	0	0	0	0	0,0000	0,0000	261,8894
2022-04-02	19:19:00		60	0	0	0	0	0	0	0	0	0	0	0	0	0	0	0	0	0	0	0	0	0,0000	0,0000	261,8894
2022-04-02	19:20:00		60	0	0	0	0	0	0	0	0	0	0	0	0	0	0	0	0	0	0	0	0	0,0000	0,0000	261,8894
2022-04-02	19:21:00		60	0	0	0	0	0	0	0	0	0	0	0	0	0	0	0	0	0	0	0	0	0,0000	0,0000	261,8894
2022-04-02	19:22:00		60	0	0	0	0	0	0	0	0	0	0	0	0	0	0	0	0	0	0	0	0	0,0000	0,0000	261,8894
2022-04-02	19:23:00		60	0	0	0	0	0	0	0	0	0	0	0	0	0	0	0	0	0	0	0	0	0,0000	0,0000	261,8894
2022-04-02	19:24:00		60	0	0	0	0	0	0	0	0	0	0	0	0	0	0	0	0	0	0	0	0	0,0000	0,0000	261,8894
2022-04-02	19:25:00		60	0	0	0	0	0	0	0	0	0	0	0	0	0	0	0	0	0	0	0	0	0,0000	0,0000	261,8894
2022-04-02	19:26:00		60	0	0	0	0	0	0	0	0	0	0	0	0	0	0	0	0	0	0	0	0	0,0000	0,0000	261,8894
2022-04-02	19:27:00		60	0	0	0	0	0	0	0	0	0	0	0	0	0	0	0	0	0	0	0	0	0,0000	0,0000	261,8894
2022-04-02	19:28:00		60	0	0	0	0	0	0	0	0	0	0	0	0	0	0	0	0	0	0	0	0	0,0000	0,0000	261,8894
2022-04-02	19:29:00		60	0	0	0	0	0	0	0	0	0	0	0	0	0	0	0	0	0	0	0	0	0,0000	0,0000	261,8894
2022-04-02	19:30:00		60	0	0	0	0	0	0	0	0	0	0	0	0	0	0	0	0	0	0	0	0	0,0000	0,0000	261,8894
2022-04-02	19:31:00		60	0	0	0	0	0	0	0	0	0	0	0	0	0	0	0	0	0	0	0	0	0,0000	0,0000	261,8894
2022-04-02	19:32:00		60	0	0	0	0	0	0	0	0	0	0	0	0	0	0	0	0	0	0	0	0	0,0000	0,0000	261,8894
2022-04-02	19:33:00		60	0	0	0	0	0	0	0	0	0	0	0	0	0	0	0	0	0	0	0	0	0,0000	0,0000	261,8894
2022-04-02	19:34:00		60	0	0	0	0	0	0	0	0	0	0	0	0	0	0	0	0	0	0	0	0	0,0000	0,0000	261,8894
2022-04-02	19:35:00		60	0	0	0	0	0	0	0	0	0	0	0	0	0	0	0	0	0	0	0	0	0,0000	0,0000	261,8894
2022-04-02	19:36:00		60	0	0	0	0	0	0	0	0	0	0	0	0	0	0	0	0	0	0	0	0	0,0000	0,0000	261,8894
2022-04-02	19:37:00		60	0	0	0	0	0	0	0	0	0	0	0	0	0	0	0	0	0	0	0	0	0,0000	0,0000	261,8894
2022-04-02	19:38:00		60	0	0	0	0	0	0	0	0	0	0	0	0	0	0	0	0	0	0	0	0	0,0000	0,0000	261,8894
2022-04-02	19:39:00		60	0	0	0	0	0	0	0	0	0	0	0	0	0	0	0	0	0	0	0	0	0,0000	0,0000	261,8894
2022-04-02	19:40:00		60	0	0	0	0	0	0	0	0	0	0	0	0	0	0	0	0	0	0	0	0	0,0000	0,0000	261,8894
2022-04-02	19:41:00		60	0	0	0	0	0	0	0	0	0	0	0	0	0	0	0	0	0	0	0	0	0,0000	0,0000	261,8894
2022-04-02	19:42:00		60	0	0	0	0	0	0	0	0	0	0	0	0	0	0	0	0	0	0	0	0	0,0000	0,0000	261,8894
2022-04-02	19:43:00		60	0	0	0	0	0	0	0	0	0	0	0	0	0	0	0	0	0	0	0	0	0,0000	0,0000	261,8894
2022-04-02	19:44:00		60	0	0	0	0	0	0	0	0	0	0	0	0	0	0	0	0	0	0	0	0	0,0000	0,0000	261,8894
2022-04-02	19:45:00		60	0	0	0	0	0	0	0	0	0	0	0	0	0	0	0	0	0	0	0	0	0,0000	0,0000	261,8894
2022-04-02	19:46:00		60	0	0	0	0	0	0	0	0	0	0	0	0	0	0	0	0	0	0	0	0	0,0000	0,0000	261,8894
2022-04-02	19:47:00		60	0	0	0	0	0	0	0	0	0	0	0	0	0	0	0	0	0	0	0	0	0,0000	0,0000	261,8894
2022-04-02	19:48:00		60	0	0	0	0	0	0	0	0	0	0	0	0	0	0	0	0	0	0	0	0	0,0000	0,0000	261,8894
2022-04-02	19:49:00		60	0	0	0	0	0	0	0	0	0	0	0	0	0	0	0	0	0	0	0	0	0,0000	0,0000	261,8894
2022-04-02	19:50:00		60	0	0	0	0	0	0	0	0	0	0	0	0	0	0	0	0	0	0	0	0	0,0000	0,0000	261,8894
2022-04-02	19:51:00		60	0	0	0	0	0	0	0	0	0	0	0	0	0	0	0	0	0	0	0	0	0,0000	0,0000	261,8894
2022-04-02	19:52:00		60	0	0	0	0	0	0	0	0	0	0	0	0	0	0	0	0	0	0	0	0	0,0000	0,0000	261,8894
2022-04-02	19:53:00		60	0	0	0	0	0	0	0	0	0	0	0	0	0	0	0	0	0	0	0	0	0,0000	0,0000	261,8894
2022-04-02	19:54:00		60	0	0	0	0	0	0	0	0	0	0	0	0	0	0	0	0	0	0	0	0	0,0000	0,0000	261,8894
2022-04-02	19:55:00		60	0	0	0	0	0	0	0	0	0	0	0	0	0	0	0	0	0	0	0	0	0,0000	0,0000	261,8894
2022-04-02	19:56:00		60	0	0	0	0	0	0	0	0	0	0	0	0	0	0	0	0	0	0	0	0	0,0000	0,0000	261,8894
2022-04-02	19:57:00		60	0	0	0	0	0	0	0	0	0	0	0	0	0	0	0	0	0	0	0	0	0,0000	0,0000	261,8894
2022-04-02	19:58:00		60	0	0	0	0	0	0	0	0	0	0	0	0	0	0	0	0	0	0	0	0	0,0000	0,0000	261,8894
2022-04-02	19:59:00		60	0	0	0	0	0	0	0	0	0	0	0	0	0	0	0	0	0	0	0	0	0,0000	0,0000	261,8894
2022-04-02	20:00:00		60	5	0	0	0	0	0	0	0	0	0	0	0	0	0	0	0	0	0	0	0	0,0015	0,0000	261,8895
2022-04-02	20:01:00		60	0	0	0	0	0	0	0	0	0	0	0	0	0	0	0	0	0	0	0	0	0,0000	0,0000	261,8895
2022-04-02	20:02:00		60	0	0	0	0	0	0	0	0	0	0	0	0	0	0	0	0	0	0	0	0	0,0000	0,0000	261,8895
2022-04-02	20:03:00		60	0	0	0	0	0	0	0	0	0	0	0	0	0	0	0	0	0	0	0	0	0,0000	0,0000	261,8895
2022-04-02	20:04:00		60	0	0	0	0	0	0	0	0	0	0	0	0	0	0	0	0	0	0	0	0	0,0000	0,0000	261,8895
2022-04-02	20:05:00		60	0	0	0	0	0	0	0	0	0	0	0	0	0	0	0	0	0	0	0	0	0,0000	0,0000	261,8895
2022-04-02	20:06:00		60	0	0	0	0	0	0	0	0	0	0	0	0	0	0	0	0	0	0	0	0	0,0000	0,0000	261,8895
2022-04-02	20:07:00		60	0	0	0	0	0	0	0	0	0	0	0	0	0	0	0	0	0	0	0	0	0,0000	0,0000	261,8895
2022-04-02	20:08:00		60	0	0	0	0	0	0	0	0	0	0	0	0	0	0	0	0	0	0	0	0	0,0000	0,0000	261,8895
2022-04-02	20:09:00		60	0	0	0	0	0	0	0	0	0	0	0	0	0	0	0	0	0	0	0	0	0,0000	0,0000	261,8895
2022-04-02	20:10:00		60	0	0	0	0	0	0	0	0	0	0	0	0	0	0	0	0	0	0	0	0	0,0000	0,0000	261,8895
2022-04-02	20:11:00		60	0	0	0	0	0	0	0	0	0	0	0	0	0	0	0	0	0	0	0	0	0,0000	0,0000	261,8895
2022-04-02	20:12:00		60	0	0	0	0	0	0	0	0	0	0	0	0	0	0	0	0	0	0	0	0	0,0000	0,0000	261,8895
2022-04-02	20:13:00		60	0	0	0	0	0	0	0	0	0	0	0	0	0	0	0	0	0	0	0	0	0,0000	0,0000	261,8895
2022-04-02	20:14:00		60	1	0	0	0	1	1	0	0	0	0	0	0	0	0	0	0	0	0	0	0	0,0080	0,0001	261,8896
2022-04-02	20:15:00		60	1	0	0	0	5	6	0	0	0	0	0	0	0	0	0	0	0	0	0	0	0,0434	0,0007	261,8903
2022-04-02	20:16:00		60	1	0	1	7	10	25	59	12	0	0	2	0	0	0	0	0	0	0	0	0	0,9430	0,0157	261,9060
2022-04-02	20:17:00		60	5	6	9	16	25	118	115	7	0	1	4	0	0	0	0	0	0	0	0	0	1,9918	0,0332	261,9392
2022-04-02	20:18:00		60	8	13	21	38	38	102	40	0	1	1	3	1	1	1	0	0	0	0	0	0	1,5574	0,0260	261,9652
2022-04-02	20:19:00		60	33	29	55	85	42	69	35	7	1	1	4	5	1	0	0	0	0	0	0	0	1,7923	0,0299	261,9951
2022-04-02	20:20:00		60	20	48	54	74	56	55	44	8	4	1	3	3	3	0	0	0	0	0	0	0	1,9384	0,0323	262,0274
2022-04-02	20:21:00		60	21	17	47	59	76	96	81	21	3	2	12	12	3	1	1	0	0	0	0	0	4,0643	0,0677	262,0951
2022-04-02	20:22:00		60	28	38	34	67	64	135	120	18	4	5	8	3	2	2	0	0	0	0	0	0	3,6428	0,0607	262,1558
2022-04-02	20:23:00		60	15	17	33	49	49	119	115	28	4	3	7	3	0	0	0	0	0	0	0	0	2,9629	0,0494	262,2052
2022-04-02	20:24:00		60	15	39	36	42	51	126	144	26	6	4	6	2	2	0	0	0	0	0	0	0	3,4019	0,0567	262,2619
2022-04-02	20:25:00		60	16	45	42	46	55	139	94	13	4	1	3	0	0	0	0	0	0	0	0	0	2,2402	0,0373	262,2992
2022-04-02	20:26:00		60	21	32	27	40	37	81	95	17	8	0	0	0	0	0	0	0	0	0	0	0	1,8715	0,0312	262,3304
2022-04-02	20:27:00		60	21	31	25	43	35	71	74	18	6	2	5	1	0	0	0	0	0	0	0	0	1,9590	0,0327	262,3631
2022-04-02	20:28:00		60	8	33	24	27	26	47	45	23	8	6	2	2	0	0	0	0	0	0	0	0	1,7067	0,0284	262,3915
2022-04-02	20:29:00		60	15	16	23	30	26	29	50	22	8	5	4	6	1	0	0	0	0	0	0	0	2,1027	0,0350	262,4266
2022-04-02	20:30:00		60	13	19	22	27	17	35	60	23	8	12	10	4	0	0	0	0	0	0	0	0	2,4157	0,0403	262,4668
2022-04-02	20:31:00		60	20	30	29	27	23	39	63	26	13	6	10	0	0	0	0	0	0	0	0	0	2,1822	0,0364	262,5032
2022-04-02	20:32:00		60	21	39	41	34	24	36	48	27	7	7	2	0	0	0	0	0	0	0	0	0	1,6341	0,0272	262,5304
2022-04-02	20:33:00		60	23	38	41	34	36	46	59	29	7	7	5	0	0	0	0	0	0	0	0	0	1,9739	0,0329	262,5633
2022-04-02	20:34:00		60	23	43	35	41	33	62	45	31	9	2	0	0	0	0	0	0	0	0	0	0	1,6366	0,0273	262,5906
2022-04-02	20:35:00		60	20	49	35	40	29	47	51	6	1	0	0	0	0	0	0	0	0	0	0	0	1,0066	0,0168	262,6074
2022-04-02	20:36:00		60	18	43	42	23	37	40	38	14	1	1	0	0	0	0	0	0	0	0	0	0	1,0032	0,0167	262,6241
2022-04-02	20:37:00		60	17	49	21	33	45	69	71	10	2	1	0	0	0	0	0	0	0	0	0	0	1,4142	0,0236	262,6477
2022-04-02	20:38:00		60	22	35	8	35	40	75	69	14	0	0	0	0	0	0	0	0	0	0	0	0	1,3814	0,0230	262,6707
2022-04-02	20:39:00		60	16	37	22	46	48	91	78	5	1	1	4	0	0	0	0	0	0	0	0	0	1,6860	0,0281	262,6988
2022-04-02	20:40:00		60	12	15	32	48	63	63	45	17	8	3	2	0	0	0	0	0	0	0	0	0	1,6052	0,0268	262,7256
2022-04-02	20:41:00		60	16	26	35	62	45	63	41	13	7	4	2	2	0	0	0	0	0	0	0	0	1,6472	0,0275	262,7530
2022-04-02	20:42:00		60	13	26	37	45	41	53	30	11	7	7	2	1	0	0	0	0	0	0	0	0	1,4479	0,0241	262,7771
2022-04-02	20:43:00		60	24	29	38	34	30	37	34	25	14	6	11	6	0	0	0	0	0	0	0	0	2,4472	0,0408	262,8179
2022-04-02	20:44:00		60	14	36	18	40	19	19	30	25	10	6	8	1	1	0	0	0	0	0	0	0	1,8140	0,0302	262,8482
2022-04-02	20:45:00		60	20	35	27	38	18	20	29	12	6	1	2	3	0	0	0	0	0	0	0	0	1,1637	0,0194	262,8676
2022-04-02	20:46:00		60	17	33	18	19	22	30	28	19	7	0	1	0	0	0	0	0	0	0	0	0	1,0041	0,0167	262,8843
2022-04-02	20:47:00		60	12	22	23	24	15	14	38	16	3	0	0	0	0	0	0	0	0	0	0	0	0,8267	0,0138	262,8981
2022-04-02	20:48:00		60	10	22	30	15	11	13	24	12	2	0	1	0	0	0	0	0	0	0	0	0	0,6421	0,0107	262,9088
2022-04-02	20:49:00		60	14	27	23	15	8	9	13	1	0	0	0	0	0	0	0	0	0	0	0	0	0,2653	0,0044	262,9132
2022-04-02	20:50:00		60	13	20	19	8	2	9	4	0	0	0	0	0	0	0	0	0	0	0	0	0	0,1335	0,0022	262,9154
2022-04-02	20:51:00		60	20	19	15	13	9	6	0	0	0	0	0	0	0	0	0	0	0	0	0	0	0,1105	0,0018	262,9173
2022-04-02	20:52:00		60	13	19	19	21	6	2	1	0	0	0	0	0	0	0	0	0	0	0	0	0	0,1078	0,0018	262,9191
2022-04-02	20:53:00		60	5	19	11	12	3	0	0	0	0	0	0	0	0	0	0	0	0	0	0	0	0,0542	0,0009	262,9200
2022-04-02	20:54:00		60	6	19	7	8	1	1	0	0	0	0	0	0	0	0	0	0	0	0	0	0	0,0422	0,0007	262,9207
2022-04-02	20:55:00		60	10	15	13	9	3	7	0	0	0	0	0	0	0	0	0	0	0	0	0	0	0,0835	0,0014	262,9221
2022-04-02	20:56:00		60	5	11	9	17	9	4	1	0	0	0	0	0	0	0	0	0	0	0	0	0	0,1014	0,0017	262,9237
2022-04-02	20:57:00		60	7	12	16	15	4	3	0	0	0	0	0	0	0	0	0	0	0	0	0	0	0,0784	0,0013	262,9251
2022-04-02	20:58:00		60	4	13	23	20	2	0	0	0	0	0	0	0	0	0	0	0	0	0	0	0	0,0743	0,0012	262,9263
2022-04-02	20:59:00		60	11	10	25	16	3	6	0	0	0	0	0	0	0	0	0	0	0	0	0	0	0,1011	0,0017	262,9280
2022-04-02	21:00:00		60	36	14	22	17	8	2	0	0	0	0	0	0	0	0	0	0	0	0	0	0	0,1046	0,0017	262,9297
2022-04-02	21:01:00		60	4	14	24	8	6	0	3	0	0	0	0	0	0	0	0	0	0	0	0	0	0,0923	0,0015	262,9313
2022-04-02	21:02:00		60	8	36	23	7	4	6	9	2	0	0	1	0	0	0	0	0	0	0	0	0	0,2526	0,0042	262,9355
2022-04-02	21:03:00		60	12	31	17	5	1	7	1	2	0	0	0	0	0	0	0	0	0	0	0	0	0,1233	0,0021	262,9375
2022-04-02	21:04:00		60	18	27	16	5	6	1	0	7	2	2	5	2	1	0	0	0	0	0	0	0	0,7465	0,0124	262,9500
2022-04-02	21:05:00		60	24	32	10	5	4	0	6	9	4	4	7	6	1	0	0	0	0	0	0	0	1,2948	0,0216	262,9715
2022-04-02	21:06:00		60	29	34	15	7	3	4	11	18	9	5	13	4	1	0	0	0	0	0	0	0	1,7545	0,0292	263,0008
2022-04-02	21:07:00		60	28	23	6	7	5	4	23	22	8	8	9	2	1	0	0	0	0	0	0	0	1,6530	0,0276	263,0283
2022-04-02	21:08:00		60	52	16	4	9	6	12	34	20	14	11	10	4	1	2	0	0	0	0	0	0	2,4662	0,0411	263,0694
2022-04-02	21:09:00		60	45	14	7	8	9	22	25	22	14	11	12	10	1	1	0	0	0	0	0	0	2,8459	0,0474	263,1169
2022-04-02	21:10:00		60	32	20	13	14	5	29	41	23	13	8	5	5	0	2	0	0	0	0	0	0	2,3010	0,0384	263,1552
2022-04-02	21:11:00		60	36	18	27	8	12	22	32	16	6	10	11	4	4	3	0	0	0	0	0	0	2,7903	0,0465	263,2017
2022-04-02	21:12:00		60	43	15	18	18	11	21	27	21	9	9	13	9	4	0	1	0	0	0	0	0	3,0674	0,0511	263,2529
2022-04-02	21:13:00		60	36	30	15	11	16	22	20	21	10	5	19	5	2	1	0	0	0	0	0	0	2,6220	0,0437	263,2966
2022-04-02	21:14:00		60	36	24	14	11	7	16	17	11	6	13	13	3	3	1	0	0	0	0	0	0	2,2346	0,0372	263,3338
2022-04-02	21:15:00		60	34	36	11	15	8	26	23	8	13	8	11	5	2	3	0	0	0	0	0	0	2,5543	0,0426	263,3764
2022-04-02	21:16:00		60	42	29	12	7	14	12	28	23	6	16	14	14	3	2	1	0	0	0	0	0	3,7866	0,0631	263,4395
2022-04-02	21:17:00		60	41	20	7	5	13	16	37	17	9	5	7	7	2	0	1	0	0	0	0	0	2,3038	0,0384	263,4779
2022-04-02	21:18:00		60	30	20	11	14	6	17	27	17	7	7	12	11	0	0	0	0	0	0	0	0	2,3202	0,0387	263,5165
2022-04-02	21:19:00		60	34	13	8	11	8	27	25	11	10	6	12	5	0	2	0	0	0	0	0	0	2,1535	0,0359	263,5524
2022-04-02	21:20:00		60	41	19	13	16	13	15	23	9	7	9	9	4	2	2	0	0	0	0	0	0	2,1184	0,0353	263,5877
2022-04-02	21:21:00		60	40	13	14	10	20	21	19	12	8	7	5	4	1	0	1	0	0	0	0	0	1,7514	0,0292	263,6169
2022-04-02	21:22:00		60	30	19	17	13	6	14	17	10	6	8	14	6	1	2	0	0	0	0	0	0	2,2571	0,0376	263,6546
2022-04-02	21:23:00		60	35	16	11	21	8	6	12	13	9	8	12	6	0	2	0	1	0	0	0	0	2,3808	0,0397	263,6942
2022-04-02	21:24:00		60	31	14	9	20	7	13	19	14	4	4	5	6	1	0	0	1	0	0	0	0	1,7620	0,0294	263,7236
2022-04-02	21:25:00		60	53	20	11	8	12	11	26	9	4	6	10	9	5	0	2	0	0	0	0	0	2,8045	0,0467	263,7703
2022-04-02	21:26:00		60	58	11	11	11	11	9	16	8	4	10	11	10	0	0	0	0	0	0	0	0	1,9707	0,0328	263,8032
2022-04-02	21:27:00		60	44	19	12	13	7	7	10	14	10	11	17	13	1	0	0	1	0	0	0	0	3,0180	0,0503	263,8535
2022-04-02	21:28:00		60	43	17	9	14	3	10	7	9	13	9	15	6	2	1	0	0	0	0	0	0	2,3063	0,0384	263,8919
2022-04-02	21:29:00		60	25	11	5	10	7	11	12	10	8	9	7	9	1	0	0	0	0	0	0	0	1,8629	0,0310	263,9230
2022-04-02	21:30:00		60	16	6	9	11	8	11	21	20	13	9	8	0	1	0	0	0	0	0	0	0	1,5923	0,0265	263,9495
2022-04-02	21:31:00		60	19	18	7	16	10	14	24	16	11	10	12	3	0	1	0	0	0	0	0	0	2,0131	0,0336	263,9831
2022-04-02	21:32:00		60	21	9	6	14	4	18	38	21	6	11	12	3	0	0	0	0	0	0	0	0	1,9752	0,0329	264,0160
2022-04-02	21:33:00		60	18	12	9	16	13	21	39	30	13	10	13	5	1	0	0	0	0	0	0	0	2,5836	0,0431	264,0590
2022-04-02	21:34:00		60	26	14	6	4	11	19	33	22	16	4	9	2	0	0	0	0	0	0	0	0	1,7654	0,0294	264,0885
2022-04-02	21:35:00		60	33	9	8	9	23	34	35	23	16	11	15	4	1	2	1	0	0	0	0	0	3,1361	0,0523	264,1407
2022-04-02	21:36:00		60	13	12	6	15	17	15	29	24	11	6	13	6	2	0	0	0	0	0	0	0	2,4057	0,0401	264,1808
2022-04-02	21:37:00		60	17	11	12	13	16	21	33	21	17	9	15	3	0	0	0	0	0	0	0	0	2,2949	0,0382	264,2191
2022-04-02	21:38:00		60	17	14	11	18	9	13	19	23	8	9	4	1	0	0	0	0	0	0	0	0	1,3323	0,0222	264,2413
2022-04-02	21:39:00		60	11	8	12	13	14	16	35	19	9	7	7	2	0	0	0	0	0	0	0	0	1,5960	0,0266	264,2679
2022-04-02	21:40:00		60	3	6	8	14	13	15	37	12	4	5	5	0	0	0	0	0	0	0	0	0	1,0982	0,0183	264,2862
2022-04-02	21:41:00		60	2	8	3	12	9	24	33	9	7	4	1	0	0	0	0	0	0	0	0	0	0,9021	0,0150	264,3012
2022-04-02	21:42:00		60	5	7	9	13	10	17	31	15	3	1	3	0	0	0	0	0	0	0	0	0	0,8663	0,0144	264,3157
2022-04-02	21:43:00		60	3	11	9	15	17	27	15	6	3	1	0	0	0	0	0	0	0	0	0	0	0,5348	0,0089	264,3246
2022-04-02	21:44:00		60	14	10	10	18	16	30	10	4	5	0	3	0	0	0	0	0	0	0	0	0	0,6276	0,0105	264,3350
2022-04-02	21:45:00		60	9	10	11	9	7	27	12	5	0	2	3	0	0	0	0	0	0	0	0	0	0,5540	0,0092	264,3443
2022-04-02	21:46:00		60	14	11	8	18	11	8	9	10	7	4	2	2	0	0	0	0	0	0	0	0	0,8465	0,0141	264,3584
2022-04-02	21:47:00		60	8	12	12	20	11	8	15	5	6	4	5	0	0	0	0	0	0	0	0	0	0,7969	0,0133	264,3717
2022-04-02	21:48:00		60	10	8	13	12	12	13	15	10	3	3	1	1	0	0	0	0	0	0	0	0	0,6862	0,0114	264,3831
2022-04-02	21:49:00		60	11	10	15	11	12	7	16	11	8	5	1	0	0	0	0	0	0	0	0	0	0,7757	0,0129	264,3960
2022-04-02	21:50:00		60	4	13	18	20	11	13	22	12	6	2	8	2	0	0	0	0	0	0	0	0	1,2100	0,0202	264,4162
2022-04-02	21:51:00		60	9	13	9	12	5	10	19	9	6	4	3	1	0	0	0	0	0	0	0	0	0,8515	0,0142	264,4304
2022-04-02	21:52:00		60	7	10	15	9	16	19	24	12	7	6	3	1	0	0	0	0	0	0	0	0	1,0924	0,0182	264,4486
2022-04-02	21:53:00		60	8	5	8	12	10	22	23	19	13	4	1	3	0	0	0	0	0	0	0	0	1,3075	0,0218	264,4704
2022-04-02	21:54:00		60	6	15	11	8	11	17	29	13	3	8	2	0	0	0	0	0	0	0	0	0	0,9794	0,0163	264,4867
2022-04-02	21:55:00		60	10	7	6	6	7	20	31	21	10	2	3	1	1	0	0	0	0	0	0	0	1,3069	0,0218	264,5085
2022-04-02	21:56:00		60	12	15	8	11	14	26	19	17	4	8	5	1	0	0	0	0	0	0	0	0	1,2326	0,0205	264,5290
2022-04-02	21:57:00		60	25	9	12	11	11	17	28	15	10	7	4	1	0	0	0	0	0	0	0	0	1,2902	0,0215	264,5505
2022-04-02	21:58:00		60	12	8	9	10	19	15	28	8	6	6	8	6	0	0	0	0	0	0	0	0	1,6136	0,0269	264,5774
2022-04-02	21:59:00		60	27	9	6	12	11	20	23	10	9	4	9	2	0	1	1	0	0	0	0	0	1,7203	0,0287	264,6061
2022-04-02	22:00:00		60	38	6	10	12	7	20	17	3	7	5	6	3	0	1	0	0	0	0	0	0	1,2795	0,0213	264,6274
2022-04-02	22:01:00		60	16	11	9	7	9	10	10	15	3	5	5	3	0	0	0	0	0	0	0	0	1,0626	0,0177	264,6451
2022-04-02	22:02:00		60	19	9	14	15	12	8	16	17	8	1	6	3	0	1	0	0	0	0	0	0	1,3464	0,0224	264,6676
2022-04-02	22:03:00		60	20	8	4	15	13	10	15	11	5	9	2	2	0	0	0	0	0	0	0	0	1,0216	0,0170	264,6846
2022-04-02	22:04:00		60	15	6	7	15	6	17	16	11	2	6	8	0	1	0	0	0	0	0	0	0	1,1198	0,0187	264,7033
2022-04-02	22:05:00		60	23	6	5	11	1	13	12	11	7	5	4	4	0	0	0	0	0	0	0	0	1,1285	0,0188	264,7221
2022-04-02	22:06:00		60	12	5	10	16	4	11	17	15	7	5	9	0	0	0	0	0	0	0	0	0	1,1707	0,0195	264,7416
2022-04-02	22:07:00		60	14	10	7	6	13	15	24	15	2	4	8	1	3	0	0	0	0	0	0	0	1,4769	0,0246	264,7662
2022-04-02	22:08:00		60	18	7	5	8	5	9	30	16	4	2	5	1	0	2	0	0	0	0	0	0	1,3179	0,0220	264,7882
2022-04-02	22:09:00		60	9	3	4	9	7	22	23	13	4	13	5	3	0	0	0	0	0	0	0	0	1,4431	0,0241	264,8122
2022-04-02	22:10:00		60	11	5	5	6	13	20	16	9	7	8	6	3	0	0	0	0	0	0	0	0	1,2912	0,0215	264,8337
2022-04-02	22:11:00		60	14	12	5	4	10	13	12	17	11	6	5	3	0	0	0	0	0	0	0	0	1,3181	0,0220	264,8557
2022-04-02	22:12:00		60	9	7	6	12	7	14	20	18	11	8	3	3	1	0	0	0	0	0	0	0	1,4883	0,0248	264,8805
2022-04-02	22:13:00		60	14	6	12	12	16	19	25	19	6	5	3	5	0	0	0	0	0	0	0	0	1,4460	0,0241	264,9046
2022-04-02	22:14:00		60	10	4	8	7	11	24	32	18	4	4	2	2	0	0	0	0	0	0	0	0	1,1532	0,0192	264,9238
2022-04-02	22:15:00		60	9	5	7	9	11	18	31	8	3	4	3	0	0	0	0	0	0	0	0	0	0,8480	0,0141	264,9380
2022-04-02	22:16:00		60	9	10	7	6	14	32	28	7	3	2	3	1	0	0	0	0	0	0	0	0	0,8947	0,0149	264,9529
2022-04-02	22:17:00		60	11	4	9	12	19	22	18	7	3	1	5	0	0	0	0	0	0	0	0	0	0,7701	0,0128	264,9657
2022-04-02	22:18:00		60	9	10	6	15	18	19	9	10	1	4	6	3	0	0	0	0	0	0	0	0	1,0292	0,0172	264,9829
2022-04-02	22:19:00		60	13	10	14	16	17	10	7	7	4	4	6	2	4	0	0	0	0	0	0	0	1,3583	0,0226	265,0055
2022-04-02	22:20:00		60	19	9	10	14	6	13	9	6	0	2	3	2	2	0	0	0	0	0	0	0	0,8446	0,0141	265,0196
2022-04-02	22:21:00		60	11	15	5	19	11	8	15	7	2	1	4	1	0	0	0	0	0	0	0	0	0,6757	0,0113	265,0308
2022-04-02	22:22:00		60	11	9	17	17	7	4	7	5	2	0	3	1	0	1	0	0	0	0	0	0	0,6265	0,0104	265,0413
2022-04-02	22:23:00		60	13	9	10	10	9	10	11	6	7	6	6	1	2	0	0	0	0	0	0	0	1,1730	0,0196	265,0608
2022-04-02	22:24:00		60	15	12	16	6	10	13	10	5	7	6	4	0	3	0	0	0	0	0	0	0	1,1164	0,0186	265,0794
2022-04-02	22:25:00		60	16	10	15	7	3	6	11	8	4	3	3	0	1	0	0	0	0	0	0	0	0,7037	0,0117	265,0912
2022-04-02	22:26:00		60	18	16	5	6	1	5	8	7	6	5	1	1	0	0	0	0	0	0	0	0	0,6211	0,0104	265,1015
2022-04-02	22:27:00		60	16	13	7	3	2	4	8	6	3	2	1	1	0	0	0	0	0	0	0	0	0,4474	0,0075	265,1090
2022-04-02	22:28:00		60	12	7	4	5	3	3	9	1	3	1	0	0	1	0	0	0	0	0	0	0	0,3389	0,0056	265,1146
2022-04-02	22:29:00		60	12	11	3	5	4	7	4	4	1	2	6	3	0	0	0	0	0	0	0	0	0,7215	0,0120	265,1266
2022-04-02	22:30:00		60	15	5	6	4	7	3	5	3	3	0	3	1	1	0	0	0	0	0	0	0	0,5203	0,0087	265,1353
2022-04-02	22:31:00		60	12	5	1	5	4	2	2	3	1	2	1	0	0	0	0	0	0	0	0	0	0,2227	0,0037	265,1390
2022-04-02	22:32:00		60	7	5	3	6	1	1	7	1	2	3	1	1	0	0	0	0	0	0	0	0	0,3487	0,0058	265,1448
2022-04-02	22:33:00		60	16	3	4	4	2	6	1	2	5	2	3	3	0	0	0	0	0	0	0	0	0,6049	0,0101	265,1549
2022-04-02	22:34:00		60	8	3	2	1	2	6	2	3	1	2	4	2	0	0	0	0	0	0	0	0	0,5043	0,0084	265,1633
2022-04-02	22:35:00		60	6	2	3	4	2	2	2	2	0	1	4	1	0	0	0	0	0	0	0	0	0,3527	0,0059	265,1692
2022-04-02	22:36:00		60	10	5	4	4	2	6	1	3	2	4	5	2	1	0	0	0	0	0	0	0	0,7366	0,0123	265,1815
2022-04-02	22:37:00		60	8	3	1	3	3	7	4	2	2	3	5	2	0	0	0	0	0	0	0	0	0,6115	0,0102	265,1917
2022-04-02	22:38:00		60	18	4	4	2	1	3	2	6	1	1	1	1	0	0	0	0	0	0	0	0	0,3057	0,0051	265,1968
2022-04-02	22:39:00		60	8	1	1	1	2	4	4	7	3	3	3	3	0	1	0	0	0	0	0	0	0,8181	0,0136	265,2104
2022-04-02	22:40:00		60	7	3	3	5	1	4	4	3	3	2	3	0	0	0	0	0	0	0	0	0	0,3714	0,0062	265,2166
2022-04-02	22:41:00		60	4	1	1	2	3	4	7	4	4	0	0	0	0	0	0	0	0	0	0	0	0,2404	0,0040	265,2206
2022-04-02	22:42:00		60	7	3	1	1	1	6	6	1	0	2	2	0	0	0	0	0	0	0	0	0	0,2513	0,0042	265,2248
2022-04-02	22:43:00		60	7	2	4	5	4	9	6	1	4	1	1	0	0	0	0	0	0	0	0	0	0,2968	0,0049	265,2297
2022-04-02	22:44:00		60	1	1	0	1	6	10	2	2	2	0	1	1	0	0	0	0	0	0	0	0	0,2741	0,0046	265,2343
2022-04-02	22:45:00		60	1	8	0	2	2	6	6	3	0	2	2	1	0	0	0	0	0	0	0	0	0,3581	0,0060	265,2403
2022-04-02	22:46:00		60	8	1	3	5	2	3	7	3	0	1	2	0	0	0	0	0	0	0	0	0	0,2575	0,0043	265,2446
2022-04-02	22:47:00		60	3	2	1	3	3	5	0	1	4	1	2	1	0	0	0	0	0	0	0	0	0,3309	0,0055	265,2501
2022-04-02	22:48:00		60	5	0	1	3	1	2	1	1	0	0	0	0	0	0	0	0	0	0	0	0	0,0438	0,0007	265,2508
2022-04-02	22:49:00		60	6	2	3	3	2	6	2	4	1	0	1	1	0	0	0	0	0	0	0	0	0,2604	0,0043	265,2551
2022-04-02	22:50:00		60	2	1	2	1	1	2	2	3	3	3	6	0	0	0	0	0	0	0	0	0	0,4943	0,0082	265,2634
2022-04-02	22:51:00		60	0	3	0	2	1	2	9	8	2	0	0	0	0	0	0	0	0	0	0	0	0,2578	0,0043	265,2677
2022-04-02	22:52:00		60	2	1	1	1	2	4	6	6	2	1	1	0	0	0	0	0	0	0	0	0	0,2860	0,0048	265,2725
2022-04-02	22:53:00		60	2	2	1	2	3	2	4	5	0	0	3	0	0	0	0	0	0	0	0	0	0,2653	0,0044	265,2769
2022-04-02	22:54:00		60	4	2	1	3	1	1	4	1	3	0	0	0	0	0	0	0	0	0	0	0	0,1305	0,0022	265,2790
2022-04-02	22:55:00		60	4	3	2	2	3	5	7	2	1	2	1	1	0	0	0	0	0	0	0	0	0,3277	0,0055	265,2845
2022-04-02	22:56:00		60	4	2	3	2	1	3	5	0	4	0	1	0	0	0	0	0	0	0	0	0	0,1997	0,0033	265,2878
2022-04-02	22:57:00		60	0	0	0	2	3	2	4	2	3	1	0	1	0	0	0	0	0	0	0	0	0,2521	0,0042	265,2920
2022-04-02	22:58:00		60	1	0	0	2	0	5	6	4	1	0	1	0	0	0	0	0	0	0	0	0	0,2048	0,0034	265,2955
2022-04-02	22:59:00		60	14	0	1	0	2	5	7	3	1	0	0	0	0	0	0	0	0	0	0	0	0,1618	0,0027	265,2982
2022-04-02	23:00:00		60	9	1	0	1	1	2	5	1	3	0	1	0	0	0	0	0	0	0	0	0	0,1842	0,0031	265,3012
2022-04-02	23:01:00		60	5	0	1	1	2	2	4	2	0	0	0	0	0	0	0	0	0	0	0	0	0,0842	0,0014	265,3026
2022-04-02	23:02:00		60	1	1	1	3	2	1	2	0	1	0	0	0	0	0	0	0	0	0	0	0	0,0567	0,0009	265,3036
2022-04-02	23:03:00		60	2	1	0	3	2	1	2	2	0	0	0	0	0	0	0	0	0	0	0	0	0,0641	0,0011	265,3046
2022-04-02	23:04:00		60	6	3	0	2	2	2	1	1	0	0	0	0	0	0	0	0	0	0	0	0	0,0459	0,0008	265,3054
2022-04-02	23:05:00		60	4	2	3	2	1	4	2	0	0	0	0	0	0	0	0	0	0	0	0	0	0,0485	0,0008	265,3062
2022-04-02	23:06:00		60	2	1	4	3	1	8	2	0	0	0	0	0	0	0	0	0	0	0	0	0	0,0693	0,0012	265,3074
2022-04-02	23:07:00		60	4	0	2	5	2	0	2	0	0	0	0	0	0	0	0	0	0	0	0	0	0,0354	0,0006	265,3080
2022-04-02	23:08:00		60	2	1	2	2	2	2	1	0	0	0	0	0	0	0	0	0	0	0	0	0	0,0309	0,0005	265,3085
2022-04-02	23:09:00		60	4	2	2	5	1	0	0	0	0	0	0	0	0	0	0	0	0	0	0	0	0,0162	0,0003	265,3087
2022-04-02	23:10:00		60	2	1	2	1	0	0	0	0	0	0	0	0	0	0	0	0	0	0	0	0	0,0050	0,0001	265,3088
2022-04-02	23:11:00		60	2	0	1	3	0	0	1	0	0	0	0	0	0	0	0	0	0	0	0	0	0,0157	0,0003	265,3091
2022-04-02	23:12:00		60	2	3	1	1	0	2	0	0	0	0	0	0	0	0	0	0	0	0	0	0	0,0147	0,0002	265,3093
2022-04-02	23:13:00		60	1	2	4	0	1	1	1	0	0	0	0	0	0	0	0	0	0	0	0	0	0,0221	0,0004	265,3097
2022-04-02	23:14:00		60	1	1	0	3	1	1	1	0	0	0	0	0	0	0	0	0	0	0	0	0	0,0226	0,0004	265,3101
2022-04-02	23:15:00		60	8	1	2	2	0	2	1	0	0	0	0	0	0	0	0	0	0	0	0	0	0,0269	0,0004	265,3105
2022-04-02	23:16:00		60	1	1	0	1	0	0	0	0	0	0	0	0	0	0	0	0	0	0	0	0	0,0027	0,0000	265,3106
2022-04-02	23:17:00		60	6	1	1	0	1	0	0	0	0	0	0	0	0	0	0	0	0	0	0	0	0,0063	0,0001	265,3107
2022-04-02	23:18:00		60	3	1	3	1	1	1	0	0	1	0	0	0	0	0	0	0	0	0	0	0	0,0355	0,0006	265,3113
2022-04-02	23:19:00		60	2	1	0	1	2	0	1	0	0	0	0	0	0	0	0	0	0	0	0	0	0,0174	0,0003	265,3116
2022-04-02	23:20:00		60	5	1	2	1	1	0	0	0	0	0	0	0	0	0	0	0	0	0	0	0	0,0088	0,0001	265,3117
2022-04-02	23:21:00		60	3	3	3	1	1	0	1	0	0	0	0	0	0	0	0	0	0	0	0	0	0,0192	0,0003	265,3120
2022-04-02	23:22:00		60	4	1	1	1	1	0	1	0	0	0	0	0	0	0	0	0	0	0	0	0	0,0162	0,0003	265,3123
2022-04-02	23:23:00		60	2	2	3	0	0	0	0	0	0	0	0	0	0	0	0	0	0	0	0	0	0,0049	0,0001	265,3124
2022-04-02	23:24:00		60	0	0	0	1	1	0	0	0	0	0	0	0	0	0	0	0	0	0	0	0	0,0047	0,0001	265,3125
2022-04-02	23:25:00		60	2	0	2	0	1	0	0	1	0	0	0	0	0	0	0	0	0	0	0	0	0,0204	0,0003	265,3128
2022-04-02	23:26:00		60	4	0	2	1	0	0	1	0	0	0	0	0	0	0	0	0	0	0	0	0	0,0138	0,0002	265,3130
2022-04-02	23:27:00		60	1	0	0	1	1	3	1	0	0	0	0	0	0	0	0	0	0	0	0	0	0,0280	0,0005	265,3135
2022-04-02	23:28:00		60	2	1	1	1	0	1	0	2	0	0	0	0	0	0	0	0	0	0	0	0	0,0384	0,0006	265,3141
2022-04-02	23:29:00		60	1	1	0	0	0	1	0	1	0	0	0	0	0	0	0	0	0	0	0	0	0,0205	0,0003	265,3145
2022-04-02	23:30:00		60	1	1	0	0	1	1	1	0	0	0	0	0	0	0	0	0	0	0	0	0	0,0173	0,0003	265,3148
2022-04-02	23:31:00		60	4	1	0	0	0	1	0	0	1	0	0	0	0	0	0	0	0	0	0	0	0,0280	0,0005	265,3152
2022-04-02	23:32:00		60	1	0	1	3	1	0	0	0	1	0	0	0	0	0	0	0	0	0	0	0	0,0310	0,0005	265,3157
2022-04-02	23:33:00		60	3	1	4	2	0	1	0	0	0	0	0	0	0	0	0	0	0	0	0	0	0,0140	0,0002	265,3160
2022-04-02	23:34:00		60	1	0	2	3	0	1	1	0	0	0	0	0	0	0	0	0	0	0	0	0	0,0212	0,0004	265,3163
2022-04-02	23:35:00		60	3	0	0	1	1	1	2	4	0	0	0	0	0	0	0	0	0	0	0	0	0,0870	0,0015	265,3178
2022-04-02	23:36:00		60	4	0	0	0	1	0	1	1	0	0	0	0	0	0	0	0	0	0	0	0	0,0276	0,0005	265,3182
2022-04-02	23:37:00		60	3	0	3	2	1	0	0	0	0	0	0	0	0	0	0	0	0	0	0	0	0,0105	0,0002	265,3184
2022-04-02	23:38:00		60	1	0	0	1	1	2	2	0	0	0	0	0	0	0	0	0	0	0	0	0	0,0320	0,0005	265,3189
2022-04-02	23:39:00		60	2	1	1	1	0	1	2	0	0	0	0	0	0	0	0	0	0	0	0	0	0,0262	0,0004	265,3194
2022-04-02	23:40:00		60	0	2	0	1	1	1	0	1	0	0	0	0	0	0	0	0	0	0	0	0	0,0254	0,0004	265,3198
2022-04-02	23:41:00		60	3	0	0	1	0	0	1	0	0	1	0	0	0	0	0	0	0	0	0	0	0,0404	0,0007	265,3205
2022-04-02	23:42:00		60	3	2	1	0	0	1	1	0	0	0	1	0	0	0	0	0	0	0	0	0	0,0605	0,0010	265,3215
2022-04-02	23:43:00		60	2	0	0	2	0	1	0	0	0	0	0	0	0	0	0	0	0	0	0	0	0,0089	0,0001	265,3216
2022-04-02	23:44:00		60	1	0	2	3	2	1	0	1	0	1	0	0	0	0	0	0	0	0	0	0	0,0621	0,0010	265,3227
2022-04-02	23:45:00		60	1	2	1	0	0	1	2	1	0	0	0	0	0	0	0	0	0	0	0	0	0,0396	0,0007	265,3233
2022-04-02	23:46:00		60	2	1	0	3	2	0	0	0	1	0	0	0	0	0	0	0	0	0	0	0	0,0337	0,0006	265,3239
2022-04-02	23:47:00		60	1	1	0	1	0	0	1	1	0	0	0	0	0	0	0	0	0	0	0	0	0,0262	0,0004	265,3243
2022-04-02	23:48:00		60	4	1	0	1	1	0	1	1	0	1	0	0	0	0	0	0	0	0	0	0	0,0590	0,0010	265,3253
2022-04-02	23:49:00		60	1	1	2	2	0	0	1	2	0	1	0	1	0	0	0	0	0	0	0	0	0,1463	0,0024	265,3278
2022-04-02	23:50:00		60	1	0	1	0	1	0	1	1	0	0	0	0	0	0	0	0	0	0	0	0	0,0278	0,0005	265,3282
2022-04-02	23:51:00		60	1	0	2	1	0	0	0	1	0	1	0	0	0	0	0	0	0	0	0	0	0,0480	0,0008	265,3290
2022-04-02	23:52:00		60	5	2	2	0	1	0	1	0	0	0	1	0	0	0	0	0	0	0	0	0	0,0603	0,0010	265,3300
2022-04-02	23:53:00		60	1	1	0	1	0	2	1	0	0	1	0	0	0	0	0	0	0	0	0	0	0,0500	0,0008	265,3309
2022-04-02	23:54:00		60	2	2	1	2	1	2	1	3	2	0	0	0	0	0	0	0	0	0	0	0	0,1149	0,0019	265,3328
2022-04-02	23:55:00		60	5	0	1	0	2	2	1	0	0	0	1	0	0	0	0	0	0	0	0	0	0,0705	0,0012	265,3339
2022-04-02	23:56:00		60	3	4	1	1	0	2	2	1	2	0	0	0	0	0	0	0	0	0	0	0	0,0908	0,0015	265,3355
2022-04-02	23:57:00		60	4	0	0	2	1	1	2	2	0	0	0	0	0	0	0	0	0	0	0	0	0,0595	0,0010	265,3364
2022-04-02	23:58:00		60	7	0	2	0	2	1	5	2	0	1	0	0	0	0	0	0	0	0	0	0	0,1170	0,0019	265,3384
2022-04-02	23:59:00		60	10	2	0	1	0	0	3	1	1	0	0	0	0	0	0	0	0	0	0	0	0,0683	0,0011	265,3395
2022-04-03	00:00:00		60	14	0	1	2	1	1	4	2	0	2	0	0	0	0	0	0	0	0	0	0	0,1389	0,0023	265,3419
2022-04-03	00:01:00		60	16	0	0	0	0	3	3	1	0	0	0	0	0	0	0	0	0	0	0	0	0,0600	0,0010	265,3429
2022-04-03	00:02:00		60	18	2	0	1	0	1	0	0	0	0	0	0	0	0	0	0	0	0	0	0	0,0130	0,0002	265,3431
2022-04-03	00:03:00		60	25	0	0	2	1	0	2	1	0	0	0	0	0	0	0	0	0	0	0	0	0,0460	0,0008	265,3438
2022-04-03	00:04:00		60	29	0	2	0	0	4	1	0	0	0	0	0	0	0	0	0	0	0	0	0	0,0384	0,0006	265,3445
2022-04-03	00:05:00		60	29	1	2	3	0	2	0	0	0	0	0	0	0	0	0	0	0	0	0	0	0,0260	0,0004	265,3449
2022-04-03	00:06:00		60	30	0	1	1	1	0	0	0	0	0	0	0	0	0	0	0	0	0	0	0	0,0144	0,0002	265,3451
2022-04-03	00:07:00		60	19	0	1	1	1	2	2	0	0	0	0	0	0	0	0	0	0	0	0	0	0,0383	0,0006	265,3458
2022-04-03	00:08:00		60	30	1	0	2	0	3	0	0	0	0	0	0	0	0	0	0	0	0	0	0	0,0272	0,0005	265,3462
2022-04-03	00:09:00		60	33	0	0	0	1	1	0	0	0	0	0	0	0	0	0	0	0	0	0	0	0,0173	0,0003	265,3465
2022-04-03	00:10:00		60	20	0	1	2	2	0	0	0	0	0	0	0	0	0	0	0	0	0	0	0	0,0162	0,0003	265,3468
2022-04-03	00:11:00		60	3	2	3	2	0	0	0	0	0	0	0	0	0	0	0	0	0	0	0	0	0,0088	0,0001	265,3469
2022-04-03	00:12:00		60	0	0	1	1	1	0	0	0	0	0	0	0	0	0	0	0	0	0	0	0	0,0057	0,0001	265,3470
2022-04-03	00:13:00		60	2	0	0	2	0	0	0	0	0	0	0	0	0	0	0	0	0	0	0	0	0,0041	0,0001	265,3471
2022-04-03	00:14:00		60	0	0	0	1	0	0	0	0	0	0	0	0	0	0	0	0	0	0	0	0	0,0018	0,0000	265,3471
2022-04-03	00:15:00		60	0	0	1	0	0	0	0	0	0	0	0	0	0	0	0	0	0	0	0	0	0,0011	0,0000	265,3472
2022-04-03	00:16:00		60	2	1	0	1	0	0	0	0	0	0	0	0	0	0	0	0	0	0	0	0	0,0029	0,0000	265,3472
2022-04-03	00:17:00		60	2	1	1	0	0	0	0	0	0	0	0	0	0	0	0	0	0	0	0	0	0,0022	0,0000	265,3472
2022-04-03	00:18:00		60	4	1	0	0	0	0	0	0	0	0	0	0	0	0	0	0	0	0	0	0	0,0018	0,0000	265,3473
2022-04-03	00:19:00		60	0	1	1	0	0	0	0	0	0	0	0	0	0	0	0	0	0	0	0	0	0,0016	0,0000	265,3473
2022-04-03	00:20:00		60	0	0	0	0	0	0	0	0	0	0	0	0	0	0	0	0	0	0	0	0	0,0000	0,0000	265,3473
2022-04-03	00:21:00		60	0	0	0	0	0	0	0	0	0	0	0	0	0	0	0	0	0	0	0	0	0,0000	0,0000	265,3473
2022-04-03	00:22:00		60	0	0	0	0	0	0	0	0	0	0	0	0	0	0	0	0	0	0	0	0	0,0000	0,0000	265,3473
2022-04-03	00:23:00		60	0	0	0	0	0	0	0	0	0	0	0	0	0	0	0	0	0	0	0	0	0,0000	0,0000	265,3473
2022-04-03	00:24:00		60	0	0	0	0	0	0	0	0	0	0	0	0	0	0	0	0	0	0	0	0	0,0000	0,0000	265,3473
2022-04-03	00:25:00		60	0	0	0	0	0	0	0	0	0	0	0	0	0	0	0	0	0	0	0	0	0,0000	0,0000	265,3473
2022-04-03	00:26:00		60	0	0	0	0	0	0	0	0	0	0	0	0	0	0	0	0	0	0	0	0	0,0000	0,0000	265,3473
2022-04-03	00:27:00		60	0	0	0	0	0	0	0	0	0	0	0	0	0	0	0	0	0	0	0	0	0,0000	0,0000	265,3473
2022-04-03	00:28:00		60	0	0	0	0	0	0	0	0	0	0	0	0	0	0	0	0	0	0	0	0	0,0000	0,0000	265,3473
2022-04-03	00:29:00		60	0	0	0	0	0	0	0	0	0	0	0	0	0	0	0	0	0	0	0	0	0,0000	0,0000	265,3473
2022-04-03	00:30:00		60	0	0	0	0	0	0	0	0	0	0	0	0	0	0	0	0	0	0	0	0	0,0000	0,0000	265,3473
2022-04-03	00:31:00		60	0	0	0	0	0	0	0	0	0	0	0	0	0	0	0	0	0	0	0	0	0,0000	0,0000	265,3473
2022-04-03	00:32:00		60	0	0	0	0	0	0	0	0	0	0	0	0	0	0	0	0	0	0	0	0	0,0000	0,0000	265,3473
2022-04-03	00:33:00		60	0	0	0	0	0	0	0	0	0	0	0	0	0	0	0	0	0	0	0	0	0,0000	0,0000	265,3473
2022-04-03	00:34:00		60	0	0	0	0	0	0	0	0	0	0	0	0	0	0	0	0	0	0	0	0	0,0000	0,0000	265,3473
2022-04-03	00:35:00		60	0	0	0	0	0	0	0	0	0	0	0	0	0	0	0	0	0	0	0	0	0,0000	0,0000	265,3473
2022-04-03	00:36:00		60	0	0	0	0	0	0	0	0	0	0	0	0	0	0	0	0	0	0	0	0	0,0000	0,0000	265,3473
2022-04-03	00:37:00		60	0	0	0	0	0	0	0	0	0	0	0	0	0	0	0	0	0	0	0	0	0,0000	0,0000	265,3473
2022-04-03	00:38:00		60	0	0	0	0	0	0	0	0	0	0	0	0	0	0	0	0	0	0	0	0	0,0000	0,0000	265,3473
2022-04-03	00:39:00		60	0	0	0	0	0	0	0	0	0	0	0	0	0	0	0	0	0	0	0	0	0,0000	0,0000	265,3473
2022-04-03	00:40:00		60	0	0	0	0	0	0	0	0	0	0	0	0	0	0	0	0	0	0	0	0	0,0000	0,0000	265,3473
2022-04-03	00:41:00		60	0	0	0	0	0	0	0	0	0	0	0	0	0	0	0	0	0	0	0	0	0,0000	0,0000	265,3473
2022-04-03	00:42:00		60	4	0	0	0	0	0	0	0	0	0	0	0	0	0	0	0	0	0	0	0	0,0012	0,0000	265,3473
2022-04-03	00:43:00		60	0	0	0	0	0	0	0	0	0	0	0	0	0	0	0	0	0	0	0	0	0,0000	0,0000	265,3473
2022-04-03	00:44:00		60	4	0	0	0	0	0	0	0	0	0	0	0	0	0	0	0	0	0	0	0	0,0012	0,0000	265,3473
2022-04-03	00:45:00		60	0	0	0	0	0	0	0	0	0	0	0	0	0	0	0	0	0	0	0	0	0,0000	0,0000	265,3473
2022-04-03	00:46:00		60	0	0	0	0	0	0	0	0	0	0	0	0	0	0	0	0	0	0	0	0	0,0000	0,0000	265,3473
2022-04-03	00:47:00		60	0	0	0	0	0	0	0	0	0	0	0	0	0	0	0	0	0	0	0	0	0,0000	0,0000	265,3473
2022-04-03	00:48:00		60	0	0	0	0	0	0	0	0	0	0	0	0	0	0	0	0	0	0	0	0	0,0000	0,0000	265,3473
2022-04-03	00:49:00		60	0	0	0	0	0	0	0	0	0	0	0	0	0	0	0	0	0	0	0	0	0,0000	0,0000	265,3473
2022-04-03	00:50:00		60	0	0	0	0	0	0	0	0	0	0	0	0	0	0	0	0	0	0	0	0	0,0000	0,0000	265,3473
2022-04-03	00:51:00		60	0	0	0	0	0	0	0	0	0	0	0	0	0	0	0	0	0	0	0	0	0,0000	0,0000	265,3473
2022-04-03	00:52:00		60	0	0	0	0	0	0	0	0	0	0	0	0	0	0	0	0	0	0	0	0	0,0000	0,0000	265,3473
2022-04-03	00:53:00		60	0	0	0	0	0	0	0	0	0	0	0	0	0	0	0	0	0	0	0	0	0,0000	0,0000	265,3473
2022-04-03	00:54:00		60	0	0	0	0	0	0	0	0	0	0	0	0	0	0	0	0	0	0	0	0	0,0000	0,0000	265,3473
2022-04-03	00:55:00		60	0	0	0	0	0	0	0	0	0	0	0	0	0	0	0	0	0	0	0	0	0,0000	0,0000	265,3473
2022-04-03	00:56:00		60	0	0	0	0	0	0	0	0	0	0	0	0	0	0	0	0	0	0	0	0	0,0000	0,0000	265,3473
2022-04-03	00:57:00		60	0	0	0	0	0	0	0	0	0	0	0	0	0	0	0	0	0	0	0	0	0,0000	0,0000	265,3473
2022-04-03	00:58:00		60	0	0	0	0	0	0	0	0	0	0	0	0	0	0	0	0	0	0	0	0	0,0000	0,0000	265,3473
2022-04-03	00:59:00		60	0	0	0	0	0	0	0	0	0	0	0	0	0	0	0	0	0	0	0	0	0,0000	0,0000	265,3473
2022-04-03	01:00:00		60	14	0	0	0	0	0	0	0	0	0	0	0	0	0	0	0	0	0	0	0	0,0041	0,0001	265,3474
2022-04-03	01:01:00		60	0	0	0	0	0	0	0	0	0	0	0	0	0	0	0	0	0	0	0	0	0,0000	0,0000	265,3474
2022-04-03	01:02:00		60	0	0	0	0	0	0	0	0	0	0	0	0	0	0	0	0	0	0	0	0	0,0000	0,0000	265,3474
2022-04-03	01:03:00		60	0	0	0	0	0	0	0	0	0	0	0	0	0	0	0	0	0	0	0	0	0,0000	0,0000	265,3474
2022-04-03	01:04:00		60	9	0	0	0	0	0	0	0	0	0	0	0	0	0	0	0	0	0	0	0	0,0026	0,0000	265,3474
2022-04-03	01:05:00		60	4	0	0	0	0	0	0	0	0	0	0	0	0	0	0	0	0	0	0	0	0,0012	0,0000	265,3475
2022-04-03	01:06:00		60	0	0	0	0	0	0	0	0	0	0	0	0	0	0	0	0	0	0	0	0	0,0000	0,0000	265,3475
2022-04-03	01:07:00		60	0	0	0	0	0	0	0	0	0	0	0	0	0	0	0	0	0	0	0	0	0,0000	0,0000	265,3475
2022-04-03	01:08:00		60	0	0	0	0	0	0	0	0	0	0	0	0	0	0	0	0	0	0	0	0	0,0000	0,0000	265,3475
2022-04-03	01:09:00		60	6	0	0	0	0	0	0	0	0	0	0	0	0	0	0	0	0	0	0	0	0,0017	0,0000	265,3475
2022-04-03	01:10:00		60	0	0	0	0	0	0	0	0	0	0	0	0	0	0	0	0	0	0	0	0	0,0000	0,0000	265,3475
2022-04-03	01:11:00		60	0	0	0	0	0	0	0	0	0	0	0	0	0	0	0	0	0	0	0	0	0,0000	0,0000	265,3475
2022-04-03	01:12:00		60	0	0	0	0	0	0	0	0	0	0	0	0	0	0	0	0	0	0	0	0	0,0000	0,0000	265,3475
2022-04-03	01:13:00		60	0	0	0	0	0	0	0	0	0	0	0	0	0	0	0	0	0	0	0	0	0,0000	0,0000	265,3475
2022-04-03	01:14:00		60	0	0	0	0	0	0	0	0	0	0	0	0	0	0	0	0	0	0	0	0	0,0000	0,0000	265,3475
2022-04-03	01:15:00		60	0	0	0	0	0	0	0	0	0	0	0	0	0	0	0	0	0	0	0	0	0,0000	0,0000	265,3475
2022-04-03	01:16:00		60	0	0	0	0	0	0	0	0	0	0	0	0	0	0	0	0	0	0	0	0	0,0000	0,0000	265,3475
2022-04-03	01:17:00		60	0	0	0	0	0	0	0	0	0	0	0	0	0	0	0	0	0	0	0	0	0,0000	0,0000	265,3475
2022-04-03	01:18:00		60	0	0	0	0	0	0	0	0	0	0	0	0	0	0	0	0	0	0	0	0	0,0000	0,0000	265,3475
2022-04-03	01:19:00		60	0	0	0	0	0	0	0	0	0	0	0	0	0	0	0	0	0	0	0	0	0,0000	0,0000	265,3475
2022-04-03	01:20:00		60	0	0	0	0	0	0	0	0	0	0	0	0	0	0	0	0	0	0	0	0	0,0000	0,0000	265,3475
2022-04-03	01:21:00		60	0	0	0	0	0	0	0	0	0	0	0	0	0	0	0	0	0	0	0	0	0,0000	0,0000	265,3475
2022-04-03	01:22:00		60	0	0	0	0	0	0	0	0	0	0	0	0	0	0	0	0	0	0	0	0	0,0000	0,0000	265,3475
2022-04-03	01:23:00		60	0	0	0	0	0	0	0	0	0	0	0	0	0	0	0	0	0	0	0	0	0,0000	0,0000	265,3475
2022-04-03	01:24:00		60	6	0	0	0	0	0	0	0	0	0	0	0	0	0	0	0	0	0	0	0	0,0017	0,0000	265,3475
2022-04-03	01:25:00		60	4	0	0	0	0	0	0	0	0	0	0	0	0	0	0	0	0	0	0	0	0,0012	0,0000	265,3475
2022-04-03	01:26:00		60	0	0	0	0	0	0	0	0	0	0	0	0	0	0	0	0	0	0	0	0	0,0000	0,0000	265,3475
2022-04-03	01:27:00		60	0	0	0	0	0	0	0	0	0	0	0	0	0	0	0	0	0	0	0	0	0,0000	0,0000	265,3475
2022-04-03	01:28:00		60	0	0	0	0	0	0	0	0	0	0	0	0	0	0	0	0	0	0	0	0	0,0000	0,0000	265,3475
2022-04-03	01:29:00		60	0	0	0	0	0	0	0	0	0	0	0	0	0	0	0	0	0	0	0	0	0,0000	0,0000	265,3475
2022-04-03	01:30:00		60	0	0	0	0	0	0	0	0	0	0	0	0	0	0	0	0	0	0	0	0	0,0000	0,0000	265,3475
2022-04-03	01:31:00		60	0	0	0	0	0	0	0	0	0	0	0	0	0	0	0	0	0	0	0	0	0,0000	0,0000	265,3475
2022-04-03	01:32:00		60	0	0	0	0	0	0	0	0	0	0	0	0	0	0	0	0	0	0	0	0	0,0000	0,0000	265,3475
2022-04-03	01:33:00		60	0	0	0	0	0	0	0	0	0	0	0	0	0	0	0	0	0	0	0	0	0,0000	0,0000	265,3475
2022-04-03	01:34:00		60	0	0	0	0	0	0	0	0	0	0	0	0	0	0	0	0	0	0	0	0	0,0000	0,0000	265,3475
2022-04-03	01:35:00		60	0	0	0	0	0	0	0	0	0	0	0	0	0	0	0	0	0	0	0	0	0,0000	0,0000	265,3475
2022-04-03	01:36:00		60	0	0	0	0	0	0	0	0	0	0	0	0	0	0	0	0	0	0	0	0	0,0000	0,0000	265,3475
2022-04-03	01:37:00		60	0	0	0	0	0	0	0	0	0	0	0	0	0	0	0	0	0	0	0	0	0,0000	0,0000	265,3475
2022-04-03	01:38:00		60	0	0	0	0	0	0	0	0	0	0	0	0	0	0	0	0	0	0	0	0	0,0000	0,0000	265,3475
2022-04-03	01:39:00		60	0	0	0	0	0	0	0	0	0	0	0	0	0	0	0	0	0	0	0	0	0,0000	0,0000	265,3475
2022-04-03	01:40:00		60	0	0	0	0	0	0	0	0	0	0	0	0	0	0	0	0	0	0	0	0	0,0000	0,0000	265,3475
2022-04-03	01:41:00		60	0	0	0	0	0	0	0	0	0	0	0	0	0	0	0	0	0	0	0	0	0,0000	0,0000	265,3475
2022-04-03	01:42:00		60	0	0	0	0	0	0	0	0	0	0	0	0	0	0	0	0	0	0	0	0	0,0000	0,0000	265,3475
2022-04-03	01:43:00		60	0	0	0	0	0	0	0	0	0	0	0	0	0	0	0	0	0	0	0	0	0,0000	0,0000	265,3475
2022-04-03	01:44:00		60	0	0	0	0	0	0	0	0	0	0	0	0	0	0	0	0	0	0	0	0	0,0000	0,0000	265,3475
2022-04-03	01:45:00		60	0	0	0	0	0	0	0	0	0	0	0	0	0	0	0	0	0	0	0	0	0,0000	0,0000	265,3475
2022-04-03	01:46:00		60	0	0	0	0	0	0	0	0	0	0	0	0	0	0	0	0	0	0	0	0	0,0000	0,0000	265,3475
2022-04-03	01:47:00		60	0	0	0	0	0	0	0	0	0	0	0	0	0	0	0	0	0	0	0	0	0,0000	0,0000	265,3475
2022-04-03	01:48:00		60	0	0	0	0	0	0	0	0	0	0	0	0	0	0	0	0	0	0	0	0	0,0000	0,0000	265,3475
2022-04-03	01:49:00		60	0	0	0	0	0	0	0	0	0	0	0	0	0	0	0	0	0	0	0	0	0,0000	0,0000	265,3475
2022-04-03	01:50:00		60	0	0	0	0	0	0	0	0	0	0	0	0	0	0	0	0	0	0	0	0	0,0000	0,0000	265,3475
2022-04-03	01:51:00		60	0	0	0	0	0	0	0	0	0	0	0	0	0	0	0	0	0	0	0	0	0,0000	0,0000	265,3475
2022-04-03	01:52:00		60	0	0	0	0	0	0	0	0	0	0	0	0	0	0	0	0	0	0	0	0	0,0000	0,0000	265,3475
2022-04-03	01:53:00		60	0	0	0	0	0	0	0	0	0	0	0	0	0	0	0	0	0	0	0	0	0,0000	0,0000	265,3475
2022-04-03	01:54:00		60	0	0	0	0	0	0	0	0	0	0	0	0	0	0	0	0	0	0	0	0	0,0000	0,0000	265,3475
2022-04-03	01:55:00		60	0	0	0	0	0	0	0	0	0	0	0	0	0	0	0	0	0	0	0	0	0,0000	0,0000	265,3475
2022-04-03	01:56:00		60	0	0	0	0	0	0	0	0	0	0	0	0	0	0	0	0	0	0	0	0	0,0000	0,0000	265,3475
2022-04-03	01:57:00		60	0	0	0	0	0	0	0	0	0	0	0	0	0	0	0	0	0	0	0	0	0,0000	0,0000	265,3475
2022-04-03	01:58:00		60	0	0	0	0	0	0	0	0	0	0	0	0	0	0	0	0	0	0	0	0	0,0000	0,0000	265,3475
2022-04-03	01:59:00		60	8	0	0	0	0	0	0	0	0	0	0	0	0	0	0	0	0	0	0	0	0,0023	0,0000	265,3476
2022-04-03	02:00:00		60	5	0	0	0	0	0	0	0	0	0	0	0	0	0	0	0	0	0	0	0	0,0015	0,0000	265,3476
2022-04-03	02:01:00		60	0	0	0	0	0	0	0	0	0	0	0	0	0	0	0	0	0	0	0	0	0,0000	0,0000	265,3476
2022-04-03	02:02:00		60	0	0	0	0	0	0	0	0	0	0	0	0	0	0	0	0	0	0	0	0	0,0000	0,0000	265,3476
2022-04-03	02:03:00		60	0	0	0	0	0	0	0	0	0	0	0	0	0	0	0	0	0	0	0	0	0,0000	0,0000	265,3476
2022-04-03	02:04:00		60	5	0	0	0	0	0	0	0	0	0	0	0	0	0	0	0	0	0	0	0	0,0015	0,0000	265,3476
2022-04-03	02:05:00		60	0	0	0	0	0	0	0	0	0	0	0	0	0	0	0	0	0	0	0	0	0,0000	0,0000	265,3476
2022-04-03	02:06:00		60	0	0	0	0	0	0	0	0	0	0	0	0	0	0	0	0	0	0	0	0	0,0000	0,0000	265,3476
2022-04-03	02:07:00		60	0	0	0	0	0	0	0	0	0	0	0	0	0	0	0	0	0	0	0	0	0,0000	0,0000	265,3476
2022-04-03	02:08:00		60	0	0	0	0	0	0	0	0	0	0	0	0	0	0	0	0	0	0	0	0	0,0000	0,0000	265,3476
2022-04-03	02:09:00		60	0	0	0	0	0	0	0	0	0	0	0	0	0	0	0	0	0	0	0	0	0,0000	0,0000	265,3476
2022-04-03	02:10:00		60	0	0	0	0	0	0	0	0	0	0	0	0	0	0	0	0	0	0	0	0	0,0000	0,0000	265,3476
2022-04-03	02:11:00		60	4	0	0	0	0	0	0	0	0	0	0	0	0	0	0	0	0	0	0	0	0,0012	0,0000	265,3476
2022-04-03	02:12:00		60	0	0	0	0	0	0	0	0	0	0	0	0	0	0	0	0	0	0	0	0	0,0000	0,0000	265,3476
2022-04-03	02:13:00		60	0	0	0	0	0	0	0	0	0	0	0	0	0	0	0	0	0	0	0	0	0,0000	0,0000	265,3476
2022-04-03	02:14:00		60	0	0	0	0	0	0	0	0	0	0	0	0	0	0	0	0	0	0	0	0	0,0000	0,0000	265,3476
2022-04-03	02:15:00		60	0	0	0	0	0	0	0	0	0	0	0	0	0	0	0	0	0	0	0	0	0,0000	0,0000	265,3476
2022-04-03	02:16:00		60	0	0	0	0	0	0	0	0	0	0	0	0	0	0	0	0	0	0	0	0	0,0000	0,0000	265,3476
2022-04-03	02:17:00		60	0	0	0	0	0	0	0	0	0	0	0	0	0	0	0	0	0	0	0	0	0,0000	0,0000	265,3476
2022-04-03	02:18:00		60	0	0	0	0	0	0	0	0	0	0	0	0	0	0	0	0	0	0	0	0	0,0000	0,0000	265,3476
2022-04-03	02:19:00		60	0	0	0	0	0	0	0	0	0	0	0	0	0	0	0	0	0	0	0	0	0,0000	0,0000	265,3476
2022-04-03	02:20:00		60	0	0	0	0	0	0	0	0	0	0	0	0	0	0	0	0	0	0	0	0	0,0000	0,0000	265,3476
2022-04-03	02:21:00		60	0	0	0	0	0	0	0	0	0	0	0	0	0	0	0	0	0	0	0	0	0,0000	0,0000	265,3476
2022-04-03	02:22:00		60	0	0	0	0	0	0	0	0	0	0	0	0	0	0	0	0	0	0	0	0	0,0000	0,0000	265,3476
2022-04-03	02:23:00		60	0	0	0	0	0	0	0	0	0	0	0	0	0	0	0	0	0	0	0	0	0,0000	0,0000	265,3476
2022-04-03	02:24:00		60	0	0	0	0	0	0	0	0	0	0	0	0	0	0	0	0	0	0	0	0	0,0000	0,0000	265,3476
2022-04-03	02:25:00		60	0	0	0	0	0	0	0	0	0	0	0	0	0	0	0	0	0	0	0	0	0,0000	0,0000	265,3476
2022-04-03	02:26:00		60	0	0	0	0	0	0	0	0	0	0	0	0	0	0	0	0	0	0	0	0	0,0000	0,0000	265,3476
2022-04-03	02:27:00		60	0	0	0	0	0	0	0	0	0	0	0	0	0	0	0	0	0	0	0	0	0,0000	0,0000	265,3476
2022-04-03	02:28:00		60	0	0	0	0	0	0	0	0	0	0	0	0	0	0	0	0	0	0	0	0	0,0000	0,0000	265,3476
2022-04-03	02:29:00		60	0	0	0	0	0	0	0	0	0	0	0	0	0	0	0	0	0	0	0	0	0,0000	0,0000	265,3476
2022-04-03	02:30:00		60	0	0	0	0	0	0	0	0	0	0	0	0	0	0	0	0	0	0	0	0	0,0000	0,0000	265,3476
2022-04-03	02:31:00		60	0	0	0	0	0	0	0	0	0	0	0	0	0	0	0	0	0	0	0	0	0,0000	0,0000	265,3476
2022-04-03	02:32:00		60	0	0	0	0	0	0	0	0	0	0	0	0	0	0	0	0	0	0	0	0	0,0000	0,0000	265,3476
2022-04-03	02:33:00		60	0	0	0	0	0	0	0	0	0	0	0	0	0	0	0	0	0	0	0	0	0,0000	0,0000	265,3476
2022-04-03	02:34:00		60	0	0	0	0	0	0	0	0	0	0	0	0	0	0	0	0	0	0	0	0	0,0000	0,0000	265,3476
2022-04-03	02:35:00		60	0	0	0	0	0	0	0	0	0	0	0	0	0	0	0	0	0	0	0	0	0,0000	0,0000	265,3476
2022-04-03	02:36:00		60	0	0	0	0	0	0	0	0	0	0	0	0	0	0	0	0	0	0	0	0	0,0000	0,0000	265,3476
2022-04-03	02:37:00		60	0	0	0	0	0	0	0	0	0	0	0	0	0	0	0	0	0	0	0	0	0,0000	0,0000	265,3476
2022-04-03	02:38:00		60	0	0	0	0	0	0	0	0	0	0	0	0	0	0	0	0	0	0	0	0	0,0000	0,0000	265,3476
2022-04-03	02:39:00		60	0	0	0	0	0	0	0	0	0	0	0	0	0	0	0	0	0	0	0	0	0,0000	0,0000	265,3476
2022-04-03	02:40:00		60	0	0	0	0	0	0	0	0	0	0	0	0	0	0	0	0	0	0	0	0	0,0000	0,0000	265,3476
2022-04-03	02:41:00		60	0	0	0	0	0	0	0	0	0	0	0	0	0	0	0	0	0	0	0	0	0,0000	0,0000	265,3476
2022-04-03	02:42:00		60	0	0	0	0	0	0	0	0	0	0	0	0	0	0	0	0	0	0	0	0	0,0000	0,0000	265,3476
2022-04-03	02:43:00		60	0	0	0	0	0	0	0	0	0	0	0	0	0	0	0	0	0	0	0	0	0,0000	0,0000	265,3476
2022-04-03	02:44:00		60	0	0	0	0	0	0	0	0	0	0	0	0	0	0	0	0	0	0	0	0	0,0000	0,0000	265,3476
2022-04-03	02:45:00		60	0	0	0	0	0	0	0	0	0	0	0	0	0	0	0	0	0	0	0	0	0,0000	0,0000	265,3476
2022-04-03	02:46:00		60	0	0	0	0	0	0	0	0	0	0	0	0	0	0	0	0	0	0	0	0	0,0000	0,0000	265,3476
2022-04-03	02:47:00		60	0	0	0	0	0	0	0	0	0	0	0	0	0	0	0	0	0	0	0	0	0,0000	0,0000	265,3476
2022-04-03	02:48:00		60	0	0	0	0	0	0	0	0	0	0	0	0	0	0	0	0	0	0	0	0	0,0000	0,0000	265,3476
2022-04-03	02:49:00		60	0	0	0	0	0	0	0	0	0	0	0	0	0	0	0	0	0	0	0	0	0,0000	0,0000	265,3476
2022-04-03	02:50:00		60	0	0	0	0	0	0	0	0	0	0	0	0	0	0	0	0	0	0	0	0	0,0000	0,0000	265,3476
2022-04-03	02:51:00		60	0	0	0	0	0	0	0	0	0	0	0	0	0	0	0	0	0	0	0	0	0,0000	0,0000	265,3476
2022-04-03	02:52:00		60	0	0	0	0	0	0	0	0	0	0	0	0	0	0	0	0	0	0	0	0	0,0000	0,0000	265,3476
2022-04-03	02:53:00		60	0	0	0	0	0	0	0	0	0	0	0	0	0	0	0	0	0	0	0	0	0,0000	0,0000	265,3476
2022-04-03	02:54:00		60	0	0	0	0	0	0	0	0	0	0	0	0	0	0	0	0	0	0	0	0	0,0000	0,0000	265,3476
2022-04-03	02:55:00		60	0	0	0	0	0	0	0	0	0	0	0	0	0	0	0	0	0	0	0	0	0,0000	0,0000	265,3476
2022-04-03	02:56:00		60	0	0	0	0	0	0	0	0	0	0	0	0	0	0	0	0	0	0	0	0	0,0000	0,0000	265,3476
2022-04-03	02:57:00		60	6	0	0	0	0	0	0	0	0	0	0	0	0	0	0	0	0	0	0	0	0,0017	0,0000	265,3477
2022-04-03	02:58:00		60	0	0	0	0	0	0	0	0	0	0	0	0	0	0	0	0	0	0	0	0	0,0000	0,0000	265,3477
2022-04-03	02:59:00		60	10	0	0	0	0	0	0	0	0	0	0	0	0	0	0	0	0	0	0	0	0,0029	0,0000	265,3477
2022-04-03	03:00:00		60	8	0	0	0	0	0	0	0	0	0	0	0	0	0	0	0	0	0	0	0	0,0023	0,0000	265,3478
2022-04-03	03:01:00		60	0	0	0	0	0	0	0	0	0	0	0	0	0	0	0	0	0	0	0	0	0,0000	0,0000	265,3478
2022-04-03	03:02:00		60	0	0	0	0	0	1	1	1	0	1	2	0	0	0	0	0	0	0	0	0	0,1452	0,0024	265,3502
2022-04-03	03:03:00		60	1	3	1	0	0	1	5	13	7	1	1	0	0	0	0	0	0	0	0	0	0,4673	0,0078	265,3580
2022-04-03	03:04:00		60	1	6	2	4	3	5	113	84	25	7	1	0	0	0	0	0	0	0	0	0	3,0604	0,0510	265,4090
2022-04-03	03:05:00		60	3	3	6	7	5	28	362	166	27	6	0	0	0	0	0	0	0	0	0	0	6,5439	0,1091	265,5180
2022-04-03	03:06:00		60	2	5	6	9	13	115	400	79	2	0	0	0	0	0	0	0	0	0	0	0	5,3198	0,0887	265,6067
2022-04-03	03:07:00		60	4	4	2	21	20	118	77	2	0	0	0	0	0	0	0	0	0	0	0	0	1,3668	0,0228	265,6295
2022-04-03	03:08:00		60	1	0	2	32	41	38	5	0	0	0	0	0	0	0	0	0	0	0	0	0	0,4026	0,0067	265,6362
2022-04-03	03:09:00		60	2	2	2	72	20	3	0	0	0	0	0	0	0	0	0	0	0	0	0	0	0,2035	0,0034	265,6396
2022-04-03	03:10:00		60	2	0	6	55	8	0	0	0	0	0	0	0	0	0	0	0	0	0	0	0	0,1275	0,0021	265,6417
2022-04-03	03:11:00		60	2	1	38	32	0	0	0	0	0	0	0	0	0	0	0	0	0	0	0	0	0,0979	0,0016	265,6433
2022-04-03	03:12:00		60	2	2	66	26	1	0	0	0	0	0	0	0	0	0	0	0	0	0	0	0	0,1201	0,0020	265,6453
2022-04-03	03:13:00		60	4	6	62	9	0	0	0	0	0	0	0	0	0	0	0	0	0	0	0	0	0,0858	0,0014	265,6468
2022-04-03	03:14:00		60	3	13	43	7	0	0	0	0	0	0	0	0	0	0	0	0	0	0	0	0	0,0662	0,0011	265,6479
2022-04-03	03:15:00		60	4	42	12	0	0	0	0	0	0	0	0	0	0	0	0	0	0	0	0	0	0,0386	0,0006	265,6485
2022-04-03	03:16:00		60	4	67	6	0	0	0	0	0	0	0	0	0	0	0	0	0	0	0	0	0	0,0471	0,0008	265,6493
2022-04-03	03:17:00		60	6	33	3	0	0	0	0	0	0	0	0	0	0	0	0	0	0	0	0	0	0,0244	0,0004	265,6497
2022-04-03	03:18:00		60	13	21	0	0	0	0	0	0	0	0	0	0	0	0	0	0	0	0	0	0	0,0162	0,0003	265,6500
2022-04-03	03:19:00		60	16	7	0	0	0	0	0	0	0	0	0	0	0	0	0	0	0	0	0	0	0,0088	0,0001	265,6501
2022-04-03	03:20:00		60	12	2	0	0	0	0	0	0	0	0	0	0	0	0	0	0	0	0	0	0	0,0047	0,0001	265,6502
2022-04-03	03:21:00		60	0	0	0	0	0	0	0	0	0	0	0	0	0	0	0	0	0	0	0	0	0,0000	0,0000	265,6502
2022-04-03	03:22:00		60	0	0	0	0	0	0	0	0	0	0	0	0	0	0	0	0	0	0	0	0	0,0000	0,0000	265,6502
2022-04-03	03:23:00		60	4	0	0	0	0	0	0	0	0	0	0	0	0	0	0	0	0	0	0	0	0,0012	0,0000	265,6502
2022-04-03	03:24:00		60	4	0	0	0	0	0	0	0	0	0	0	0	0	0	0	0	0	0	0	0	0,0012	0,0000	265,6503
2022-04-03	03:25:00		60	0	0	0	0	0	0	0	0	0	0	0	0	0	0	0	0	0	0	0	0	0,0000	0,0000	265,6503
2022-04-03	03:26:00		60	0	0	0	0	0	0	0	0	0	0	0	0	0	0	0	0	0	0	0	0	0,0000	0,0000	265,6503
2022-04-03	03:27:00		60	0	0	0	0	0	0	0	0	0	0	0	0	0	0	0	0	0	0	0	0	0,0000	0,0000	265,6503
2022-04-03	03:28:00		60	0	0	0	0	0	0	0	0	0	0	0	0	0	0	0	0	0	0	0	0	0,0000	0,0000	265,6503
2022-04-03	03:29:00		60	0	0	0	0	0	0	0	0	0	0	0	0	0	0	0	0	0	0	0	0	0,0000	0,0000	265,6503
2022-04-03	03:30:00		60	0	0	0	0	0	0	0	0	0	0	0	0	0	0	0	0	0	0	0	0	0,0000	0,0000	265,6503
2022-04-03	03:31:00		60	0	0	0	0	0	0	0	0	0	0	0	0	0	0	0	0	0	0	0	0	0,0000	0,0000	265,6503
2022-04-03	03:32:00		60	0	0	0	0	0	0	0	0	0	0	0	0	0	0	0	0	0	0	0	0	0,0000	0,0000	265,6503
2022-04-03	03:33:00		60	0	0	0	0	0	0	0	0	0	0	0	0	0	0	0	0	0	0	0	0	0,0000	0,0000	265,6503
2022-04-03	03:34:00		60	4	0	0	0	0	0	0	0	0	0	0	0	0	0	0	0	0	0	0	0	0,0012	0,0000	265,6503
2022-04-03	03:35:00		60	0	0	0	0	0	0	0	0	0	0	0	0	0	0	0	0	0	0	0	0	0,0000	0,0000	265,6503
2022-04-03	03:36:00		60	0	0	0	0	0	0	0	0	0	0	0	0	0	0	0	0	0	0	0	0	0,0000	0,0000	265,6503
2022-04-03	03:37:00		60	0	0	0	0	0	0	0	0	0	0	0	0	0	0	0	0	0	0	0	0	0,0000	0,0000	265,6503
2022-04-03	03:38:00		60	0	0	0	0	0	0	0	0	0	0	0	0	0	0	0	0	0	0	0	0	0,0000	0,0000	265,6503
2022-04-03	03:39:00		60	0	0	0	0	0	0	0	0	0	0	0	0	0	0	0	0	0	0	0	0	0,0000	0,0000	265,6503
2022-04-03	03:40:00		60	0	0	0	0	0	0	0	0	0	0	0	0	0	0	0	0	0	0	0	0	0,0000	0,0000	265,6503
2022-04-03	03:41:00		60	0	0	0	0	0	0	0	0	0	0	0	0	0	0	0	0	0	0	0	0	0,0000	0,0000	265,6503
2022-04-03	03:42:00		60	0	0	0	0	0	0	0	0	0	0	0	0	0	0	0	0	0	0	0	0	0,0000	0,0000	265,6503
2022-04-03	03:43:00		60	0	0	0	0	0	0	0	0	0	0	0	0	0	0	0	0	0	0	0	0	0,0000	0,0000	265,6503
2022-04-03	03:44:00		60	0	0	0	0	0	0	0	0	0	0	0	0	0	0	0	0	0	0	0	0	0,0000	0,0000	265,6503
2022-04-03	03:45:00		60	0	0	0	0	0	0	0	0	0	0	0	0	0	0	0	0	0	0	0	0	0,0000	0,0000	265,6503
2022-04-03	03:46:00		60	0	0	0	0	0	0	0	0	0	0	0	0	0	0	0	0	0	0	0	0	0,0000	0,0000	265,6503
2022-04-03	03:47:00		60	0	0	0	0	0	0	0	0	0	0	0	0	0	0	0	0	0	0	0	0	0,0000	0,0000	265,6503
2022-04-03	03:48:00		60	0	0	0	0	0	0	0	0	0	0	0	0	0	0	0	0	0	0	0	0	0,0000	0,0000	265,6503
2022-04-03	03:49:00		60	0	0	0	0	0	0	0	0	0	0	0	0	0	0	0	0	0	0	0	0	0,0000	0,0000	265,6503
2022-04-03	03:50:00		60	0	0	0	0	0	0	0	0	0	0	0	0	0	0	0	0	0	0	0	0	0,0000	0,0000	265,6503
2022-04-03	03:51:00		60	0	0	0	0	0	0	0	0	0	0	0	0	0	0	0	0	0	0	0	0	0,0000	0,0000	265,6503
2022-04-03	03:52:00		60	0	0	0	0	0	0	0	0	0	0	0	0	0	0	0	0	0	0	0	0	0,0000	0,0000	265,6503
2022-04-03	03:53:00		60	0	0	0	0	0	0	0	0	0	0	0	0	0	0	0	0	0	0	0	0	0,0000	0,0000	265,6503
2022-04-03	03:54:00		60	0	0	0	0	0	0	0	0	0	0	0	0	0	0	0	0	0	0	0	0	0,0000	0,0000	265,6503
2022-04-03	03:55:00		60	0	0	0	0	0	0	0	0	0	0	0	0	0	0	0	0	0	0	0	0	0,0000	0,0000	265,6503
2022-04-03	03:56:00		60	0	0	0	0	0	0	0	0	0	0	0	0	0	0	0	0	0	0	0	0	0,0000	0,0000	265,6503
2022-04-03	03:57:00		60	0	0	0	0	0	0	0	0	0	0	0	0	0	0	0	0	0	0	0	0	0,0000	0,0000	265,6503
2022-04-03	03:58:00		60	0	0	0	0	0	0	0	0	0	0	0	0	0	0	0	0	0	0	0	0	0,0000	0,0000	265,6503
2022-04-03	03:59:00		60	8	0	0	0	0	0	0	0	0	0	0	0	0	0	0	0	0	0	0	0	0,0023	0,0000	265,6503
2022-04-03	04:00:00		60	8	0	0	0	0	0	0	0	0	0	0	0	0	0	0	0	0	0	0	0	0,0023	0,0000	265,6503
2022-04-03	04:01:00		60	0	0	0	0	0	0	0	0	0	0	0	0	0	0	0	0	0	0	0	0	0,0000	0,0000	265,6503
2022-04-03	04:02:00		60	0	0	0	0	0	0	0	0	0	0	0	0	0	0	0	0	0	0	0	0	0,0000	0,0000	265,6503
2022-04-03	04:03:00		60	0	0	0	0	0	0	0	0	0	0	0	0	0	0	0	0	0	0	0	0	0,0000	0,0000	265,6503
2022-04-03	04:04:00		60	0	0	0	0	0	0	0	0	0	0	0	0	0	0	0	0	0	0	0	0	0,0000	0,0000	265,6503
2022-04-03	04:05:00		60	0	0	0	0	0	0	0	0	0	0	0	0	0	0	0	0	0	0	0	0	0,0000	0,0000	265,6503
2022-04-03	04:06:00		60	0	0	0	0	0	0	0	0	0	0	0	0	0	0	0	0	0	0	0	0	0,0000	0,0000	265,6503
2022-04-03	04:07:00		60	0	0	0	0	0	0	0	0	0	0	0	0	0	0	0	0	0	0	0	0	0,0000	0,0000	265,6503
2022-04-03	04:08:00		60	0	0	0	0	0	0	0	0	0	0	0	0	0	0	0	0	0	0	0	0	0,0000	0,0000	265,6503
2022-04-03	04:09:00		60	0	0	0	0	0	0	0	0	0	0	0	0	0	0	0	0	0	0	0	0	0,0000	0,0000	265,6503
2022-04-03	04:10:00		60	0	0	0	0	0	0	0	0	0	0	0	0	0	0	0	0	0	0	0	0	0,0000	0,0000	265,6503
2022-04-03	04:11:00		60	0	0	0	0	0	0	0	0	0	0	0	0	0	0	0	0	0	0	0	0	0,0000	0,0000	265,6503
2022-04-03	04:12:00		60	4	0	0	0	0	0	0	0	0	0	0	0	0	0	0	0	0	0	0	0	0,0012	0,0000	265,6504
2022-04-03	04:13:00		60	0	0	0	0	0	0	0	0	0	0	0	0	0	0	0	0	0	0	0	0	0,0000	0,0000	265,6504
2022-04-03	04:14:00		60	0	0	0	0	0	0	0	0	0	0	0	0	0	0	0	0	0	0	0	0	0,0000	0,0000	265,6504
2022-04-03	04:15:00		60	0	0	0	0	0	0	0	0	0	0	0	0	0	0	0	0	0	0	0	0	0,0000	0,0000	265,6504
2022-04-03	04:16:00		60	0	0	0	0	0	0	0	0	0	0	0	0	0	0	0	0	0	0	0	0	0,0000	0,0000	265,6504
2022-04-03	04:17:00		60	0	0	0	0	0	0	0	0	0	0	0	0	0	0	0	0	0	0	0	0	0,0000	0,0000	265,6504
2022-04-03	04:18:00		60	0	0	0	0	0	0	0	0	0	0	0	0	0	0	0	0	0	0	0	0	0,0000	0,0000	265,6504
2022-04-03	04:19:00		60	0	0	0	0	0	0	0	0	0	0	0	0	0	0	0	0	0	0	0	0	0,0000	0,0000	265,6504
2022-04-03	04:20:00		60	0	0	0	0	0	0	0	0	0	0	0	0	0	0	0	0	0	0	0	0	0,0000	0,0000	265,6504
2022-04-03	04:21:00		60	0	0	0	0	0	0	0	0	0	0	0	0	0	0	0	0	0	0	0	0	0,0000	0,0000	265,6504
2022-04-03	04:22:00		60	0	0	0	0	0	0	0	0	0	0	0	0	0	0	0	0	0	0	0	0	0,0000	0,0000	265,6504
2022-04-03	04:23:00		60	0	0	0	0	0	0	0	0	0	0	0	0	0	0	0	0	0	0	0	0	0,0000	0,0000	265,6504
2022-04-03	04:24:00		60	0	0	0	0	0	0	0	0	0	0	0	0	0	0	0	0	0	0	0	0	0,0000	0,0000	265,6504
2022-04-03	04:25:00		60	0	0	0	0	0	0	0	0	0	0	0	0	0	0	0	0	0	0	0	0	0,0000	0,0000	265,6504
2022-04-03	04:26:00		60	5	0	0	0	0	0	0	0	0	0	0	0	0	0	0	0	0	0	0	0	0,0015	0,0000	265,6504
2022-04-03	04:27:00		60	0	0	0	0	0	0	0	0	0	0	0	0	0	0	0	0	0	0	0	0	0,0000	0,0000	265,6504
2022-04-03	04:28:00		60	0	0	0	0	0	0	0	0	0	0	0	0	0	0	0	0	0	0	0	0	0,0000	0,0000	265,6504
2022-04-03	04:29:00		60	0	0	0	0	0	0	0	0	0	0	0	0	0	0	0	0	0	0	0	0	0,0000	0,0000	265,6504
2022-04-03	04:30:00		60	0	0	0	0	0	0	0	0	0	0	0	0	0	0	0	0	0	0	0	0	0,0000	0,0000	265,6504
2022-04-03	04:31:00		60	4	0	0	0	0	0	0	0	0	0	0	0	0	0	0	0	0	0	0	0	0,0012	0,0000	265,6504
2022-04-03	04:32:00		60	0	0	0	0	0	0	0	0	0	0	0	0	0	0	0	0	0	0	0	0	0,0000	0,0000	265,6504
2022-04-03	04:33:00		60	0	0	0	0	0	0	0	0	0	0	0	0	0	0	0	0	0	0	0	0	0,0000	0,0000	265,6504
2022-04-03	04:34:00		60	0	0	0	0	0	0	0	0	0	0	0	0	0	0	0	0	0	0	0	0	0,0000	0,0000	265,6504
2022-04-03	04:35:00		60	0	0	0	0	0	0	0	0	0	0	0	0	0	0	0	0	0	0	0	0	0,0000	0,0000	265,6504
2022-04-03	04:36:00		60	0	0	0	0	0	0	0	0	0	0	0	0	0	0	0	0	0	0	0	0	0,0000	0,0000	265,6504
2022-04-03	04:37:00		60	0	0	0	0	0	0	0	0	0	0	0	0	0	0	0	0	0	0	0	0	0,0000	0,0000	265,6504
2022-04-03	04:38:00		60	0	0	0	0	0	0	0	0	0	0	0	0	0	0	0	0	0	0	0	0	0,0000	0,0000	265,6504
2022-04-03	04:39:00		60	0	0	0	0	0	0	0	0	0	0	0	0	0	0	0	0	0	0	0	0	0,0000	0,0000	265,6504
2022-04-03	04:40:00		60	0	0	0	0	0	0	0	0	0	0	0	0	0	0	0	0	0	0	0	0	0,0000	0,0000	265,6504
2022-04-03	04:41:00		60	0	0	0	0	0	0	0	0	0	0	0	0	0	0	0	0	0	0	0	0	0,0000	0,0000	265,6504
2022-04-03	04:42:00		60	0	0	0	0	0	0	0	0	0	0	0	0	0	0	0	0	0	0	0	0	0,0000	0,0000	265,6504
2022-04-03	04:43:00		60	0	0	0	0	0	0	0	0	0	0	0	0	0	0	0	0	0	0	0	0	0,0000	0,0000	265,6504
2022-04-03	04:44:00		60	4	0	0	0	0	0	0	0	0	0	0	0	0	0	0	0	0	0	0	0	0,0012	0,0000	265,6504
2022-04-03	04:45:00		60	0	0	0	0	0	0	0	0	0	0	0	0	0	0	0	0	0	0	0	0	0,0000	0,0000	265,6504
2022-04-03	04:46:00		60	0	0	0	0	0	0	0	0	0	0	0	0	0	0	0	0	0	0	0	0	0,0000	0,0000	265,6504
2022-04-03	04:47:00		60	0	0	0	0	0	0	0	0	0	0	0	0	0	0	0	0	0	0	0	0	0,0000	0,0000	265,6504
2022-04-03	04:48:00		60	0	0	0	0	0	0	0	0	0	0	0	0	0	0	0	0	0	0	0	0	0,0000	0,0000	265,6504
2022-04-03	04:49:00		60	0	0	0	0	0	0	0	0	0	0	0	0	0	0	0	0	0	0	0	0	0,0000	0,0000	265,6504
2022-04-03	04:50:00		60	0	0	0	0	0	0	0	0	0	0	0	0	0	0	0	0	0	0	0	0	0,0000	0,0000	265,6504
2022-04-03	04:51:00		60	0	0	0	0	0	0	0	0	0	0	0	0	0	0	0	0	0	0	0	0	0,0000	0,0000	265,6504
2022-04-03	04:52:00		60	0	0	0	0	0	0	0	0	0	0	0	0	0	0	0	0	0	0	0	0	0,0000	0,0000	265,6504
2022-04-03	04:53:00		60	0	0	0	0	0	0	0	0	0	0	0	0	0	0	0	0	0	0	0	0	0,0000	0,0000	265,6504
2022-04-03	04:54:00		60	0	0	0	0	0	0	0	0	0	0	0	0	0	0	0	0	0	0	0	0	0,0000	0,0000	265,6504
2022-04-03	04:55:00		60	0	0	0	0	0	0	0	0	0	0	0	0	0	0	0	0	0	0	0	0	0,0000	0,0000	265,6504
2022-04-03	04:56:00		60	0	0	0	0	0	0	0	0	0	0	0	0	0	0	0	0	0	0	0	0	0,0000	0,0000	265,6504
2022-04-03	04:57:00		60	0	0	0	0	0	0	0	0	0	0	0	0	0	0	0	0	0	0	0	0	0,0000	0,0000	265,6504
2022-04-03	04:58:00		60	0	0	0	0	0	0	0	0	0	0	0	0	0	0	0	0	0	0	0	0	0,0000	0,0000	265,6504
2022-04-03	04:59:00		60	10	0	0	0	0	0	0	0	0	0	0	0	0	0	0	0	0	0	0	0	0,0029	0,0000	265,6505
2022-04-03	05:00:00		60	0	0	0	0	0	0	0	0	0	0	0	0	0	0	0	0	0	0	0	0	0,0000	0,0000	265,6505
2022-04-03	05:01:00		60	0	0	0	0	0	0	0	0	0	0	0	0	0	0	0	0	0	0	0	0	0,0000	0,0000	265,6505
2022-04-03	05:02:00		60	0	0	0	0	0	0	0	0	0	0	0	0	0	0	0	0	0	0	0	0	0,0000	0,0000	265,6505
2022-04-03	05:03:00		60	0	0	0	0	0	0	0	0	0	0	0	0	0	0	0	0	0	0	0	0	0,0000	0,0000	265,6505
2022-04-03	05:04:00		60	0	0	0	0	0	0	0	0	0	0	0	0	0	0	0	0	0	0	0	0	0,0000	0,0000	265,6505
2022-04-03	05:05:00		60	0	0	0	0	0	0	0	0	0	0	0	0	0	0	0	0	0	0	0	0	0,0000	0,0000	265,6505
2022-04-03	05:06:00		60	0	0	0	0	0	0	0	0	0	0	0	0	0	0	0	0	0	0	0	0	0,0000	0,0000	265,6505
2022-04-03	05:07:00		60	0	0	0	0	0	0	0	0	0	0	0	0	0	0	0	0	0	0	0	0	0,0000	0,0000	265,6505
2022-04-03	05:08:00		60	0	0	0	0	0	0	0	0	0	0	0	0	0	0	0	0	0	0	0	0	0,0000	0,0000	265,6505
2022-04-03	05:09:00		60	0	0	0	0	0	0	0	0	0	0	0	0	0	0	0	0	0	0	0	0	0,0000	0,0000	265,6505
2022-04-03	05:10:00		60	0	0	0	0	0	0	0	0	0	0	0	0	0	0	0	0	0	0	0	0	0,0000	0,0000	265,6505
2022-04-03	05:11:00		60	0	0	0	0	0	0	0	0	0	0	0	0	0	0	0	0	0	0	0	0	0,0000	0,0000	265,6505
2022-04-03	05:12:00		60	0	0	0	0	0	0	0	0	0	0	0	0	0	0	0	0	0	0	0	0	0,0000	0,0000	265,6505
2022-04-03	05:13:00		60	0	0	0	0	0	0	0	0	0	0	0	0	0	0	0	0	0	0	0	0	0,0000	0,0000	265,6505
2022-04-03	05:14:00		60	0	0	0	0	0	0	0	0	0	0	0	0	0	0	0	0	0	0	0	0	0,0000	0,0000	265,6505
2022-04-03	05:15:00		60	0	0	0	0	0	0	0	0	0	0	0	0	0	0	0	0	0	0	0	0	0,0000	0,0000	265,6505
2022-04-03	05:16:00		60	0	0	0	0	0	0	0	0	0	0	0	0	0	0	0	0	0	0	0	0	0,0000	0,0000	265,6505
2022-04-03	05:17:00		60	0	0	0	0	0	0	0	0	0	0	0	0	0	0	0	0	0	0	0	0	0,0000	0,0000	265,6505
2022-04-03	05:18:00		60	0	0	0	0	0	0	0	0	0	0	0	0	0	0	0	0	0	0	0	0	0,0000	0,0000	265,6505
2022-04-03	05:19:00		60	0	0	0	0	0	0	0	0	0	0	0	0	0	0	0	0	0	0	0	0	0,0000	0,0000	265,6505
2022-04-03	05:20:00		60	0	0	0	0	0	0	0	0	0	0	0	0	0	0	0	0	0	0	0	0	0,0000	0,0000	265,6505
2022-04-03	05:21:00		60	0	0	0	0	0	0	0	0	0	0	0	0	0	0	0	0	0	0	0	0	0,0000	0,0000	265,6505
2022-04-03	05:22:00		60	0	0	0	0	0	0	0	0	0	0	0	0	0	0	0	0	0	0	0	0	0,0000	0,0000	265,6505
2022-04-03	05:23:00		60	0	0	0	0	0	0	0	0	0	0	0	0	0	0	0	0	0	0	0	0	0,0000	0,0000	265,6505
2022-04-03	05:24:00		60	0	0	0	0	0	0	0	0	0	0	0	0	0	0	0	0	0	0	0	0	0,0000	0,0000	265,6505
2022-04-03	05:25:00		60	0	0	0	0	0	0	0	0	0	0	0	0	0	0	0	0	0	0	0	0	0,0000	0,0000	265,6505
2022-04-03	05:26:00		60	0	0	0	0	0	0	0	0	0	0	0	0	0	0	0	0	0	0	0	0	0,0000	0,0000	265,6505
2022-04-03	05:27:00		60	0	0	0	0	0	0	0	0	0	0	0	0	0	0	0	0	0	0	0	0	0,0000	0,0000	265,6505
2022-04-03	05:28:00		60	0	0	0	0	0	0	0	0	0	0	0	0	0	0	0	0	0	0	0	0	0,0000	0,0000	265,6505
2022-04-03	05:29:00		60	0	0	0	0	0	0	0	0	0	0	0	0	0	0	0	0	0	0	0	0	0,0000	0,0000	265,6505
2022-04-03	05:30:00		60	0	0	0	0	0	0	0	0	0	0	0	0	0	0	0	0	0	0	0	0	0,0000	0,0000	265,6505
2022-04-03	05:31:00		60	4	0	0	0	0	0	0	0	0	0	0	0	0	0	0	0	0	0	0	0	0,0012	0,0000	265,6505
2022-04-03	05:32:00		60	0	0	0	0	0	0	0	0	0	0	0	0	0	0	0	0	0	0	0	0	0,0000	0,0000	265,6505
2022-04-03	05:33:00		60	4	0	0	0	0	0	0	0	0	0	0	0	0	0	0	0	0	0	0	0	0,0012	0,0000	265,6505
2022-04-03	05:34:00		60	0	0	0	0	0	0	0	0	0	0	0	0	0	0	0	0	0	0	0	0	0,0000	0,0000	265,6505
2022-04-03	05:35:00		60	0	0	0	0	0	0	0	0	0	0	0	0	0	0	0	0	0	0	0	0	0,0000	0,0000	265,6505
2022-04-03	05:36:00		60	0	0	0	0	0	0	0	0	0	0	0	0	0	0	0	0	0	0	0	0	0,0000	0,0000	265,6505
2022-04-03	05:37:00		60	0	0	0	0	0	0	0	0	0	0	0	0	0	0	0	0	0	0	0	0	0,0000	0,0000	265,6505
2022-04-03	05:38:00		60	0	0	0	0	0	0	0	0	0	0	0	0	0	0	0	0	0	0	0	0	0,0000	0,0000	265,6505
2022-04-03	05:39:00		60	0	0	0	0	0	0	0	0	0	0	0	0	0	0	0	0	0	0	0	0	0,0000	0,0000	265,6505
2022-04-03	05:40:00		60	0	0	0	0	0	0	0	0	0	0	0	0	0	0	0	0	0	0	0	0	0,0000	0,0000	265,6505
2022-04-03	05:41:00		60	0	0	0	0	0	0	0	0	0	0	0	0	0	0	0	0	0	0	0	0	0,0000	0,0000	265,6505
2022-04-03	05:42:00		60	0	0	0	0	0	0	0	0	0	0	0	0	0	0	0	0	0	0	0	0	0,0000	0,0000	265,6505
2022-04-03	05:43:00		60	0	0	0	0	0	0	0	0	0	0	0	0	0	0	0	0	0	0	0	0	0,0000	0,0000	265,6505
2022-04-03	05:44:00		60	4	0	0	0	0	0	0	0	0	0	0	0	0	0	0	0	0	0	0	0	0,0012	0,0000	265,6505
2022-04-03	05:45:00		60	0	0	0	0	0	0	0	0	0	0	0	0	0	0	0	0	0	0	0	0	0,0000	0,0000	265,6505
2022-04-03	05:46:00		60	0	0	0	0	0	0	0	0	0	0	0	0	0	0	0	0	0	0	0	0	0,0000	0,0000	265,6505
2022-04-03	05:47:00		60	0	0	0	0	0	0	0	0	0	0	0	0	0	0	0	0	0	0	0	0	0,0000	0,0000	265,6505
2022-04-03	05:48:00		60	0	0	0	0	0	0	0	0	0	0	0	0	0	0	0	0	0	0	0	0	0,0000	0,0000	265,6505
2022-04-03	05:49:00		60	0	0	0	0	0	0	0	0	0	0	0	0	0	0	0	0	0	0	0	0	0,0000	0,0000	265,6505
2022-04-03	05:50:00		60	0	0	0	0	0	0	0	0	0	0	0	0	0	0	0	0	0	0	0	0	0,0000	0,0000	265,6505
2022-04-03	05:51:00		60	4	0	0	0	0	0	0	0	0	0	0	0	0	0	0	0	0	0	0	0	0,0012	0,0000	265,6506
2022-04-03	05:52:00		60	5	0	0	0	0	0	0	0	0	0	0	0	0	0	0	0	0	0	0	0	0,0015	0,0000	265,6506
2022-04-03	05:53:00		60	4	0	0	0	0	0	0	0	0	0	0	0	0	0	0	0	0	0	0	0	0,0012	0,0000	265,6506
2022-04-03	05:54:00		60	0	0	0	0	0	0	0	0	0	0	0	0	0	0	0	0	0	0	0	0	0,0000	0,0000	265,6506
2022-04-03	05:55:00		60	0	0	0	0	0	0	0	0	0	0	0	0	0	0	0	0	0	0	0	0	0,0000	0,0000	265,6506
2022-04-03	05:56:00		60	0	0	0	0	0	0	0	0	0	0	0	0	0	0	0	0	0	0	0	0	0,0000	0,0000	265,6506
2022-04-03	05:57:00		60	0	0	0	0	0	0	0	0	0	0	0	0	0	0	0	0	0	0	0	0	0,0000	0,0000	265,6506
2022-04-03	05:58:00		60	4	0	0	0	0	0	0	0	0	0	0	0	0	0	0	0	0	0	0	0	0,0012	0,0000	265,6506
2022-04-03	05:59:00		60	9	0	0	0	0	0	0	0	0	0	0	0	0	0	0	0	0	0	0	0	0,0026	0,0000	265,6507
2022-04-03	06:00:00		60	7	0	0	0	0	0	0	0	0	0	0	0	0	0	0	0	0	0	0	0	0,0020	0,0000	265,6507
2022-04-03	06:01:00		60	0	0	0	0	0	0	0	0	0	0	0	0	0	0	0	0	0	0	0	0	0,0000	0,0000	265,6507
2022-04-03	06:02:00		60	0	0	0	0	0	0	0	0	0	0	0	0	0	0	0	0	0	0	0	0	0,0000	0,0000	265,6507
2022-04-03	06:03:00		60	0	0	0	0	0	0	0	0	0	0	0	0	0	0	0	0	0	0	0	0	0,0000	0,0000	265,6507
2022-04-03	06:04:00		60	0	0	0	0	0	0	0	0	0	0	0	0	0	0	0	0	0	0	0	0	0,0000	0,0000	265,6507
2022-04-03	06:05:00		60	0	0	0	0	0	0	0	0	0	0	0	0	0	0	0	0	0	0	0	0	0,0000	0,0000	265,6507
2022-04-03	06:06:00		60	0	0	0	0	0	0	0	0	0	0	0	0	0	0	0	0	0	0	0	0	0,0000	0,0000	265,6507
2022-04-03	06:07:00		60	0	0	0	0	0	0	0	0	0	0	0	0	0	0	0	0	0	0	0	0	0,0000	0,0000	265,6507
2022-04-03	06:08:00		60	0	0	0	0	0	0	0	0	0	0	0	0	0	0	0	0	0	0	0	0	0,0000	0,0000	265,6507
2022-04-03	06:09:00		60	0	0	0	0	0	0	0	0	0	0	0	0	0	0	0	0	0	0	0	0	0,0000	0,0000	265,6507
2022-04-03	06:10:00		60	0	0	0	0	0	0	0	0	0	0	0	0	0	0	0	0	0	0	0	0	0,0000	0,0000	265,6507
2022-04-03	06:11:00		60	0	0	0	0	0	0	0	0	0	0	0	0	0	0	0	0	0	0	0	0	0,0000	0,0000	265,6507
2022-04-03	06:12:00		60	0	0	0	0	0	0	0	0	0	0	0	0	0	0	0	0	0	0	0	0	0,0000	0,0000	265,6507
2022-04-03	06:13:00		60	0	0	0	0	0	0	0	0	0	0	0	0	0	0	0	0	0	0	0	0	0,0000	0,0000	265,6507
2022-04-03	06:14:00		60	0	0	0	0	0	0	0	0	0	0	0	0	0	0	0	0	0	0	0	0	0,0000	0,0000	265,6507
2022-04-03	06:15:00		60	0	0	0	0	0	0	0	0	0	0	0	0	0	0	0	0	0	0	0	0	0,0000	0,0000	265,6507
2022-04-03	06:16:00		60	4	0	0	0	0	0	0	0	0	0	0	0	0	0	0	0	0	0	0	0	0,0012	0,0000	265,6507
2022-04-03	06:17:00		60	0	0	0	0	0	0	0	0	0	0	0	0	0	0	0	0	0	0	0	0	0,0000	0,0000	265,6507
2022-04-03	06:18:00		60	0	0	0	0	0	0	0	0	0	0	0	0	0	0	0	0	0	0	0	0	0,0000	0,0000	265,6507
2022-04-03	06:19:00		60	0	0	0	0	0	0	0	0	0	0	0	0	0	0	0	0	0	0	0	0	0,0000	0,0000	265,6507
2022-04-03	06:20:00		60	0	0	0	0	0	0	0	0	0	0	0	0	0	0	0	0	0	0	0	0	0,0000	0,0000	265,6507
2022-04-03	06:21:00		60	0	0	0	0	0	0	0	0	0	0	0	0	0	0	0	0	0	0	0	0	0,0000	0,0000	265,6507
2022-04-03	06:22:00		60	0	0	0	0	0	0	0	0	0	0	0	0	0	0	0	0	0	0	0	0	0,0000	0,0000	265,6507
2022-04-03	06:23:00		60	0	0	0	0	0	0	0	0	0	0	0	0	0	0	0	0	0	0	0	0	0,0000	0,0000	265,6507
2022-04-03	06:24:00		60	0	0	0	0	0	0	0	0	0	0	0	0	0	0	0	0	0	0	0	0	0,0000	0,0000	265,6507
2022-04-03	06:25:00		60	0	0	0	0	0	0	0	0	0	0	0	0	0	0	0	0	0	0	0	0	0,0000	0,0000	265,6507
2022-04-03	06:26:00		60	0	0	0	0	0	0	0	0	0	0	0	0	0	0	0	0	0	0	0	0	0,0000	0,0000	265,6507
2022-04-03	06:27:00		60	0	0	0	0	0	0	0	0	0	0	0	0	0	0	0	0	0	0	0	0	0,0000	0,0000	265,6507
2022-04-03	06:28:00		60	0	0	0	0	0	0	0	0	0	0	0	0	0	0	0	0	0	0	0	0	0,0000	0,0000	265,6507
2022-04-03	06:29:00		60	0	0	0	0	0	0	0	0	0	0	0	0	0	0	0	0	0	0	0	0	0,0000	0,0000	265,6507
2022-04-03	06:30:00		60	0	0	0	0	0	0	0	0	0	0	0	0	0	0	0	0	0	0	0	0	0,0000	0,0000	265,6507
2022-04-03	06:31:00		60	0	0	0	0	0	0	0	0	0	0	0	0	0	0	0	0	0	0	0	0	0,0000	0,0000	265,6507
2022-04-03	06:32:00		60	0	0	0	0	0	0	0	0	0	0	0	0	0	0	0	0	0	0	0	0	0,0000	0,0000	265,6507
2022-04-03	06:33:00		60	0	0	0	0	0	0	0	0	0	0	0	0	0	0	0	0	0	0	0	0	0,0000	0,0000	265,6507
2022-04-03	06:34:00		60	0	0	0	0	0	0	0	0	0	0	0	0	0	0	0	0	0	0	0	0	0,0000	0,0000	265,6507
2022-04-03	06:35:00		60	0	0	0	0	0	0	0	0	0	0	0	0	0	0	0	0	0	0	0	0	0,0000	0,0000	265,6507
2022-04-03	06:36:00		60	0	0	0	0	0	0	0	0	0	0	0	0	0	0	0	0	0	0	0	0	0,0000	0,0000	265,6507
2022-04-03	06:37:00		60	0	0	0	0	0	0	0	0	0	0	0	0	0	0	0	0	0	0	0	0	0,0000	0,0000	265,6507
2022-04-03	06:38:00		60	0	0	0	0	0	0	0	0	0	0	0	0	0	0	0	0	0	0	0	0	0,0000	0,0000	265,6507
2022-04-03	06:39:00		60	0	0	0	0	0	0	0	0	0	0	0	0	0	0	0	0	0	0	0	0	0,0000	0,0000	265,6507
2022-04-03	06:40:00		60	0	0	0	0	0	0	0	0	0	0	0	0	0	0	0	0	0	0	0	0	0,0000	0,0000	265,6507
2022-04-03	06:41:00		60	0	0	0	0	0	0	0	0	0	0	0	0	0	0	0	0	0	0	0	0	0,0000	0,0000	265,6507
2022-04-03	06:42:00		60	0	0	0	0	0	0	0	0	0	0	0	0	0	0	0	0	0	0	0	0	0,0000	0,0000	265,6507
2022-04-03	06:43:00		60	0	0	0	0	0	0	0	0	0	0	0	0	0	0	0	0	0	0	0	0	0,0000	0,0000	265,6507
2022-04-03	06:44:00		60	0	0	0	0	0	0	0	0	0	0	0	0	0	0	0	0	0	0	0	0	0,0000	0,0000	265,6507
2022-04-03	06:45:00		60	0	0	0	0	0	0	0	0	0	0	0	0	0	0	0	0	0	0	0	0	0,0000	0,0000	265,6507
2022-04-03	06:46:00		60	0	0	0	0	0	0	0	0	0	0	0	0	0	0	0	0	0	0	0	0	0,0000	0,0000	265,6507
2022-04-03	06:47:00		60	0	0	0	0	0	0	0	0	0	0	0	0	0	0	0	0	0	0	0	0	0,0000	0,0000	265,6507
2022-04-03	06:48:00		60	0	0	0	0	0	0	0	0	0	0	0	0	0	0	0	0	0	0	0	0	0,0000	0,0000	265,6507
2022-04-03	06:49:00		60	0	0	0	0	0	0	0	0	0	0	0	0	0	0	0	0	0	0	0	0	0,0000	0,0000	265,6507
2022-04-03	06:50:00		60	0	0	0	0	0	0	0	0	0	0	0	0	0	0	0	0	0	0	0	0	0,0000	0,0000	265,6507
2022-04-03	06:51:00		60	0	0	0	0	0	0	0	0	0	0	0	0	0	0	0	0	0	0	0	0	0,0000	0,0000	265,6507
2022-04-03	06:52:00		60	0	0	0	0	0	0	0	0	0	0	0	0	0	0	0	0	0	0	0	0	0,0000	0,0000	265,6507
2022-04-03	06:53:00		60	0	0	0	0	0	0	0	0	0	0	0	0	0	0	0	0	0	0	0	0	0,0000	0,0000	265,6507
2022-04-03	06:54:00		60	0	0	0	0	0	0	0	0	0	0	0	0	0	0	0	0	0	0	0	0	0,0000	0,0000	265,6507
2022-04-03	06:55:00		60	0	0	0	0	0	0	0	0	0	0	0	0	0	0	0	0	0	0	0	0	0,0000	0,0000	265,6507
2022-04-03	06:56:00		60	4	0	0	0	0	0	0	0	0	0	0	0	0	0	0	0	0	0	0	0	0,0012	0,0000	265,6507
2022-04-03	06:57:00		60	0	0	0	0	0	0	0	0	0	0	0	0	0	0	0	0	0	0	0	0	0,0000	0,0000	265,6507
2022-04-03	06:58:00		60	0	0	0	0	0	0	0	0	0	0	0	0	0	0	0	0	0	0	0	0	0,0000	0,0000	265,6507
2022-04-03	06:59:00		60	6	0	0	0	0	0	0	0	0	0	0	0	0	0	0	0	0	0	0	0	0,0017	0,0000	265,6508
2022-04-03	07:00:00		60	4	0	0	0	0	0	0	0	0	0	0	0	0	0	0	0	0	0	0	0	0,0012	0,0000	265,6508
2022-04-03	07:01:00		60	0	0	0	0	0	0	0	0	0	0	0	0	0	0	0	0	0	0	0	0	0,0000	0,0000	265,6508
2022-04-03	07:02:00		60	0	0	0	0	0	0	0	0	0	0	0	0	0	0	0	0	0	0	0	0	0,0000	0,0000	265,6508
2022-04-03	07:03:00		60	0	0	0	0	0	0	0	0	0	0	0	0	0	0	0	0	0	0	0	0	0,0000	0,0000	265,6508
2022-04-03	07:04:00		60	0	0	0	0	0	0	0	0	0	0	0	0	0	0	0	0	0	0	0	0	0,0000	0,0000	265,6508
2022-04-03	07:05:00		60	0	0	0	0	0	0	0	0	0	0	0	0	0	0	0	0	0	0	0	0	0,0000	0,0000	265,6508
2022-04-03	07:06:00		60	0	0	0	0	0	0	0	0	0	0	0	0	0	0	0	0	0	0	0	0	0,0000	0,0000	265,6508
2022-04-03	07:07:00		60	0	0	0	0	0	0	0	0	0	0	0	0	0	0	0	0	0	0	0	0	0,0000	0,0000	265,6508
2022-04-03	07:08:00		60	0	0	0	0	0	0	0	0	0	0	0	0	0	0	0	0	0	0	0	0	0,0000	0,0000	265,6508
2022-04-03	07:09:00		60	0	0	0	0	0	0	0	0	0	0	0	0	0	0	0	0	0	0	0	0	0,0000	0,0000	265,6508
2022-04-03	07:10:00		60	0	0	0	0	0	0	0	0	0	0	0	0	0	0	0	0	0	0	0	0	0,0000	0,0000	265,6508
2022-04-03	07:11:00		60	0	0	0	0	0	0	0	0	0	0	0	0	0	0	0	0	0	0	0	0	0,0000	0,0000	265,6508
2022-04-03	07:12:00		60	0	0	0	0	0	0	0	0	0	0	0	0	0	0	0	0	0	0	0	0	0,0000	0,0000	265,6508
2022-04-03	07:13:00		60	4	0	0	0	0	0	0	0	0	0	0	0	0	0	0	0	0	0	0	0	0,0012	0,0000	265,6508
2022-04-03	07:14:00		60	4	0	0	0	0	0	0	0	0	0	0	0	0	0	0	0	0	0	0	0	0,0012	0,0000	265,6508
2022-04-03	07:15:00		60	0	0	0	0	0	0	0	0	0	0	0	0	0	0	0	0	0	0	0	0	0,0000	0,0000	265,6508
2022-04-03	07:16:00		60	4	0	0	0	0	0	0	0	0	0	0	0	0	0	0	0	0	0	0	0	0,0012	0,0000	265,6508
2022-04-03	07:17:00		60	0	0	0	0	0	0	0	0	0	0	0	0	0	0	0	0	0	0	0	0	0,0000	0,0000	265,6508
2022-04-03	07:18:00		60	0	0	0	0	0	0	0	0	0	0	0	0	0	0	0	0	0	0	0	0	0,0000	0,0000	265,6508
2022-04-03	07:19:00		60	0	0	0	0	0	0	0	0	0	0	0	0	0	0	0	0	0	0	0	0	0,0000	0,0000	265,6508
2022-04-03	07:20:00		60	0	0	0	0	0	0	0	0	0	0	0	0	0	0	0	0	0	0	0	0	0,0000	0,0000	265,6508
2022-04-03	07:21:00		60	0	0	0	0	0	0	0	0	0	0	0	0	0	0	0	0	0	0	0	0	0,0000	0,0000	265,6508
2022-04-03	07:22:00		60	0	0	0	0	0	0	0	0	0	0	0	0	0	0	0	0	0	0	0	0	0,0000	0,0000	265,6508
2022-04-03	07:23:00		60	0	0	0	0	0	0	0	0	0	0	0	0	0	0	0	0	0	0	0	0	0,0000	0,0000	265,6508
2022-04-03	07:24:00		60	0	0	0	0	0	0	0	0	0	0	0	0	0	0	0	0	0	0	0	0	0,0000	0,0000	265,6508
2022-04-03	07:25:00		60	0	0	0	0	0	0	0	0	0	0	0	0	0	0	0	0	0	0	0	0	0,0000	0,0000	265,6508
2022-04-03	07:26:00		60	0	0	0	0	0	0	0	0	0	0	0	0	0	0	0	0	0	0	0	0	0,0000	0,0000	265,6508
2022-04-03	07:27:00		60	0	0	0	0	0	0	0	0	0	0	0	0	0	0	0	0	0	0	0	0	0,0000	0,0000	265,6508
2022-04-03	07:28:00		60	0	0	0	0	0	0	0	0	0	0	0	0	0	0	0	0	0	0	0	0	0,0000	0,0000	265,6508
2022-04-03	07:29:00		60	0	0	0	0	0	0	0	0	0	0	0	0	0	0	0	0	0	0	0	0	0,0000	0,0000	265,6508
2022-04-03	07:30:00		60	0	0	0	0	0	0	0	0	0	0	0	0	0	0	0	0	0	0	0	0	0,0000	0,0000	265,6508
2022-04-03	07:31:00		60	4	0	0	0	0	0	0	0	0	0	0	0	0	0	0	0	0	0	0	0	0,0012	0,0000	265,6509
2022-04-03	07:32:00		60	0	0	0	0	0	0	0	0	0	0	0	0	0	0	0	0	0	0	0	0	0,0000	0,0000	265,6509
2022-04-03	07:33:00		60	0	0	0	0	0	0	0	0	0	0	0	0	0	0	0	0	0	0	0	0	0,0000	0,0000	265,6509
2022-04-03	07:34:00		60	0	0	0	0	0	0	0	0	0	0	0	0	0	0	0	0	0	0	0	0	0,0000	0,0000	265,6509
2022-04-03	07:35:00		60	0	0	0	0	0	0	0	0	0	0	0	0	0	0	0	0	0	0	0	0	0,0000	0,0000	265,6509
2022-04-03	07:36:00		60	0	0	0	0	0	0	0	0	0	0	0	0	0	0	0	0	0	0	0	0	0,0000	0,0000	265,6509
2022-04-03	07:37:00		60	0	0	0	0	0	0	0	0	0	0	0	0	0	0	0	0	0	0	0	0	0,0000	0,0000	265,6509
2022-04-03	07:38:00		60	0	0	0	0	0	0	0	0	0	0	0	0	0	0	0	0	0	0	0	0	0,0000	0,0000	265,6509
2022-04-03	07:39:00		60	0	0	0	0	0	0	0	0	0	0	0	0	0	0	0	0	0	0	0	0	0,0000	0,0000	265,6509
2022-04-03	07:40:00		60	0	0	0	0	0	0	0	0	0	0	0	0	0	0	0	0	0	0	0	0	0,0000	0,0000	265,6509
2022-04-03	07:41:00		60	0	0	0	0	0	0	0	0	0	0	0	0	0	0	0	0	0	0	0	0	0,0000	0,0000	265,6509
2022-04-03	07:42:00		60	0	0	0	0	0	0	0	0	0	0	0	0	0	0	0	0	0	0	0	0	0,0000	0,0000	265,6509
2022-04-03	07:43:00		60	0	0	0	0	0	0	0	0	0	0	0	0	0	0	0	0	0	0	0	0	0,0000	0,0000	265,6509
2022-04-03	07:44:00		60	0	0	0	0	0	0	0	0	0	0	0	0	0	0	0	0	0	0	0	0	0,0000	0,0000	265,6509
2022-04-03	07:45:00		60	0	0	0	0	0	0	0	0	0	0	0	0	0	0	0	0	0	0	0	0	0,0000	0,0000	265,6509
2022-04-03	07:46:00		60	0	0	0	0	0	0	0	0	0	0	0	0	0	0	0	0	0	0	0	0	0,0000	0,0000	265,6509
2022-04-03	07:47:00		60	0	0	0	0	0	0	0	0	0	0	0	0	0	0	0	0	0	0	0	0	0,0000	0,0000	265,6509
2022-04-03	07:48:00		60	0	0	0	0	0	0	0	0	0	0	0	0	0	0	0	0	0	0	0	0	0,0000	0,0000	265,6509
2022-04-03	07:49:00		60	0	0	0	0	0	0	0	0	0	0	0	0	0	0	0	0	0	0	0	0	0,0000	0,0000	265,6509
2022-04-03	07:50:00		60	0	0	0	0	0	0	0	0	0	0	0	0	0	0	0	0	0	0	0	0	0,0000	0,0000	265,6509
2022-04-03	07:51:00		60	0	0	0	0	0	0	0	0	0	0	0	0	0	0	0	0	0	0	0	0	0,0000	0,0000	265,6509
2022-04-03	07:52:00		60	0	0	0	0	0	0	0	0	0	0	0	0	0	0	0	0	0	0	0	0	0,0000	0,0000	265,6509
2022-04-03	07:53:00		60	0	0	0	0	0	0	0	0	0	0	0	0	0	0	0	0	0	0	0	0	0,0000	0,0000	265,6509
2022-04-03	07:54:00		60	0	0	0	0	0	0	0	0	0	0	0	0	0	0	0	0	0	0	0	0	0,0000	0,0000	265,6509
2022-04-03	07:55:00		60	0	0	0	0	0	0	0	0	0	0	0	0	0	0	0	0	0	0	0	0	0,0000	0,0000	265,6509
2022-04-03	07:56:00		60	0	0	0	0	0	0	0	0	0	0	0	0	0	0	0	0	0	0	0	0	0,0000	0,0000	265,6509
2022-04-03	07:57:00		60	0	0	0	0	0	0	0	0	0	0	0	0	0	0	0	0	0	0	0	0	0,0000	0,0000	265,6509
2022-04-03	07:58:00		60	0	0	0	0	0	0	0	0	0	0	0	0	0	0	0	0	0	0	0	0	0,0000	0,0000	265,6509
2022-04-03	07:59:00		60	5	0	0	0	0	0	0	0	0	0	0	0	0	0	0	0	0	0	0	0	0,0015	0,0000	265,6509
2022-04-03	08:00:00		60	0	0	0	0	0	0	0	0	0	0	0	0	0	0	0	0	0	0	0	0	0,0000	0,0000	265,6509
2022-04-03	08:01:00		60	0	0	0	0	0	0	0	0	0	0	0	0	0	0	0	0	0	0	0	0	0,0000	0,0000	265,6509
2022-04-03	08:02:00		60	0	0	0	0	0	0	0	0	0	0	0	0	0	0	0	0	0	0	0	0	0,0000	0,0000	265,6509
2022-04-03	08:03:00		60	0	0	0	0	0	0	0	0	0	0	0	0	0	0	0	0	0	0	0	0	0,0000	0,0000	265,6509
2022-04-03	08:04:00		60	0	0	0	0	0	0	0	0	0	0	0	0	0	0	0	0	0	0	0	0	0,0000	0,0000	265,6509
2022-04-03	08:05:00		60	0	0	0	0	0	0	0	0	0	0	0	0	0	0	0	0	0	0	0	0	0,0000	0,0000	265,6509
2022-04-03	08:06:00		60	0	0	0	0	0	0	0	0	0	0	0	0	0	0	0	0	0	0	0	0	0,0000	0,0000	265,6509
2022-04-03	08:07:00		60	0	0	0	0	0	0	0	0	0	0	0	0	0	0	0	0	0	0	0	0	0,0000	0,0000	265,6509
2022-04-03	08:08:00		60	0	0	0	0	0	0	0	0	0	0	0	0	0	0	0	0	0	0	0	0	0,0000	0,0000	265,6509
2022-04-03	08:09:00		60	0	0	0	0	0	0	0	0	0	0	0	0	0	0	0	0	0	0	0	0	0,0000	0,0000	265,6509
2022-04-03	08:10:00		60	0	0	0	0	0	0	0	0	0	0	0	0	0	0	0	0	0	0	0	0	0,0000	0,0000	265,6509
2022-04-03	08:11:00		60	0	0	0	0	0	0	0	0	0	0	0	0	0	0	0	0	0	0	0	0	0,0000	0,0000	265,6509
2022-04-03	08:12:00		60	0	0	0	0	0	0	0	0	0	0	0	0	0	0	0	0	0	0	0	0	0,0000	0,0000	265,6509
2022-04-03	08:13:00		60	0	0	0	0	0	0	0	0	0	0	0	0	0	0	0	0	0	0	0	0	0,0000	0,0000	265,6509
2022-04-03	08:14:00		60	0	0	0	0	0	0	0	0	0	0	0	0	0	0	0	0	0	0	0	0	0,0000	0,0000	265,6509
2022-04-03	08:15:00		60	0	0	0	0	0	0	0	0	0	0	0	0	0	0	0	0	0	0	0	0	0,0000	0,0000	265,6509
2022-04-03	08:16:00		60	0	0	0	0	0	0	0	0	0	0	0	0	0	0	0	0	0	0	0	0	0,0000	0,0000	265,6509
2022-04-03	08:17:00		60	0	0	0	0	0	0	0	0	0	0	0	0	0	0	0	0	0	0	0	0	0,0000	0,0000	265,6509
2022-04-03	08:18:00		60	0	0	0	0	0	0	0	0	0	0	0	0	0	0	0	0	0	0	0	0	0,0000	0,0000	265,6509
2022-04-03	08:19:00		60	0	0	0	0	0	0	0	0	0	0	0	0	0	0	0	0	0	0	0	0	0,0000	0,0000	265,6509
2022-04-03	08:20:00		60	0	0	0	0	0	0	0	0	0	0	0	0	0	0	0	0	0	0	0	0	0,0000	0,0000	265,6509
2022-04-03	08:21:00		60	0	0	0	0	0	0	0	0	0	0	0	0	0	0	0	0	0	0	0	0	0,0000	0,0000	265,6509
2022-04-03	08:22:00		60	7	0	0	0	0	0	0	0	0	0	0	0	0	0	0	0	0	0	0	0	0,0020	0,0000	265,6509
2022-04-03	08:23:00		60	7	0	0	0	0	0	0	0	0	0	0	0	0	0	0	0	0	0	0	0	0,0020	0,0000	265,6510
2022-04-03	08:24:00		60	6	0	0	0	0	0	0	0	0	0	0	0	0	0	0	0	0	0	0	0	0,0017	0,0000	265,6510
2022-04-03	08:25:00		60	4	0	0	0	0	0	0	0	0	0	0	0	0	0	0	0	0	0	0	0	0,0012	0,0000	265,6510
2022-04-03	08:26:00		60	0	0	0	0	0	0	0	0	0	0	0	0	0	0	0	0	0	0	0	0	0,0000	0,0000	265,6510
2022-04-03	08:27:00		60	0	0	0	0	0	0	0	0	0	0	0	0	0	0	0	0	0	0	0	0	0,0000	0,0000	265,6510
2022-04-03	08:28:00		60	0	0	0	0	0	0	0	0	0	0	0	0	0	0	0	0	0	0	0	0	0,0000	0,0000	265,6510
2022-04-03	08:29:00		60	0	0	0	0	0	0	0	0	0	0	0	0	0	0	0	0	0	0	0	0	0,0000	0,0000	265,6510
2022-04-03	08:30:00		60	0	0	0	0	0	0	0	0	0	0	0	0	0	0	0	0	0	0	0	0	0,0000	0,0000	265,6510
2022-04-03	08:31:00		60	0	0	0	0	0	0	0	0	0	0	0	0	0	0	0	0	0	0	0	0	0,0000	0,0000	265,6510
2022-04-03	08:32:00		60	0	0	0	0	0	0	0	0	0	0	0	0	0	0	0	0	0	0	0	0	0,0000	0,0000	265,6510
2022-04-03	08:33:00		60	0	0	0	0	0	0	0	0	0	0	0	0	0	0	0	0	0	0	0	0	0,0000	0,0000	265,6510
2022-04-03	08:34:00		60	0	0	0	0	0	0	0	0	0	0	0	0	0	0	0	0	0	0	0	0	0,0000	0,0000	265,6510
2022-04-03	08:35:00		60	0	0	0	0	0	0	0	0	0	0	0	0	0	0	0	0	0	0	0	0	0,0000	0,0000	265,6510
2022-04-03	08:36:00		60	0	0	0	0	0	0	0	0	0	0	0	0	0	0	0	0	0	0	0	0	0,0000	0,0000	265,6510
2022-04-03	08:37:00		60	0	0	0	0	0	0	0	0	0	0	0	0	0	0	0	0	0	0	0	0	0,0000	0,0000	265,6510
2022-04-03	08:38:00		60	0	0	0	0	0	0	0	0	0	0	0	0	0	0	0	0	0	0	0	0	0,0000	0,0000	265,6510
2022-04-03	08:39:00		60	6	0	0	0	0	0	0	0	0	0	0	0	0	0	0	0	0	0	0	0	0,0017	0,0000	265,6510
2022-04-03	08:40:00		60	0	0	0	0	0	0	0	0	0	0	0	0	0	0	0	0	0	0	0	0	0,0000	0,0000	265,6510
2022-04-03	08:41:00		60	0	0	0	0	0	0	0	0	0	0	0	0	0	0	0	0	0	0	0	0	0,0000	0,0000	265,6510
2022-04-03	08:42:00		60	0	0	0	0	0	0	0	0	0	0	0	0	0	0	0	0	0	0	0	0	0,0000	0,0000	265,6510
2022-04-03	08:43:00		60	0	0	0	0	0	0	0	0	0	0	0	0	0	0	0	0	0	0	0	0	0,0000	0,0000	265,6510
2022-04-03	08:44:00		60	0	0	0	0	0	0	0	0	0	0	0	0	0	0	0	0	0	0	0	0	0,0000	0,0000	265,6510
2022-04-03	08:45:00		60	0	0	0	0	0	0	0	0	0	0	0	0	0	0	0	0	0	0	0	0	0,0000	0,0000	265,6510
2022-04-03	08:46:00		60	0	0	0	0	0	0	0	0	0	0	0	0	0	0	0	0	0	0	0	0	0,0000	0,0000	265,6510
2022-04-03	08:47:00		60	0	0	0	0	0	0	0	0	0	0	0	0	0	0	0	0	0	0	0	0	0,0000	0,0000	265,6510
2022-04-03	08:48:00		60	0	0	0	0	0	0	0	0	0	0	0	0	0	0	0	0	0	0	0	0	0,0000	0,0000	265,6510
2022-04-03	08:49:00		60	0	0	0	0	0	0	0	0	0	0	0	0	0	0	0	0	0	0	0	0	0,0000	0,0000	265,6510
2022-04-03	08:50:00		60	0	0	0	0	0	0	0	0	0	0	0	0	0	0	0	0	0	0	0	0	0,0000	0,0000	265,6510
2022-04-03	08:51:00		60	0	0	0	0	0	0	0	0	0	0	0	0	0	0	0	0	0	0	0	0	0,0000	0,0000	265,6510
2022-04-03	08:52:00		60	0	0	0	0	0	0	0	0	0	0	0	0	0	0	0	0	0	0	0	0	0,0000	0,0000	265,6510
2022-04-03	08:53:00		60	0	0	0	0	0	0	0	0	0	0	0	0	0	0	0	0	0	0	0	0	0,0000	0,0000	265,6510
2022-04-03	08:54:00		60	0	0	0	0	0	0	0	0	0	0	0	0	0	0	0	0	0	0	0	0	0,0000	0,0000	265,6510
2022-04-03	08:55:00		60	0	0	0	0	0	0	0	0	0	0	0	0	0	0	0	0	0	0	0	0	0,0000	0,0000	265,6510
2022-04-03	08:56:00		60	4	0	0	0	0	0	0	0	0	0	0	0	0	0	0	0	0	0	0	0	0,0012	0,0000	265,6511
2022-04-03	08:57:00		60	0	0	0	0	0	0	0	0	0	0	0	0	0	0	0	0	0	0	0	0	0,0000	0,0000	265,6511
2022-04-03	08:58:00		60	0	0	0	0	0	0	0	0	0	0	0	0	0	0	0	0	0	0	0	0	0,0000	0,0000	265,6511
2022-04-03	08:59:00		60	4	0	0	0	0	0	0	0	0	0	0	0	0	0	0	0	0	0	0	0	0,0012	0,0000	265,6511
2022-04-03	09:00:00		60	0	0	0	0	0	0	0	0	0	0	0	0	0	0	0	0	0	0	0	0	0,0000	0,0000	265,6511
2022-04-03	09:01:00		60	0	0	0	0	0	0	0	0	0	0	0	0	0	0	0	0	0	0	0	0	0,0000	0,0000	265,6511
2022-04-03	09:02:00		60	0	0	0	0	0	0	0	0	0	0	0	0	0	0	0	0	0	0	0	0	0,0000	0,0000	265,6511
2022-04-03	09:03:00		60	0	0	0	0	0	0	0	0	0	0	0	0	0	0	0	0	0	0	0	0	0,0000	0,0000	265,6511
2022-04-03	09:04:00		60	0	0	0	0	0	0	0	0	0	0	0	0	0	0	0	0	0	0	0	0	0,0000	0,0000	265,6511
2022-04-03	09:05:00		60	0	0	0	0	0	0	0	0	0	0	0	0	0	0	0	0	0	0	0	0	0,0000	0,0000	265,6511
2022-04-03	09:06:00		60	0	0	0	0	0	0	0	0	0	0	0	0	0	0	0	0	0	0	0	0	0,0000	0,0000	265,6511
2022-04-03	09:07:00		60	0	0	0	0	0	0	0	0	0	0	0	0	0	0	0	0	0	0	0	0	0,0000	0,0000	265,6511
2022-04-03	09:08:00		60	0	0	0	0	0	0	0	0	0	0	0	0	0	0	0	0	0	0	0	0	0,0000	0,0000	265,6511
2022-04-03	09:09:00		60	0	0	0	0	0	0	0	0	0	0	0	0	0	0	0	0	0	0	0	0	0,0000	0,0000	265,6511
2022-04-03	09:10:00		60	0	0	0	0	0	0	0	0	0	0	0	0	0	0	0	0	0	0	0	0	0,0000	0,0000	265,6511
