YYYY-MM-DD	hh:mm:ss	Status	Interval [s]	n1	n2	n3	n4	n5	n6	n7	n8	n9	n10	n11	n12	n13	n14	n15	n16	n17	n18	n19	n20	RI [mm/h]	RA [mm]	RAT [mm]
2021-12-13	15:46:00		60	1	6	4	0	0	0	0	0	0	0	0	0	0	0	0	0	0	0	0	0	0,0080	0,0001	443,3488
2021-12-13	15:47:00		60	14	6	1	1	0	0	0	0	0	0	0	0	0	0	0	0	0	0	0	0	0,0104	0,0002	443,3490
2021-12-13	15:48:00		60	3	2	3	0	0	0	0	0	0	0	0	0	0	0	0	0	0	0	0	0	0,0052	0,0001	443,3491
2021-12-13	15:49:00		60	1	3	5	0	0	0	0	0	0	0	0	0	0	0	0	0	0	0	0	0	0,0073	0,0001	443,3492
2021-12-13	15:50:00		60	1	5	1	0	0	0	0	0	0	0	0	0	0	0	0	0	0	0	0	0	0,0043	0,0001	443,3493
2021-12-13	15:51:00		60	1	0	3	0	0	0	0	0	0	0	0	0	0	0	0	0	0	0	0	0	0,0034	0,0001	443,3493
2021-12-13	15:52:00		60	1	0	1	3	0	0	0	0	0	0	0	0	0	0	0	0	0	0	0	0	0,0067	0,0001	443,3494
2021-12-13	15:53:00		60	6	2	1	0	0	0	0	0	0	0	0	0	0	0	0	0	0	0	0	0	0,0040	0,0001	443,3495
2021-12-13	15:54:00		60	9	0	0	0	0	0	0	0	0	0	0	0	0	0	0	0	0	0	0	0	0,0026	0,0000	443,3496
2021-12-13	15:55:00		60	0	0	0	0	0	0	0	0	0	0	0	0	0	0	0	0	0	0	0	0	0,0000	0,0000	443,3496
2021-12-13	15:56:00		60	0	0	0	0	0	0	0	0	0	0	0	0	0	0	0	0	0	0	0	0	0,0000	0,0000	443,3496
2021-12-13	15:57:00		60	0	0	0	0	0	0	0	0	0	0	0	0	0	0	0	0	0	0	0	0	0,0000	0,0000	443,3496
2021-12-13	15:58:00		60	0	0	0	0	0	0	0	0	0	0	0	0	0	0	0	0	0	0	0	0	0,0000	0,0000	443,3496
2021-12-13	15:59:00		60	0	0	0	0	0	0	0	0	0	0	0	0	0	0	0	0	0	0	0	0	0,0000	0,0000	443,3496
2021-12-13	16:00:00		60	0	0	0	0	0	0	0	0	0	0	0	0	0	0	0	0	0	0	0	0	0,0000	0,0000	443,3496
2021-12-13	16:01:00		60	0	0	0	0	0	0	0	0	0	0	0	0	0	0	0	0	0	0	0	0	0,0000	0,0000	443,3496
2021-12-13	16:02:00		60	0	0	0	0	0	0	0	0	0	0	0	0	0	0	0	0	0	0	0	0	0,0000	0,0000	443,3496
2021-12-13	16:03:00		60	0	0	0	0	0	0	0	0	0	0	0	0	0	0	0	0	0	0	0	0	0,0000	0,0000	443,3496
2021-12-13	16:04:00		60	0	0	0	0	0	0	0	0	0	0	0	0	0	0	0	0	0	0	0	0	0,0000	0,0000	443,3496
2021-12-13	16:05:00		60	0	0	0	0	0	0	0	0	0	0	0	0	0	0	0	0	0	0	0	0	0,0000	0,0000	443,3496
2021-12-13	16:06:00		60	0	0	0	0	0	0	0	0	0	0	0	0	0	0	0	0	0	0	0	0	0,0000	0,0000	443,3496
2021-12-13	16:07:00		60	0	0	0	0	0	0	0	0	0	0	0	0	0	0	0	0	0	0	0	0	0,0000	0,0000	443,3496
2021-12-13	16:08:00		60	0	0	0	0	0	0	0	0	0	0	0	0	0	0	0	0	0	0	0	0	0,0000	0,0000	443,3496
2021-12-13	16:09:00		60	0	0	0	0	0	0	0	0	0	0	0	0	0	0	0	0	0	0	0	0	0,0000	0,0000	443,3496
2021-12-13	16:10:00		60	0	0	0	0	0	0	0	0	0	0	0	0	0	0	0	0	0	0	0	0	0,0000	0,0000	443,3496
2021-12-13	16:11:00		60	0	0	0	0	0	0	0	0	0	0	0	0	0	0	0	0	0	0	0	0	0,0000	0,0000	443,3496
2021-12-13	16:12:00		60	0	0	0	0	0	0	0	0	0	0	0	0	0	0	0	0	0	0	0	0	0,0000	0,0000	443,3496
2021-12-13	16:13:00		60	13	2	0	0	0	0	0	0	0	0	0	0	0	0	0	0	0	0	0	0	0,0050	0,0001	443,3496
2021-12-13	16:14:00		60	0	0	0	0	0	0	0	0	0	0	0	0	0	0	0	0	0	0	0	0	0,0000	0,0000	443,3496
2021-12-13	16:15:00		60	0	0	0	0	0	0	0	0	0	0	0	0	0	0	0	0	0	0	0	0	0,0000	0,0000	443,3496
2021-12-13	16:16:00		60	0	0	0	0	0	0	0	0	0	0	0	0	0	0	0	0	0	0	0	0	0,0000	0,0000	443,3496
2021-12-13	16:17:00		60	42	24	2	0	0	0	0	0	0	0	0	0	0	0	0	0	0	0	0	0	0,0285	0,0005	443,3501
2021-12-13	16:18:00		60	0	0	0	0	0	0	0	0	0	0	0	0	0	0	0	0	0	0	0	0	0,0000	0,0000	443,3501
2021-12-13	16:19:00		60	0	0	0	0	0	0	0	0	0	0	0	0	0	0	0	0	0	0	0	0	0,0000	0,0000	443,3501
2021-12-13	16:20:00		60	0	0	0	0	0	0	0	0	0	0	0	0	0	0	0	0	0	0	0	0	0,0000	0,0000	443,3501
2021-12-13	16:21:00		60	0	0	0	0	0	0	0	0	0	0	0	0	0	0	0	0	0	0	0	0	0,0000	0,0000	443,3501
2021-12-13	16:22:00		60	0	0	0	0	0	0	0	0	0	0	0	0	0	0	0	0	0	0	0	0	0,0000	0,0000	443,3501
2021-12-13	16:23:00		60	0	0	0	0	0	0	0	0	0	0	0	0	0	0	0	0	0	0	0	0	0,0000	0,0000	443,3501
2021-12-13	16:24:00		60	0	0	0	0	0	0	0	0	0	0	0	0	0	0	0	0	0	0	0	0	0,0000	0,0000	443,3501
2021-12-13	16:25:00		60	15	1	0	0	0	0	0	0	0	0	0	0	0	0	0	0	0	0	0	0	0,0050	0,0001	443,3502
2021-12-13	16:26:00		60	0	0	0	0	0	0	0	0	0	0	0	0	0	0	0	0	0	0	0	0	0,0000	0,0000	443,3502
2021-12-13	16:27:00		60	0	0	0	0	0	0	0	0	0	0	0	0	0	0	0	0	0	0	0	0	0,0000	0,0000	443,3502
2021-12-13	16:28:00		60	0	0	0	0	0	0	0	0	0	0	0	0	0	0	0	0	0	0	0	0	0,0000	0,0000	443,3502
2021-12-13	16:29:00		60	0	0	0	0	0	0	0	0	0	0	0	0	0	0	0	0	0	0	0	0	0,0000	0,0000	443,3502
2021-12-13	16:30:00		60	0	0	0	0	0	0	0	0	0	0	0	0	0	0	0	0	0	0	0	0	0,0000	0,0000	443,3502
2021-12-13	16:31:00		60	0	0	0	0	0	0	0	0	0	0	0	0	0	0	0	0	0	0	0	0	0,0000	0,0000	443,3502
2021-12-13	16:32:00		60	0	0	0	0	0	0	0	0	0	0	0	0	0	0	0	0	0	0	0	0	0,0000	0,0000	443,3502
2021-12-13	16:33:00		60	0	0	0	0	0	0	0	0	0	0	0	0	0	0	0	0	0	0	0	0	0,0000	0,0000	443,3502
2021-12-13	16:34:00		60	10	10	0	0	0	0	0	0	0	0	0	0	0	0	0	0	0	0	0	0	0,0088	0,0001	443,3503
2021-12-13	16:35:00		60	0	0	0	0	0	0	0	0	0	0	0	0	0	0	0	0	0	0	0	0	0,0000	0,0000	443,3503
2021-12-13	16:36:00		60	7	12	3	0	0	0	0	0	0	0	0	0	0	0	0	0	0	0	0	0	0,0123	0,0002	443,3505
2021-12-13	16:37:00		60	3	2	0	0	1	0	0	0	0	0	0	0	0	0	0	0	0	0	0	0	0,0049	0,0001	443,3506
2021-12-13	16:38:00		60	0	0	0	0	0	0	0	0	0	0	0	0	0	0	0	0	0	0	0	0	0,0000	0,0000	443,3506
2021-12-13	16:39:00		60	0	0	0	0	0	0	0	0	0	0	0	0	0	0	0	0	0	0	0	0	0,0000	0,0000	443,3506
2021-12-13	16:40:00		60	0	0	0	0	0	0	0	0	0	0	0	0	0	0	0	0	0	0	0	0	0,0000	0,0000	443,3506
2021-12-13	16:41:00		60	0	0	0	0	0	0	0	0	0	0	0	0	0	0	0	0	0	0	0	0	0,0000	0,0000	443,3506
2021-12-13	16:42:00		60	0	0	0	0	0	0	0	0	0	0	0	0	0	0	0	0	0	0	0	0	0,0000	0,0000	443,3506
2021-12-13	16:43:00		60	0	0	0	0	0	0	0	0	0	0	0	0	0	0	0	0	0	0	0	0	0,0000	0,0000	443,3506
2021-12-13	16:44:00		60	0	0	0	0	0	0	0	0	0	0	0	0	0	0	0	0	0	0	0	0	0,0000	0,0000	443,3506
2021-12-13	16:45:00		60	0	0	0	0	0	0	0	0	0	0	0	0	0	0	0	0	0	0	0	0	0,0000	0,0000	443,3506
2021-12-13	16:46:00		60	0	0	0	0	0	0	0	0	0	0	0	0	0	0	0	0	0	0	0	0	0,0000	0,0000	443,3506
2021-12-13	16:47:00		60	0	0	0	0	0	0	0	0	0	0	0	0	0	0	0	0	0	0	0	0	0,0000	0,0000	443,3506
2021-12-13	16:48:00		60	0	0	0	0	0	0	0	0	0	0	0	0	0	0	0	0	0	0	0	0	0,0000	0,0000	443,3506
2021-12-13	16:49:00		60	0	0	0	0	0	0	0	0	0	0	0	0	0	0	0	0	0	0	0	0	0,0000	0,0000	443,3506
2021-12-13	16:50:00		60	0	0	0	0	0	0	0	0	0	0	0	0	0	0	0	0	0	0	0	0	0,0000	0,0000	443,3506
2021-12-13	16:51:00		60	0	0	0	0	0	0	0	0	0	0	0	0	0	0	0	0	0	0	0	0	0,0000	0,0000	443,3506
2021-12-13	16:52:00		60	0	0	0	0	0	0	0	0	0	0	0	0	0	0	0	0	0	0	0	0	0,0000	0,0000	443,3506
2021-12-13	16:53:00		60	0	0	0	0	0	0	0	0	0	0	0	0	0	0	0	0	0	0	0	0	0,0000	0,0000	443,3506
2021-12-13	16:54:00		60	0	0	0	0	0	0	0	0	0	0	0	0	0	0	0	0	0	0	0	0	0,0000	0,0000	443,3506
2021-12-13	16:55:00		60	0	0	0	0	0	0	0	0	0	0	0	0	0	0	0	0	0	0	0	0	0,0000	0,0000	443,3506
2021-12-13	16:56:00		60	0	0	0	0	0	0	0	0	0	0	0	0	0	0	0	0	0	0	0	0	0,0000	0,0000	443,3506
2021-12-13	16:57:00		60	20	5	1	1	0	0	0	0	0	0	0	0	0	0	0	0	0	0	0	0	0,0116	0,0002	443,3508
2021-12-13	16:58:00		60	14	2	2	0	0	0	0	0	0	0	0	0	0	0	0	0	0	0	0	0	0,0074	0,0001	443,3509
2021-12-13	16:59:00		60	0	0	0	0	0	0	0	0	0	0	0	0	0	0	0	0	0	0	0	0	0,0000	0,0000	443,3509
2021-12-13	17:00:00		60	0	0	0	0	0	0	0	0	0	0	0	0	0	0	0	0	0	0	0	0	0,0000	0,0000	443,3509
2021-12-13	17:01:00		60	0	0	0	0	0	0	0	0	0	0	0	0	0	0	0	0	0	0	0	0	0,0000	0,0000	443,3509
2021-12-13	17:02:00		60	0	0	0	0	0	0	0	0	0	0	0	0	0	0	0	0	0	0	0	0	0,0000	0,0000	443,3509
2021-12-13	17:03:00		60	0	0	0	0	0	0	0	0	0	0	0	0	0	0	0	0	0	0	0	0	0,0000	0,0000	443,3509
2021-12-13	17:04:00		60	0	0	0	0	0	0	0	0	0	0	0	0	0	0	0	0	0	0	0	0	0,0000	0,0000	443,3509
2021-12-13	17:05:00		60	0	0	0	0	0	0	0	0	0	0	0	0	0	0	0	0	0	0	0	0	0,0000	0,0000	443,3509
2021-12-13	17:06:00		60	0	0	0	0	0	0	0	0	0	0	0	0	0	0	0	0	0	0	0	0	0,0000	0,0000	443,3509
2021-12-13	17:07:00		60	0	0	0	0	0	0	0	0	0	0	0	0	0	0	0	0	0	0	0	0	0,0000	0,0000	443,3509
2021-12-13	17:08:00		60	0	0	0	0	0	0	0	0	0	0	0	0	0	0	0	0	0	0	0	0	0,0000	0,0000	443,3509
2021-12-13	17:09:00		60	0	0	0	0	0	0	0	0	0	0	0	0	0	0	0	0	0	0	0	0	0,0000	0,0000	443,3509
2021-12-13	17:10:00		60	0	0	0	0	0	0	0	0	0	0	0	0	0	0	0	0	0	0	0	0	0,0000	0,0000	443,3509
2021-12-13	17:11:00		60	0	0	0	0	0	0	0	0	0	0	0	0	0	0	0	0	0	0	0	0	0,0000	0,0000	443,3509
2021-12-13	17:12:00		60	0	0	0	0	0	0	0	0	0	0	0	0	0	0	0	0	0	0	0	0	0,0000	0,0000	443,3509
2021-12-13	17:13:00		60	0	0	0	0	0	0	0	0	0	0	0	0	0	0	0	0	0	0	0	0	0,0000	0,0000	443,3509
2021-12-13	17:14:00		60	0	0	0	0	0	0	0	0	0	0	0	0	0	0	0	0	0	0	0	0	0,0000	0,0000	443,3509
2021-12-13	17:15:00		60	0	0	0	0	0	0	0	0	0	0	0	0	0	0	0	0	0	0	0	0	0,0000	0,0000	443,3509
2021-12-13	17:16:00		60	0	0	0	0	0	0	0	0	0	0	0	0	0	0	0	0	0	0	0	0	0,0000	0,0000	443,3509
2021-12-13	17:17:00		60	0	0	0	0	0	0	0	0	0	0	0	0	0	0	0	0	0	0	0	0	0,0000	0,0000	443,3509
2021-12-13	17:18:00		60	10	0	0	0	0	0	0	0	0	0	0	0	0	0	0	0	0	0	0	0	0,0029	0,0000	443,3510
2021-12-13	17:19:00		60	0	0	0	0	0	0	0	0	0	0	0	0	0	0	0	0	0	0	0	0	0,0000	0,0000	443,3510
2021-12-13	17:20:00		60	0	0	0	0	0	0	0	0	0	0	0	0	0	0	0	0	0	0	0	0	0,0000	0,0000	443,3510
2021-12-13	17:21:00		60	0	0	0	0	0	0	0	0	0	0	0	0	0	0	0	0	0	0	0	0	0,0000	0,0000	443,3510
2021-12-13	17:22:00		60	0	0	0	0	0	0	0	0	0	0	0	0	0	0	0	0	0	0	0	0	0,0000	0,0000	443,3510
2021-12-13	17:23:00		60	0	0	0	0	0	0	0	0	0	0	0	0	0	0	0	0	0	0	0	0	0,0000	0,0000	443,3510
2021-12-13	17:24:00		60	0	0	0	0	0	0	0	0	0	0	0	0	0	0	0	0	0	0	0	0	0,0000	0,0000	443,3510
2021-12-13	17:25:00		60	0	0	0	0	0	0	0	0	0	0	0	0	0	0	0	0	0	0	0	0	0,0000	0,0000	443,3510
2021-12-13	17:26:00		60	0	0	0	0	0	0	0	0	0	0	0	0	0	0	0	0	0	0	0	0	0,0000	0,0000	443,3510
2021-12-13	17:27:00		60	0	0	0	0	0	0	0	0	0	0	0	0	0	0	0	0	0	0	0	0	0,0000	0,0000	443,3510
2021-12-13	17:28:00		60	4	0	0	0	0	0	0	0	0	0	0	0	0	0	0	0	0	0	0	0	0,0012	0,0000	443,3510
2021-12-13	17:29:00		60	0	0	1	0	0	0	0	0	0	0	0	0	0	0	0	0	0	0	0	0	0,0011	0,0000	443,3510
2021-12-13	17:30:00		60	0	0	3	0	0	0	0	0	0	0	0	0	0	0	0	0	0	0	0	0	0,0032	0,0001	443,3511
2021-12-13	17:31:00		60	1	0	3	0	0	0	0	0	0	0	0	0	0	0	0	0	0	0	0	0	0,0034	0,0001	443,3511
2021-12-13	17:32:00		60	0	0	0	0	0	0	0	0	0	0	0	0	0	0	0	0	0	0	0	0	0,0000	0,0000	443,3511
2021-12-13	17:33:00		60	0	0	0	0	0	0	0	0	0	0	0	0	0	0	0	0	0	0	0	0	0,0000	0,0000	443,3511
2021-12-13	17:34:00		60	0	0	0	0	0	0	0	0	0	0	0	0	0	0	0	0	0	0	0	0	0,0000	0,0000	443,3511
2021-12-13	17:35:00		60	10	3	1	2	1	0	0	0	0	0	0	0	0	0	0	0	0	0	0	0	0,0122	0,0002	443,3513
2021-12-13	17:36:00		60	1	2	2	1	1	1	0	0	0	0	0	0	0	0	0	0	0	0	0	0	0,0130	0,0002	443,3516
2021-12-13	17:37:00		60	9	9	2	15	15	15	12	0	0	0	0	0	0	0	0	0	0	0	0	0	0,2564	0,0043	443,3558
2021-12-13	17:38:00		60	20	21	18	23	8	7	5	0	0	0	0	0	0	0	0	0	0	0	0	0	0,1781	0,0030	443,3588
2021-12-13	17:39:00		60	25	25	28	12	14	2	0	0	0	0	0	0	0	0	0	0	0	0	0	0	0,1227	0,0020	443,3608
2021-12-13	17:40:00		60	18	38	34	23	6	3	0	0	0	0	0	0	0	0	0	0	0	0	0	0	0,1359	0,0023	443,3631
2021-12-13	17:41:00		60	19	33	32	21	1	0	2	0	0	0	0	0	0	0	0	0	0	0	0	0	0,1163	0,0019	443,3650
2021-12-13	17:42:00		60	24	28	14	6	4	2	0	0	0	0	0	0	0	0	0	0	0	0	0	0	0,0700	0,0012	443,3662
2021-12-13	17:43:00		60	17	19	17	10	1	0	0	0	0	0	0	0	0	0	0	0	0	0	0	0	0,0547	0,0009	443,3671
2021-12-13	17:44:00		60	21	69	41	1	0	0	0	0	0	0	0	0	0	0	0	0	0	0	0	0	0,0918	0,0015	443,3687
2021-12-13	17:45:00		60	26	49	13	7	1	1	0	0	0	0	0	0	0	0	0	0	0	0	0	0	0,0703	0,0012	443,3698
2021-12-13	17:46:00		60	24	86	44	17	2	1	1	1	0	0	0	0	0	0	0	0	0	0	0	0	0,1684	0,0028	443,3726
2021-12-13	17:47:00		60	36	82	89	50	6	5	0	0	1	0	0	0	0	0	0	0	0	0	0	0	0,3039	0,0051	443,3777
2021-12-13	17:48:00		60	45	104	91	41	12	6	0	0	3	4	4	0	0	0	0	0	0	0	0	0	0,6623	0,0110	443,3887
2021-12-13	17:49:00		60	38	77	80	22	21	6	0	11	14	15	5	0	0	0	0	0	0	0	0	0	1,3869	0,0231	443,4119
2021-12-13	17:50:00		60	61	86	41	17	12	18	15	13	13	26	12	0	0	0	0	0	0	0	0	0	2,1462	0,0358	443,4476
2021-12-13	17:51:00		60	69	61	39	47	46	49	50	90	63	45	37	3	1	0	0	0	0	0	0	0	6,9251	0,1154	443,5630
2021-12-13	17:52:00		60	50	45	32	62	27	38	68	91	73	35	10	2	0	0	0	0	0	0	0	0	5,5521	0,0925	443,6556
2021-12-13	17:53:00		60	45	42	30	31	37	81	113	74	14	5	2	4	0	0	0	0	0	0	0	0	3,5246	0,0587	443,7143
2021-12-13	17:54:00		60	124	32	32	32	37	80	137	58	21	13	40	13	4	1	0	0	0	0	0	0	6,7983	0,1133	443,8276
2021-12-13	17:55:00		60	96	40	24	37	29	81	156	45	14	46	52	6	0	0	0	0	0	0	0	0	6,9952	0,1166	443,9442
2021-12-13	17:56:00		60	156	39	28	31	39	88	162	50	27	39	70	37	5	0	0	0	0	0	0	0	10,8483	0,1808	444,1250
2021-12-13	17:57:00		60	118	41	27	44	41	81	140	58	39	67	105	31	8	1	0	0	0	0	0	0	13,4048	0,2234	444,3484
2021-12-13	17:58:00		60	78	65	45	57	76	87	128	90	37	42	106	98	24	14	5	0	0	0	0	0	22,7680	0,3795	444,7279
2021-12-13	17:59:00		60	79	66	41	81	55	70	149	90	53	47	131	126	34	23	2	2	0	0	0	0	28,8256	0,4804	445,2083
2021-12-13	18:00:00		60	9	16	27	42	47	72	138	113	79	87	187	144	60	34	28	5	5	0	0	0	46,9237	0,7821	445,9904
2021-12-13	18:01:00		60	1	5	15	19	40	65	124	110	103	102	202	172	68	40	29	10	4	1	0	0	53,7793	0,8963	446,8867
2021-12-13	18:02:00		60	6	15	16	32	36	81	125	122	91	79	186	120	59	21	23	2	0	0	0	0	39,3769	0,6563	447,5430
2021-12-13	18:03:00		60	0	12	8	15	20	59	135	138	118	108	195	150	69	32	32	10	3	0	0	0	51,4317	0,8572	448,4002
2021-12-13	18:04:00		60	1	6	11	21	25	64	147	116	94	116	211	186	86	31	17	5	3	0	0	0	51,5002	0,8583	449,2585
2021-12-13	18:05:00		60	1	6	15	35	37	86	139	144	107	137	255	149	52	22	12	3	2	0	0	0	45,1690	0,7528	450,0113
2021-12-13	18:06:00		60	3	8	23	55	46	80	159	142	101	144	231	108	38	17	2	0	1	0	0	0	35,8765	0,5979	450,6093
2021-12-13	18:07:00		60	19	15	30	51	43	88	166	131	137	150	219	83	9	0	0	0	0	0	0	0	27,9675	0,4661	451,0754
2021-12-13	18:08:00		60	16	54	72	62	40	91	172	148	124	131	158	27	2	0	0	0	0	0	0	0	20,0393	0,3340	451,4094
2021-12-13	18:09:00		60	27	39	42	55	46	75	159	159	124	115	74	8	1	0	0	0	0	0	0	0	14,3421	0,2390	451,6484
2021-12-13	18:10:00		60	29	40	28	39	37	75	140	153	142	106	81	13	1	0	0	0	0	0	0	0	14,8144	0,2469	451,8953
2021-12-13	18:11:00		60	33	17	23	42	32	81	167	181	112	79	119	23	3	0	0	0	0	0	0	0	16,6500	0,2775	452,1728
2021-12-13	18:12:00		60	39	44	40	52	45	82	175	125	100	62	72	17	0	0	0	0	0	0	0	0	12,4113	0,2069	452,3797
2021-12-13	18:13:00		60	38	38	40	45	50	106	175	139	105	93	99	23	2	0	0	0	0	0	0	0	15,5751	0,2596	452,6393
2021-12-13	18:14:00		60	40	41	57	41	54	71	125	151	114	88	77	22	12	8	2	0	0	0	0	0	16,8651	0,2811	452,9204
2021-12-13	18:15:00		60	22	22	23	40	36	78	125	146	128	104	171	143	39	6	2	1	0	0	0	0	33,2857	0,5548	453,4751
2021-12-13	18:16:00		60	28	41	51	66	56	105	178	146	117	105	117	55	7	2	0	0	0	0	0	0	20,3179	0,3386	453,8138
2021-12-13	18:17:00		60	35	46	33	60	46	107	173	150	109	81	56	6	2	0	0	0	0	0	0	0	12,3550	0,2059	454,0197
2021-12-13	18:18:00		60	38	48	59	66	54	131	153	74	41	23	9	0	0	0	0	0	0	0	0	0	5,3752	0,0896	454,1093
2021-12-13	18:19:00		60	22	54	69	62	35	88	87	53	15	9	2	0	0	0	0	0	0	0	0	0	2,9582	0,0493	454,1586
2021-12-13	18:20:00		60	13	62	53	88	38	97	96	25	5	0	0	0	0	0	0	0	0	0	0	0	2,1416	0,0357	454,1943
2021-12-13	18:21:00		60	31	60	79	74	29	72	79	19	6	0	0	0	0	0	0	0	0	0	0	0	1,7868	0,0298	454,2240
2021-12-13	18:22:00		60	43	64	81	49	55	93	113	27	5	7	7	2	0	0	0	0	0	0	0	0	2,9750	0,0496	454,2736
2021-12-13	18:23:00		60	18	61	87	54	41	83	113	52	35	11	11	1	0	0	0	0	0	0	0	0	4,1265	0,0688	454,3424
2021-12-13	18:24:00		60	33	49	59	50	31	72	149	80	42	35	30	0	0	0	0	0	0	0	0	0	6,3433	0,1057	454,4481
2021-12-13	18:25:00		60	37	67	51	45	65	123	177	95	70	46	31	4	0	0	0	0	0	0	0	0	8,4000	0,1400	454,5881
2021-12-13	18:26:00		60	25	44	53	62	53	119	252	163	88	42	13	0	0	0	0	0	0	0	0	0	9,2139	0,1536	454,7417
2021-12-13	18:27:00		60	20	46	30	43	54	140	230	147	80	42	21	1	0	0	0	0	0	0	0	0	9,0820	0,1514	454,8930
2021-12-13	18:28:00		60	23	33	32	40	52	118	228	150	49	29	9	0	0	0	0	0	0	0	0	0	7,3462	0,1224	455,0155
2021-12-13	18:29:00		60	20	10	24	53	53	119	267	130	56	32	18	6	0	0	0	0	0	0	0	0	8,4654	0,1411	455,1566
2021-12-13	18:30:00		60	22	22	36	77	72	148	288	178	96	60	26	5	1	0	0	0	0	0	0	0	11,6740	0,1946	455,3511
2021-12-13	18:31:00		60	32	23	49	87	48	81	112	74	40	35	7	5	0	0	0	0	0	0	0	0	5,3718	0,0895	455,4407
2021-12-13	18:32:00		60	17	28	48	90	87	68	20	10	5	4	3	0	0	0	0	0	0	0	0	0	1,4852	0,0248	455,4654
2021-12-13	18:33:00		60	19	23	37	93	118	166	106	22	6	1	0	0	0	0	0	0	0	0	0	0	2,7660	0,0461	455,5115
2021-12-13	18:34:00		60	15	27	47	138	117	138	40	3	1	0	0	0	0	0	0	0	0	0	0	0	1,7266	0,0288	455,5403
2021-12-13	18:35:00		60	20	38	53	101	100	141	41	6	1	0	0	0	0	0	0	0	0	0	0	0	1,6938	0,0282	455,5685
2021-12-13	18:36:00		60	29	65	91	111	74	109	77	10	0	0	0	0	0	0	0	0	0	0	0	0	1,8944	0,0316	455,6001
2021-12-13	18:37:00		60	26	49	110	112	99	161	68	4	1	0	0	0	0	0	0	0	0	0	0	0	2,0804	0,0347	455,6348
2021-12-13	18:38:00		60	24	44	46	75	90	204	172	20	3	0	0	0	0	0	0	0	0	0	0	0	3,3119	0,0552	455,6900
2021-12-13	18:39:00		60	36	50	19	44	81	199	102	11	1	0	0	0	0	0	0	0	0	0	0	0	2,3981	0,0400	455,7299
2021-12-13	18:40:00		60	48	44	15	26	60	145	127	14	0	0	0	0	0	0	0	0	0	0	0	0	2,2846	0,0381	455,7680
2021-12-13	18:41:00		60	38	48	28	30	24	104	75	5	0	0	0	0	0	0	0	0	0	0	0	0	1,4176	0,0236	455,7916
2021-12-13	18:42:00		60	40	77	27	10	5	20	11	2	0	0	0	0	0	0	0	0	0	0	0	0	0,3390	0,0057	455,7973
2021-12-13	18:43:00		60	34	45	26	1	14	7	2	0	0	0	0	0	0	0	0	0	0	0	0	0	0,1569	0,0026	455,7999
2021-12-13	18:44:00		60	44	26	7	4	5	7	1	0	0	0	1	0	0	0	0	0	0	0	0	0	0,1432	0,0024	455,8023
2021-12-13	18:45:00		60	45	10	8	2	11	4	0	0	0	1	0	0	0	0	0	0	0	0	0	0	0,1108	0,0018	455,8041
2021-12-13	18:46:00		60	6	3	0	0	0	0	1	0	1	0	0	0	0	0	0	0	0	0	0	0	0,0337	0,0006	455,8047
2021-12-13	18:47:00		60	5	2	2	0	0	0	0	0	0	0	1	0	0	0	0	0	0	0	0	0	0,0487	0,0008	455,8055
2021-12-13	18:48:00		60	3	0	0	0	0	1	0	0	0	0	1	0	0	0	0	0	0	0	0	0	0,0496	0,0008	455,8063
2021-12-13	18:49:00		60	2	1	2	18	2	0	0	0	0	2	0	0	0	0	0	0	0	0	0	0	0,0990	0,0016	455,8080
2021-12-13	18:50:00		60	12	2	1	4	1	2	2	2	0	0	1	1	1	0	0	0	0	0	0	0	0,2971	0,0050	455,8129
2021-12-13	18:51:00		60	2	0	0	0	0	2	2	2	1	0	0	0	0	0	0	0	0	0	0	0	0,0787	0,0013	455,8142
2021-12-13	18:52:00		60	2	0	0	0	0	0	5	5	0	1	2	0	0	0	0	0	0	0	0	0	0,2352	0,0039	455,8182
2021-12-13	18:53:00		60	1	1	0	0	0	1	7	7	2	1	0	0	0	0	0	0	0	0	0	0	0,2424	0,0040	455,8222
2021-12-13	18:54:00		60	3	13	1	0	0	0	4	6	6	1	1	0	0	0	0	0	0	0	0	0	0,3351	0,0056	455,8278
2021-12-13	18:55:00		60	6	8	0	0	1	0	5	2	2	2	0	0	0	0	0	0	0	0	0	0	0,1836	0,0031	455,8309
2021-12-13	18:56:00		60	0	1	1	0	0	1	6	3	0	1	1	0	0	0	0	0	0	0	0	0	0,1762	0,0029	455,8338
2021-12-13	18:57:00		60	0	1	0	0	1	3	6	4	2	1	0	0	0	0	0	0	0	0	0	0	0,2014	0,0034	455,8371
2021-12-13	18:58:00		60	1	0	0	0	0	1	1	5	1	0	0	0	0	0	0	0	0	0	0	0	0,1093	0,0018	455,8390
2021-12-13	18:59:00		60	1	0	0	0	4	4	5	4	0	1	0	0	0	0	0	0	0	0	0	0	0,1629	0,0027	455,8417
2021-12-13	19:00:00		60	0	0	1	0	0	3	4	3	0	1	0	0	0	0	0	0	0	0	0	0	0,1238	0,0021	455,8437
2021-12-13	19:01:00		60	1	0	0	0	0	2	8	4	0	0	0	0	0	0	0	0	0	0	0	0	0,1390	0,0023	455,8461
2021-12-13	19:02:00		60	1	0	0	0	0	1	7	0	0	0	0	0	0	0	0	0	0	0	0	0	0,0662	0,0011	455,8472
2021-12-13	19:03:00		60	0	0	0	0	0	1	3	0	0	0	0	0	0	0	0	0	0	0	0	0	0,0310	0,0005	455,8477
2021-12-13	19:04:00		60	0	1	0	0	2	2	1	0	0	0	1	0	0	0	0	0	0	0	0	0	0,0686	0,0011	455,8488
2021-12-13	19:05:00		60	0	0	0	2	2	1	1	1	0	0	0	0	0	0	0	0	0	0	0	0	0,0376	0,0006	455,8495
2021-12-13	19:06:00		60	0	1	0	1	0	0	2	0	0	0	0	0	0	0	0	0	0	0	0	0	0,0198	0,0003	455,8498
2021-12-13	19:07:00		60	1	0	2	3	0	4	2	0	1	0	0	0	0	0	0	0	0	0	0	0	0,0658	0,0011	455,8509
2021-12-13	19:08:00		60	1	0	1	0	0	0	0	0	0	0	0	0	0	0	0	0	0	0	0	0	0,0013	0,0000	455,8509
2021-12-13	19:09:00		60	0	1	0	1	1	2	2	0	0	0	0	0	0	0	0	0	0	0	0	0	0,0323	0,0005	455,8514
2021-12-13	19:10:00		60	0	0	0	1	3	5	2	0	0	0	0	0	0	0	0	0	0	0	0	0	0,0518	0,0009	455,8523
2021-12-13	19:11:00		60	1	0	2	0	1	3	1	0	0	0	0	0	0	0	0	0	0	0	0	0	0,0284	0,0005	455,8528
2021-12-13	19:12:00		60	0	2	4	1	1	3	1	0	0	0	0	0	0	0	0	0	0	0	0	0	0,0331	0,0006	455,8533
2021-12-13	19:13:00		60	0	1	1	0	0	0	0	0	0	0	0	0	0	0	0	0	0	0	0	0	0,0016	0,0000	455,8534
2021-12-13	19:14:00		60	0	1	0	0	0	1	0	0	0	0	0	0	0	0	0	0	0	0	0	0	0,0054	0,0001	455,8534
2021-12-13	19:15:00		60	0	0	0	1	0	0	0	0	0	0	0	0	0	0	0	0	0	0	0	0	0,0018	0,0000	455,8535
2021-12-13	19:16:00		60	0	0	2	0	0	0	0	0	0	0	0	0	0	0	0	0	0	0	0	0	0,0021	0,0000	455,8535
2021-12-13	19:17:00		60	0	2	0	1	0	0	0	0	0	0	0	0	0	0	0	0	0	0	0	0	0,0030	0,0000	455,8536
2021-12-13	19:18:00		60	0	0	0	0	0	0	0	0	0	0	0	0	0	0	0	0	0	0	0	0	0,0000	0,0000	455,8536
2021-12-13	19:19:00		60	0	1	0	0	1	0	0	0	0	0	0	0	0	0	0	0	0	0	0	0	0,0035	0,0001	455,8536
2021-12-13	19:20:00		60	0	0	4	1	0	0	0	0	0	0	0	0	0	0	0	0	0	0	0	0	0,0060	0,0001	455,8537
2021-12-13	19:21:00		60	0	0	1	1	0	0	0	0	0	0	0	0	0	0	0	0	0	0	0	0	0,0028	0,0000	455,8538
2021-12-13	19:22:00		60	0	0	1	0	0	0	0	0	0	0	0	0	0	0	0	0	0	0	0	0	0,0011	0,0000	455,8538
2021-12-13	19:23:00		60	0	0	0	0	0	0	0	0	0	0	0	0	0	0	0	0	0	0	0	0	0,0000	0,0000	455,8538
2021-12-13	19:24:00		60	0	0	1	0	0	0	0	0	0	0	0	0	0	0	0	0	0	0	0	0	0,0011	0,0000	455,8538
2021-12-13	19:25:00		60	0	0	0	0	0	0	0	0	0	0	0	0	0	0	0	0	0	0	0	0	0,0000	0,0000	455,8538
2021-12-13	19:26:00		60	0	0	0	0	0	0	0	0	0	0	0	0	0	0	0	0	0	0	0	0	0,0000	0,0000	455,8538
2021-12-13	19:27:00		60	0	0	0	0	0	1	0	0	0	0	0	0	0	0	0	0	0	0	0	0	0,0048	0,0001	455,8539
2021-12-13	19:28:00		60	0	0	0	0	0	0	0	0	0	0	0	0	0	0	0	0	0	0	0	0	0,0000	0,0000	455,8539
2021-12-13	19:29:00		60	0	0	0	0	0	0	0	0	0	0	0	0	0	0	0	0	0	0	0	0	0,0000	0,0000	455,8539
2021-12-13	19:30:00		60	0	0	0	0	0	0	0	0	0	0	0	0	0	0	0	0	0	0	0	0	0,0000	0,0000	455,8539
2021-12-13	19:31:00		60	0	0	0	0	0	0	0	0	0	0	0	0	0	0	0	0	0	0	0	0	0,0000	0,0000	455,8539
2021-12-13	19:32:00		60	0	0	0	0	0	0	0	0	0	0	0	0	0	0	0	0	0	0	0	0	0,0000	0,0000	455,8539
2021-12-13	19:33:00		60	0	0	0	0	0	0	0	0	0	0	0	0	0	0	0	0	0	0	0	0	0,0000	0,0000	455,8539
2021-12-13	19:34:00		60	0	0	0	0	0	0	0	0	0	0	0	0	0	0	0	0	0	0	0	0	0,0000	0,0000	455,8539
2021-12-13	19:35:00		60	0	0	0	0	0	0	0	0	0	0	0	0	0	0	0	0	0	0	0	0	0,0000	0,0000	455,8539
2021-12-13	19:36:00		60	0	0	0	1	0	0	0	0	0	0	0	0	0	0	0	0	0	0	0	0	0,0018	0,0000	455,8539
2021-12-13	19:37:00		60	0	0	0	0	0	0	0	0	0	0	0	0	0	0	0	0	0	0	0	0	0,0000	0,0000	455,8539
2021-12-13	19:38:00		60	0	0	0	0	0	0	0	1	0	0	0	0	0	0	0	0	0	0	0	0	0,0148	0,0002	455,8542
2021-12-13	19:39:00		60	0	0	0	0	0	0	1	1	0	0	0	0	0	0	0	0	0	0	0	0	0,0235	0,0004	455,8545
2021-12-13	19:40:00		60	0	1	0	0	0	0	3	2	0	0	2	0	0	0	0	0	0	0	0	0	0,1443	0,0024	455,8570
2021-12-13	19:41:00		60	10	0	0	0	0	1	2	2	1	0	2	1	0	0	0	0	0	0	0	0	0,2365	0,0039	455,8609
2021-12-13	19:42:00		60	11	6	0	0	0	0	3	1	3	4	3	0	1	0	0	0	0	0	0	0	0,4683	0,0078	455,8687
2021-12-13	19:43:00		60	29	2	0	0	0	0	3	2	2	1	7	2	0	1	0	0	0	0	0	0	0,7380	0,0123	455,8810
2021-12-13	19:44:00		60	44	4	0	0	0	2	3	7	3	1	2	6	0	0	0	0	0	0	0	0	0,7704	0,0128	455,8938
2021-12-13	19:45:00		60	52	3	0	1	1	0	1	13	3	5	10	5	0	1	0	0	0	0	0	0	1,3820	0,0230	455,9169
2021-12-13	19:46:00		60	35	2	2	0	0	1	6	9	5	5	9	3	1	0	0	0	0	0	0	0	1,1773	0,0196	455,9365
2021-12-13	19:47:00		60	43	3	1	0	0	1	10	12	7	3	7	5	2	0	0	0	0	0	0	0	1,4089	0,0235	455,9600
2021-12-13	19:48:00		60	46	3	1	1	1	5	9	11	8	6	10	2	0	0	0	0	0	0	0	0	1,2161	0,0203	455,9802
2021-12-13	19:49:00		60	41	0	1	0	1	2	11	13	14	7	10	4	0	0	0	0	0	0	0	0	1,5465	0,0258	456,0060
2021-12-13	19:50:00		60	21	1	1	2	1	1	12	9	1	7	13	3	1	0	0	0	0	0	0	0	1,3782	0,0230	456,0290
2021-12-13	19:51:00		60	21	3	1	0	0	7	14	14	7	9	5	1	0	0	0	0	0	0	0	0	1,0754	0,0179	456,0469
2021-12-13	19:52:00		60	15	3	0	1	2	9	20	4	10	5	9	2	0	0	0	0	0	0	0	0	1,1904	0,0198	456,0667
2021-12-13	19:53:00		60	11	5	3	2	0	12	14	10	7	9	4	0	0	0	0	0	0	0	0	0	0,9276	0,0155	456,0822
2021-12-13	19:54:00		60	7	0	3	2	4	6	20	10	11	6	4	1	0	0	0	0	0	0	0	0	1,0300	0,0172	456,0994
2021-12-13	19:55:00		60	11	2	1	5	6	19	24	9	6	5	6	0	0	0	0	0	0	0	0	0	1,0027	0,0167	456,1161
2021-12-13	19:56:00		60	14	1	1	2	14	10	19	12	5	5	4	0	0	0	0	0	0	0	0	0	0,8691	0,0145	456,1306
2021-12-13	19:57:00		60	4	0	1	4	5	15	28	10	7	0	5	2	0	0	0	0	0	0	0	0	1,0028	0,0167	456,1473
2021-12-13	19:58:00		60	5	1	0	8	12	21	24	9	3	0	4	0	0	0	0	0	0	0	0	0	0,7342	0,0122	456,1595
2021-12-13	19:59:00		60	2	0	1	3	6	11	25	3	7	2	1	0	0	0	0	0	0	0	0	0	0,5918	0,0099	456,1694
2021-12-13	20:00:00		60	1	0	1	5	8	8	19	15	5	2	1	0	0	0	0	0	0	0	0	0	0,6689	0,0111	456,1805
2021-12-13	20:01:00		60	2	1	1	3	13	15	16	3	3	0	1	0	0	0	0	0	0	0	0	0	0,4092	0,0068	456,1874
2021-12-13	20:02:00		60	3	2	0	9	5	14	15	5	3	2	0	0	0	0	0	0	0	0	0	0	0,4268	0,0071	456,1945
2021-12-13	20:03:00		60	1	0	4	6	8	16	13	6	1	1	0	1	0	0	0	0	0	0	0	0	0,4400	0,0073	456,2018
2021-12-13	20:04:00		60	2	2	3	10	3	11	13	8	7	2	0	0	0	0	0	0	0	0	0	0	0,5242	0,0087	456,2105
2021-12-13	20:05:00		60	5	1	4	8	7	5	13	4	3	3	0	0	0	0	0	0	0	0	0	0	0,3887	0,0065	456,2170
2021-12-13	20:06:00		60	1	1	3	5	6	16	17	5	1	0	0	0	0	0	0	0	0	0	0	0	0,3507	0,0058	456,2229
2021-12-13	20:07:00		60	2	4	4	3	6	10	20	3	2	0	0	0	0	0	0	0	0	0	0	0	0,3396	0,0057	456,2285
2021-12-13	20:08:00		60	0	2	0	5	9	16	17	5	2	0	1	0	0	0	0	0	0	0	0	0	0,4219	0,0070	456,2355
2021-12-13	20:09:00		60	7	1	5	4	7	7	25	9	3	0	1	0	0	0	0	0	0	0	0	0	0,5286	0,0088	456,2444
2021-12-13	20:10:00		60	5	5	5	8	4	19	23	6	1	0	0	1	0	0	0	0	0	0	0	0	0,5099	0,0085	456,2529
2021-12-13	20:11:00		60	2	3	2	5	3	16	18	3	2	0	2	0	0	0	0	0	0	0	0	0	0,4309	0,0072	456,2600
2021-12-13	20:12:00		60	6	1	2	5	2	14	15	2	0	0	0	0	0	0	0	0	0	0	0	0	0,2466	0,0041	456,2641
2021-12-13	20:13:00		60	10	3	2	5	5	14	12	1	0	3	2	0	0	0	0	0	0	0	0	0	0,3915	0,0065	456,2707
2021-12-13	20:14:00		60	14	4	5	3	8	12	12	3	2	1	2	1	0	0	0	0	0	0	0	0	0,4789	0,0080	456,2787
2021-12-13	20:15:00		60	2	4	8	6	10	8	5	9	5	1	2	0	0	0	0	0	0	0	0	0	0,4902	0,0082	456,2868
2021-12-13	20:16:00		60	1	0	6	2	4	10	2	11	5	1	0	0	0	0	0	0	0	0	0	0	0,3862	0,0064	456,2933
2021-12-13	20:17:00		60	3	9	2	4	7	9	6	7	2	1	0	0	0	0	0	0	0	0	0	0	0,3066	0,0051	456,2984
2021-12-13	20:18:00		60	2	9	2	4	3	6	10	9	0	1	0	0	0	0	0	0	0	0	0	0	0,3021	0,0050	456,3034
2021-12-13	20:19:00		60	4	6	3	4	4	7	13	7	2	1	0	0	0	0	0	0	0	0	0	0	0,3491	0,0058	456,3092
2021-12-13	20:20:00		60	4	3	4	1	9	8	10	7	2	0	1	0	0	0	0	0	0	0	0	0	0,3510	0,0058	456,3151
2021-12-13	20:21:00		60	2	2	6	5	7	7	14	2	3	0	0	0	0	0	0	0	0	0	0	0	0,2868	0,0048	456,3199
2021-12-13	20:22:00		60	6	3	2	3	16	8	9	2	0	1	0	0	0	0	0	0	0	0	0	0	0,2325	0,0039	456,3237
2021-12-13	20:23:00		60	6	8	7	3	7	9	10	4	0	0	0	0	0	0	0	0	0	0	0	0	0,2289	0,0038	456,3275
2021-12-13	20:24:00		60	3	5	1	12	3	10	3	2	0	0	0	0	0	0	0	0	0	0	0	0	0,1385	0,0023	456,3299
2021-12-13	20:25:00		60	6	5	1	6	6	9	4	1	0	1	0	0	0	0	0	0	0	0	0	0	0,1555	0,0026	456,3324
2021-12-13	20:26:00		60	12	7	5	4	5	12	4	1	0	0	0	0	0	0	0	0	0	0	0	0	0,1415	0,0024	456,3348
2021-12-13	20:27:00		60	6	8	4	2	6	14	12	1	1	0	0	0	0	0	0	0	0	0	0	0	0,2395	0,0040	456,3388
2021-12-13	20:28:00		60	10	4	0	1	7	6	4	0	0	0	1	0	0	0	0	0	0	0	0	0	0,1347	0,0022	456,3410
2021-12-13	20:29:00		60	9	4	1	3	3	6	2	0	0	1	0	0	0	0	0	0	0	0	0	0	0,0952	0,0016	456,3426
2021-12-13	20:30:00		60	6	5	5	5	5	6	3	1	2	0	0	0	0	0	0	0	0	0	0	0	0,1459	0,0024	456,3451
2021-12-13	20:31:00		60	1	4	4	4	6	4	0	2	0	3	1	0	0	0	0	0	0	0	0	0	0,2109	0,0035	456,3486
2021-12-13	20:32:00		60	8	4	2	12	3	9	5	5	3	0	0	0	0	0	0	0	0	0	0	0	0,2619	0,0044	456,3529
2021-12-13	20:33:00		60	8	4	1	6	5	10	6	7	3	3	0	0	0	0	0	0	0	0	0	0	0,3861	0,0064	456,3594
2021-12-13	20:34:00		60	8	7	4	7	10	8	9	3	1	3	2	0	0	0	0	0	0	0	0	0	0,4095	0,0068	456,3662
2021-12-13	20:35:00		60	4	7	2	4	5	10	6	2	0	0	0	0	0	0	0	0	0	0	0	0	0,1587	0,0026	456,3688
2021-12-13	20:36:00		60	11	11	2	12	9	6	9	4	0	0	0	0	0	0	0	0	0	0	0	0	0,2256	0,0038	456,3726
2021-12-13	20:37:00		60	5	5	2	11	14	14	6	2	2	0	0	0	0	0	0	0	0	0	0	0	0,2582	0,0043	456,3769
2021-12-13	20:38:00		60	2	5	3	5	10	12	4	1	1	0	0	0	0	0	0	0	0	0	0	0	0,1730	0,0029	456,3798
2021-12-13	20:39:00		60	1	0	6	8	15	12	4	1	0	0	0	0	0	0	0	0	0	0	0	0	0,1711	0,0029	456,3826
2021-12-13	20:40:00		60	1	1	9	13	19	6	4	0	0	0	0	0	0	0	0	0	0	0	0	0	0,1517	0,0025	456,3852
2021-12-13	20:41:00		60	1	3	6	12	12	6	5	0	0	0	0	0	0	0	0	0	0	0	0	0	0,1366	0,0023	456,3874
2021-12-13	20:42:00		60	3	0	6	14	19	4	2	2	1	0	0	0	0	0	0	0	0	0	0	0	0,1744	0,0029	456,3904
2021-12-13	20:43:00		60	9	2	5	15	21	2	4	6	2	0	2	0	0	0	0	0	0	0	0	0	0,3603	0,0060	456,3964
2021-12-13	20:44:00		60	11	4	5	22	10	3	2	5	2	2	3	2	0	0	0	0	0	0	0	0	0,5621	0,0094	456,4057
2021-12-13	20:45:00		60	9	5	18	11	7	4	7	5	4	5	6	1	1	0	0	0	0	0	0	0	0,8937	0,0149	456,4206
2021-12-13	20:46:00		60	29	5	7	16	4	5	18	9	1	2	2	1	0	0	0	0	0	0	0	0	0,6128	0,0102	456,4308
2021-12-13	20:47:00		60	25	5	11	6	5	11	20	16	3	7	4	1	0	0	0	0	0	0	0	0	1,0266	0,0171	456,4479
2021-12-13	20:48:00		60	18	6	9	6	6	22	19	11	12	2	4	1	0	0	0	0	0	0	0	0	1,0439	0,0174	456,4653
2021-12-13	20:49:00		60	19	8	7	7	4	31	20	14	3	3	3	1	0	0	0	0	0	0	0	0	0,9274	0,0155	456,4808
2021-12-13	20:50:00		60	19	18	14	9	2	26	10	7	4	3	3	3	0	0	0	0	0	0	0	0	0,8899	0,0148	456,4956
2021-12-13	20:51:00		60	22	13	6	13	12	22	21	3	1	2	3	3	0	0	0	0	0	0	0	0	0,8396	0,0140	456,5096
2021-12-13	20:52:00		60	21	15	8	7	13	20	13	2	0	3	5	1	0	0	0	0	0	0	0	0	0,6911	0,0115	456,5211
2021-12-13	20:53:00		60	18	8	17	9	24	18	18	7	3	3	2	0	0	0	0	0	0	0	0	0	0,6991	0,0117	456,5328
2021-12-13	20:54:00		60	7	7	11	18	21	14	6	10	3	2	1	0	0	0	0	0	0	0	0	0	0,5439	0,0091	456,5419
2021-12-13	20:55:00		60	13	4	9	15	13	18	9	7	0	1	0	0	0	0	0	0	0	0	0	0	0,3770	0,0063	456,5481
2021-12-13	20:56:00		60	5	8	11	14	7	14	17	8	2	1	2	0	0	0	0	0	0	0	0	0	0,5564	0,0093	456,5574
2021-12-13	20:57:00		60	6	7	7	13	7	20	32	9	3	6	0	0	0	0	0	0	0	0	0	0	0,8033	0,0134	456,5708
2021-12-13	20:58:00		60	5	11	16	11	9	36	30	7	4	0	4	0	0	0	0	0	0	0	0	0	0,8696	0,0145	456,5853
2021-12-13	20:59:00		60	2	7	6	9	15	43	32	11	5	1	1	0	0	0	0	0	0	0	0	0	0,8985	0,0150	456,6003
2021-12-13	21:00:00		60	2	8	8	7	24	39	18	7	4	0	0	0	0	0	0	0	0	0	0	0	0,6285	0,0105	456,6107
2021-12-13	21:01:00		60	4	5	2	8	23	42	22	4	0	1	1	0	0	0	0	0	0	0	0	0	0,6118	0,0102	456,6209
2021-12-13	21:02:00		60	3	9	5	23	24	43	17	7	1	1	0	0	0	0	0	0	0	0	0	0	0,6296	0,0105	456,6314
2021-12-13	21:03:00		60	4	6	12	21	31	37	13	5	2	0	2	0	0	0	0	0	0	0	0	0	0,6391	0,0107	456,6421
2021-12-13	21:04:00		60	8	9	15	26	24	28	14	5	1	1	2	0	0	0	0	0	0	0	0	0	0,6072	0,0101	456,6522
2021-12-13	21:05:00		60	7	18	16	25	17	27	24	2	1	0	0	0	0	0	0	0	0	0	0	0	0,5126	0,0085	456,6608
2021-12-13	21:06:00		60	6	8	19	20	16	25	17	4	2	0	0	0	0	0	0	0	0	0	0	0	0,4782	0,0080	456,6687
2021-12-13	21:07:00		60	10	15	19	19	11	18	16	5	0	0	0	0	0	0	0	0	0	0	0	0	0,3970	0,0066	456,6753
2021-12-13	21:08:00		60	13	9	18	14	16	16	7	1	0	0	0	0	0	0	0	0	0	0	0	0	0,2514	0,0042	456,6795
2021-12-13	21:09:00		60	6	16	16	16	9	19	1	2	0	0	0	0	0	0	0	0	0	0	0	0	0,2115	0,0035	456,6831
2021-12-13	21:10:00		60	11	12	24	11	8	4	3	1	0	0	0	0	0	0	0	0	0	0	0	0	0,1382	0,0023	456,6854
2021-12-13	21:11:00		60	10	16	5	6	6	3	0	0	0	0	0	0	0	0	0	0	0	0	0	0	0,0599	0,0010	456,6864
2021-12-13	21:12:00		60	9	21	12	4	1	1	0	0	0	0	0	0	0	0	0	0	0	0	0	0	0,0424	0,0007	456,6871
2021-12-13	21:13:00		60	5	13	10	6	1	2	0	0	0	0	0	0	0	0	0	0	0	0	0	0	0,0427	0,0007	456,6878
2021-12-13	21:14:00		60	2	9	11	1	4	0	0	0	0	0	0	0	0	0	0	0	0	0	0	0	0,0308	0,0005	456,6883
2021-12-13	21:15:00		60	7	11	6	1	0	1	0	0	0	0	0	0	0	0	0	0	0	0	0	0	0,0214	0,0004	456,6886
2021-12-13	21:16:00		60	5	6	2	2	0	0	0	0	0	0	0	0	0	0	0	0	0	0	0	0	0,0107	0,0002	456,6888
2021-12-13	21:17:00		60	7	2	1	1	0	0	0	0	0	0	0	0	0	0	0	0	0	0	0	0	0,0060	0,0001	456,6889
2021-12-13	21:18:00		60	4	6	0	0	1	0	0	0	0	0	0	0	0	0	0	0	0	0	0	0	0,0076	0,0001	456,6891
2021-12-13	21:19:00		60	5	4	1	0	0	0	0	0	0	0	0	0	0	0	0	0	0	0	0	0	0,0049	0,0001	456,6891
2021-12-13	21:20:00		60	0	0	0	0	0	0	0	0	0	0	0	0	0	0	0	0	0	0	0	0	0,0000	0,0000	456,6891
2021-12-13	21:21:00		60	3	2	1	0	0	0	0	0	0	0	0	0	0	0	0	0	0	0	0	0	0,0031	0,0001	456,6892
2021-12-13	21:22:00		60	1	0	1	0	0	0	0	0	0	0	0	0	0	0	0	0	0	0	0	0	0,0013	0,0000	456,6892
2021-12-13	21:23:00		60	1	1	0	0	1	0	0	0	0	0	0	0	0	0	0	0	0	0	0	0	0,0038	0,0001	456,6893
2021-12-13	21:24:00		60	0	0	0	0	0	0	0	0	0	0	0	0	0	0	0	0	0	0	0	0	0,0000	0,0000	456,6893
2021-12-13	21:25:00		60	0	0	0	0	0	0	0	0	0	0	0	0	0	0	0	0	0	0	0	0	0,0000	0,0000	456,6893
2021-12-13	21:26:00		60	0	0	0	0	0	0	0	0	0	0	0	0	0	0	0	0	0	0	0	0	0,0000	0,0000	456,6893
2021-12-13	21:27:00		60	0	0	0	0	0	0	0	0	0	0	0	0	0	0	0	0	0	0	0	0	0,0000	0,0000	456,6893
2021-12-13	21:28:00		60	0	0	0	0	0	0	0	0	0	0	0	0	0	0	0	0	0	0	0	0	0,0000	0,0000	456,6893
2021-12-13	21:29:00		60	0	0	0	0	0	0	0	0	0	0	0	0	0	0	0	0	0	0	0	0	0,0000	0,0000	456,6893
2021-12-13	21:30:00		60	0	0	0	0	0	0	0	0	0	0	0	0	0	0	0	0	0	0	0	0	0,0000	0,0000	456,6893
2021-12-13	21:31:00		60	0	0	0	0	0	0	0	0	0	0	0	0	0	0	0	0	0	0	0	0	0,0000	0,0000	456,6893
2021-12-13	21:32:00		60	0	0	0	0	0	0	0	0	0	0	0	0	0	0	0	0	0	0	0	0	0,0000	0,0000	456,6893
2021-12-13	21:33:00		60	0	0	0	0	0	0	0	0	0	0	0	0	0	0	0	0	0	0	0	0	0,0000	0,0000	456,6893
2021-12-13	21:34:00		60	0	0	0	0	0	0	0	0	0	0	0	0	0	0	0	0	0	0	0	0	0,0000	0,0000	456,6893
2021-12-13	21:35:00		60	0	0	0	0	0	0	0	0	0	0	0	0	0	0	0	0	0	0	0	0	0,0000	0,0000	456,6893
2021-12-13	21:36:00		60	0	0	0	0	0	0	0	0	0	0	0	0	0	0	0	0	0	0	0	0	0,0000	0,0000	456,6893
2021-12-13	21:37:00		60	0	0	0	0	0	0	0	0	0	0	0	0	0	0	0	0	0	0	0	0	0,0000	0,0000	456,6893
2021-12-13	21:38:00		60	0	0	0	0	0	0	0	0	0	0	0	0	0	0	0	0	0	0	0	0	0,0000	0,0000	456,6893
2021-12-13	21:39:00		60	0	0	0	0	0	0	0	0	0	0	0	0	0	0	0	0	0	0	0	0	0,0000	0,0000	456,6893
2021-12-13	21:40:00		60	0	0	0	0	0	0	0	0	0	0	0	0	0	0	0	0	0	0	0	0	0,0000	0,0000	456,6893
2021-12-13	21:41:00		60	0	0	0	0	0	0	0	0	0	0	0	0	0	0	0	0	0	0	0	0	0,0000	0,0000	456,6893
2021-12-13	21:42:00		60	0	0	0	0	0	0	0	0	0	0	0	0	0	0	0	0	0	0	0	0	0,0000	0,0000	456,6893
2021-12-13	21:43:00		60	0	0	0	0	0	0	0	0	0	0	0	0	0	0	0	0	0	0	0	0	0,0000	0,0000	456,6893
2021-12-13	21:44:00		60	0	0	0	0	0	0	0	0	0	0	0	0	0	0	0	0	0	0	0	0	0,0000	0,0000	456,6893
2021-12-13	21:45:00		60	0	0	0	0	0	0	0	0	0	0	0	0	0	0	0	0	0	0	0	0	0,0000	0,0000	456,6893
2021-12-13	21:46:00		60	0	0	0	0	0	0	0	0	0	0	0	0	0	0	0	0	0	0	0	0	0,0000	0,0000	456,6893
2021-12-13	21:47:00		60	0	0	0	0	0	0	0	0	0	0	0	0	0	0	0	0	0	0	0	0	0,0000	0,0000	456,6893
2021-12-13	21:48:00		60	0	0	0	0	0	0	0	0	0	0	0	0	0	0	0	0	0	0	0	0	0,0000	0,0000	456,6893
2021-12-13	21:49:00		60	0	0	1	0	0	0	0	0	0	0	0	0	0	0	0	0	0	0	0	0	0,0011	0,0000	456,6893
2021-12-13	21:50:00		60	0	0	0	0	0	0	0	0	0	0	0	0	0	0	0	0	0	0	0	0	0,0000	0,0000	456,6893
2021-12-13	21:51:00		60	0	0	0	0	0	0	0	0	0	0	0	0	0	0	0	0	0	0	0	0	0,0000	0,0000	456,6893
2021-12-13	21:52:00		60	1	0	1	0	0	0	0	0	0	0	0	0	0	0	0	0	0	0	0	0	0,0013	0,0000	456,6893
2021-12-13	21:53:00		60	0	0	0	0	0	0	0	0	0	0	0	0	0	0	0	0	0	0	0	0	0,0000	0,0000	456,6893
2021-12-13	21:54:00		60	0	0	0	0	0	0	0	0	0	0	0	0	0	0	0	0	0	0	0	0	0,0000	0,0000	456,6893
2021-12-13	21:55:00		60	0	1	1	0	0	0	0	0	0	0	0	0	0	0	0	0	0	0	0	0	0,0016	0,0000	456,6893
2021-12-13	21:56:00		60	1	1	0	0	0	1	0	0	0	0	0	0	0	0	0	0	0	0	0	0	0,0057	0,0001	456,6894
2021-12-13	21:57:00		60	3	0	0	1	0	0	0	2	1	0	1	2	0	0	0	0	0	0	0	0	0,2425	0,0040	456,6935
2021-12-13	21:58:00		60	3	0	0	0	0	0	2	0	0	1	0	0	0	0	0	0	0	0	0	0	0,0473	0,0008	456,6943
2021-12-13	21:59:00		60	1	0	0	1	0	1	0	1	0	1	1	0	0	0	0	0	0	0	0	0	0,0946	0,0016	456,6958
2021-12-13	22:00:00		60	4	1	1	0	0	1	0	1	0	0	0	0	0	0	0	0	0	0	0	0	0,0224	0,0004	456,6962
2021-12-13	22:01:00		60	5	0	0	0	0	1	2	3	1	1	0	0	0	0	0	0	0	0	0	0	0,1186	0,0020	456,6982
2021-12-13	22:02:00		60	6	0	0	0	0	1	3	1	0	3	2	0	0	0	0	0	0	0	0	0	0,2224	0,0037	456,7019
2021-12-13	22:03:00		60	5	0	0	0	1	0	4	0	3	1	2	1	0	0	0	0	0	0	0	0	0,2929	0,0049	456,7068
2021-12-13	22:04:00		60	12	0	0	1	0	1	8	3	1	1	1	0	0	0	0	0	0	0	0	0	0,2187	0,0036	456,7104
2021-12-13	22:05:00		60	4	1	2	1	1	4	5	2	1	1	0	1	0	0	0	0	0	0	0	0	0,2238	0,0037	456,7142
2021-12-13	22:06:00		60	6	0	0	0	3	2	9	1	2	1	2	0	0	0	0	0	0	0	0	0	0,2731	0,0046	456,7187
2021-12-13	22:07:00		60	4	0	0	0	1	4	4	2	1	0	1	0	0	0	0	0	0	0	0	0	0,1531	0,0026	456,7213
2021-12-13	22:08:00		60	2	2	1	3	0	0	9	5	0	1	1	0	0	0	0	0	0	0	0	0	0,2337	0,0039	456,7252
2021-12-13	22:09:00		60	8	0	0	5	3	6	3	1	1	1	1	1	0	0	0	0	0	0	0	0	0,2564	0,0043	456,7294
2021-12-13	22:10:00		60	10	3	1	1	3	6	1	0	2	3	1	0	0	0	0	0	0	0	0	0	0,2274	0,0038	456,7332
2021-12-13	22:11:00		60	7	4	0	4	3	4	6	3	3	0	2	0	0	0	0	0	0	0	0	0	0,2883	0,0048	456,7380
2021-12-13	22:12:00		60	15	2	0	2	3	4	4	1	3	1	1	2	0	0	0	0	0	0	0	0	0,3688	0,0061	456,7442
2021-12-13	22:13:00		60	13	2	1	5	2	7	1	2	3	0	3	1	0	0	0	0	0	0	0	0	0,3610	0,0060	456,7502
2021-12-13	22:14:00		60	13	0	3	1	1	4	6	4	2	6	5	0	0	0	0	0	0	0	0	0	0,5789	0,0096	456,7598
2021-12-13	22:15:00		60	6	5	5	3	3	3	4	3	1	2	2	0	1	0	0	0	0	0	0	0	0,3934	0,0066	456,7664
2021-12-13	22:16:00		60	7	1	2	3	5	3	6	6	3	1	3	0	0	0	0	0	0	0	0	0	0,4052	0,0068	456,7731
2021-12-13	22:17:00		60	9	2	2	2	3	3	5	6	3	1	2	4	0	0	0	0	0	0	0	0	0,6359	0,0106	456,7837
2021-12-13	22:18:00		60	8	4	2	3	4	5	8	3	1	2	1	0	0	0	0	0	0	0	0	0	0,2852	0,0048	456,7885
2021-12-13	22:19:00		60	13	5	3	4	4	3	3	4	3	4	3	0	0	0	0	0	0	0	0	0	0,4405	0,0073	456,7958
2021-12-13	22:20:00		60	12	0	5	4	6	7	8	2	2	1	2	0	0	0	0	0	0	0	0	0	0,3258	0,0054	456,8013
2021-12-13	22:21:00		60	9	3	4	2	4	6	6	5	0	1	3	0	2	0	0	0	0	0	0	0	0,5564	0,0093	456,8105
2021-12-13	22:22:00		60	12	2	2	5	3	4	9	1	2	0	1	3	0	0	0	0	0	0	0	0	0,4410	0,0073	456,8179
2021-12-13	22:23:00		60	9	2	7	8	3	10	1	4	3	1	3	1	0	0	0	0	0	0	0	0	0,4474	0,0075	456,8253
2021-12-13	22:24:00		60	13	1	2	8	3	11	3	1	3	5	2	2	0	0	0	0	0	0	0	0	0,5650	0,0094	456,8348
2021-12-13	22:25:00		60	13	6	2	7	3	4	4	5	0	0	6	1	0	0	0	0	0	0	0	0	0,4946	0,0082	456,8430
2021-12-13	22:26:00		60	9	6	7	2	7	7	7	3	4	6	5	1	2	0	0	0	0	0	0	0	0,9450	0,0157	456,8588
2021-12-13	22:27:00		60	17	3	3	7	4	7	5	0	4	4	2	4	1	0	0	0	0	0	0	0	0,7988	0,0133	456,8721
2021-12-13	22:28:00		60	15	4	2	5	7	8	3	5	3	0	0	1	1	0	0	0	0	0	0	0	0,4216	0,0070	456,8791
2021-12-13	22:29:00		60	23	4	3	6	3	8	5	1	1	1	3	4	1	0	0	0	0	0	0	0	0,7086	0,0118	456,8909
2021-12-13	22:30:00		60	21	1	3	8	6	8	6	2	1	3	4	0	1	0	0	0	0	0	0	0	0,5541	0,0092	456,9001
2021-12-13	22:31:00		60	31	6	2	8	6	6	2	3	5	5	6	3	0	0	0	0	0	0	0	0	0,8699	0,0145	456,9146
2021-12-13	22:32:00		60	36	3	2	4	3	0	4	7	2	1	2	1	2	0	0	0	0	0	0	0	0,6177	0,0103	456,9249
2021-12-13	22:33:00		60	29	8	4	6	1	4	3	2	1	1	8	3	1	0	0	0	0	0	0	0	0,8334	0,0139	456,9388
2021-12-13	22:34:00		60	19	3	5	4	1	3	5	3	5	4	3	0	0	0	0	0	0	0	0	0	0,4801	0,0080	456,9468
2021-12-13	22:35:00		60	33	4	5	4	3	4	6	2	2	3	3	2	2	0	0	0	0	0	0	0	0,7575	0,0126	456,9594
2021-12-13	22:36:00		60	21	2	4	7	5	3	6	1	1	2	2	1	1	0	0	0	0	0	0	0	0,4680	0,0078	456,9672
2021-12-13	22:37:00		60	20	0	3	6	7	2	2	1	2	2	4	1	1	0	0	0	0	0	0	0	0,5390	0,0090	456,9762
2021-12-13	22:38:00		60	21	1	2	9	5	2	2	2	3	2	4	0	0	0	0	0	0	0	0	0	0,3939	0,0066	456,9828
2021-12-13	22:39:00		60	13	2	3	5	1	3	4	7	0	1	2	0	0	0	0	0	0	0	0	0	0,2897	0,0048	456,9876
2021-12-13	22:40:00		60	9	6	2	4	1	6	4	1	0	1	4	1	1	0	0	0	1	0	0	0	0,8595	0,0143	457,0020
2021-12-13	22:41:00		60	23	8	7	4	2	2	2	3	3	3	2	2	0	0	1	0	0	0	0	0	0,6927	0,0115	457,0135
2021-12-13	22:42:00		60	10	3	4	3	2	5	1	0	1	3	4	2	3	0	0	0	0	0	0	0	0,8068	0,0134	457,0269
2021-12-13	22:43:00		60	22	7	4	7	3	1	4	0	0	0	3	0	1	0	0	0	0	0	0	0	0,3157	0,0053	457,0322
2021-12-13	22:44:00		60	31	7	2	5	2	2	2	2	2	4	5	6	0	0	0	0	0	0	0	0	0,8997	0,0150	457,0472
2021-12-13	22:45:00		60	44	11	2	4	2	0	4	4	1	3	4	5	1	2	0	0	0	0	0	0	1,1799	0,0197	457,0669
2021-12-13	22:46:00		60	29	6	3	7	4	3	5	0	1	4	4	3	3	1	0	0	0	0	0	0	1,1011	0,0184	457,0852
2021-12-13	22:47:00		60	31	10	1	3	0	2	4	4	4	7	2	5	1	0	0	0	0	0	0	0	0,9723	0,0162	457,1014
2021-12-13	22:48:00		60	31	6	4	3	1	4	1	5	5	3	5	3	0	0	0	0	0	0	0	0	0,7581	0,0126	457,1141
2021-12-13	22:49:00		60	26	4	4	3	2	3	3	8	2	5	3	2	1	0	0	0	0	0	0	0	0,7572	0,0126	457,1267
2021-12-13	22:50:00		60	28	11	5	7	1	4	4	10	6	3	7	0	1	0	0	0	0	0	0	0	0,8690	0,0145	457,1412
2021-12-13	22:51:00		60	25	19	4	5	0	4	8	5	0	4	4	0	0	0	0	0	0	0	0	0	0,4863	0,0081	457,1493
2021-12-13	22:52:00		60	20	14	3	5	2	3	12	10	5	4	6	0	0	0	0	0	0	0	0	0	0,7860	0,0131	457,1624
2021-12-13	22:53:00		60	18	8	4	10	4	12	8	7	2	0	4	2	1	0	0	0	0	0	0	0	0,7462	0,0124	457,1748
2021-12-13	22:54:00		60	41	6	3	2	0	5	11	10	1	5	6	0	0	0	0	0	0	0	0	0	0,7203	0,0120	457,1868
2021-12-13	22:55:00		60	39	6	14	7	4	7	10	4	3	4	3	0	0	0	0	0	0	0	0	0	0,5457	0,0091	457,1959
2021-12-13	22:56:00		60	35	10	8	4	10	18	8	4	5	4	1	1	0	0	0	0	0	0	0	0	0,6153	0,0103	457,2062
2021-12-13	22:57:00		60	21	4	2	15	20	16	17	6	3	1	3	1	0	0	0	0	0	0	0	0	0,7062	0,0118	457,2179
2021-12-13	22:58:00		60	17	4	2	30	8	10	8	7	1	0	8	2	0	0	0	0	0	0	0	0	0,8247	0,0137	457,2317
2021-12-13	22:59:00		60	30	10	4	8	4	12	5	4	3	3	8	5	1	0	0	0	0	0	0	0	1,1782	0,0196	457,2513
2021-12-13	23:00:00		60	38	11	7	9	3	12	9	5	0	5	3	6	0	0	0	0	0	0	0	0	0,9709	0,0162	457,2675
2021-12-13	23:01:00		60	31	4	3	4	1	8	9	6	3	2	4	1	1	0	1	0	0	0	0	0	0,9147	0,0152	457,2827
2021-12-13	23:02:00		60	23	5	10	4	7	7	6	3	6	0	1	3	0	0	0	0	0	0	0	0	0,5677	0,0095	457,2922
2021-12-13	23:03:00		60	12	5	5	1	6	4	6	3	2	2	5	2	0	0	0	0	0	0	0	0	0,6121	0,0102	457,3024
2021-12-13	23:04:00		60	18	7	1	2	9	5	7	3	0	1	2	3	0	0	0	0	0	0	0	0	0,5035	0,0084	457,3108
2021-12-13	23:05:00		60	29	3	4	3	5	4	13	2	1	0	2	1	0	1	0	0	0	0	0	0	0,5265	0,0088	457,3196
2021-12-13	23:06:00		60	16	6	1	10	6	7	17	0	0	0	4	0	1	0	0	0	0	0	0	0	0,5103	0,0085	457,3281
2021-12-13	23:07:00		60	5	4	3	19	9	10	7	1	2	1	2	0	0	0	0	0	0	0	0	0	0,3501	0,0058	457,3339
2021-12-13	23:08:00		60	7	7	3	17	3	5	5	1	4	3	2	0	0	0	0	0	0	0	0	0	0,3912	0,0065	457,3404
2021-12-13	23:09:00		60	7	11	1	7	2	14	7	6	0	0	2	0	0	0	0	0	0	0	0	0	0,3326	0,0055	457,3460
2021-12-13	23:10:00		60	9	9	9	3	3	10	11	0	0	2	3	1	0	0	0	0	0	0	0	0	0,4374	0,0073	457,3533
2021-12-13	23:11:00		60	13	8	6	1	10	16	6	3	1	1	0	0	0	0	0	0	0	0	0	0	0,2692	0,0045	457,3577
2021-12-13	23:12:00		60	11	14	7	6	12	9	10	2	0	0	0	0	0	0	0	0	0	0	0	0	0,2240	0,0037	457,3615
2021-12-13	23:13:00		60	9	3	16	6	22	7	3	1	1	0	0	0	0	0	0	0	0	0	0	0	0,1912	0,0032	457,3647
2021-12-13	23:14:00		60	0	4	11	7	16	11	5	3	1	0	0	0	0	0	0	0	0	0	0	0	0,2346	0,0039	457,3686
2021-12-13	23:15:00		60	6	5	17	7	5	5	4	1	1	1	0	0	1	0	0	0	0	0	0	0	0,2819	0,0047	457,3733
2021-12-13	23:16:00		60	4	8	23	19	7	6	1	0	0	0	0	1	0	0	0	0	0	0	0	0	0,1938	0,0032	457,3765
2021-12-13	23:17:00		60	7	13	26	11	5	4	2	1	2	0	0	0	0	0	0	0	0	0	0	0	0,1653	0,0028	457,3793
2021-12-13	23:18:00		60	5	29	29	8	5	4	3	1	0	0	2	0	0	0	0	0	0	0	0	0	0,2257	0,0038	457,3830
2021-12-13	23:19:00		60	19	37	17	7	0	1	4	1	0	0	0	0	0	0	0	0	0	0	0	0	0,1122	0,0019	457,3849
2021-12-13	23:20:00		60	31	26	7	8	3	6	2	1	0	0	1	3	0	0	0	0	0	0	0	0	0,3768	0,0063	457,3912
2021-12-13	23:21:00		60	11	12	3	7	6	1	2	2	0	0	4	2	0	0	0	0	0	0	0	0	0,4156	0,0069	457,3981
2021-12-13	23:22:00		60	8	38	9	7	7	7	1	0	1	0	6	0	0	0	0	0	0	0	0	0	0,3940	0,0066	457,4047
2021-12-13	23:23:00		60	4	28	7	6	12	4	6	0	1	0	0	0	0	0	0	0	0	0	0	0	0,1633	0,0027	457,4074
2021-12-13	23:24:00		60	4	28	16	8	12	11	1	1	0	0	0	0	0	0	0	0	0	0	0	0	0,1594	0,0027	457,4100
2021-12-13	23:25:00		60	4	22	13	9	22	7	1	1	0	0	0	0	0	0	0	0	0	0	0	0	0,1642	0,0027	457,4128
2021-12-13	23:26:00		60	4	15	18	9	31	15	6	1	0	0	0	0	0	0	0	0	0	0	0	0	0,2731	0,0046	457,4173
2021-12-13	23:27:00		60	6	33	11	27	40	42	5	1	0	0	0	0	0	0	0	0	0	0	0	0	0,4552	0,0076	457,4249
2021-12-13	23:28:00		60	4	40	6	30	32	26	2	2	0	0	0	0	0	0	0	0	0	0	0	0	0,3479	0,0058	457,4307
2021-12-13	23:29:00		60	13	30	14	22	30	8	5	0	0	0	0	0	0	0	0	0	0	0	0	0	0,2436	0,0041	457,4348
2021-12-13	23:30:00		60	7	24	9	32	11	7	0	0	0	0	0	0	0	0	0	0	0	0	0	0	0,1476	0,0025	457,4372
2021-12-13	23:31:00		60	8	43	9	26	6	5	1	0	0	0	0	0	0	0	0	0	0	0	0	0	0,1333	0,0022	457,4395
2021-12-13	23:32:00		60	17	25	12	29	0	4	0	0	0	0	0	0	0	0	0	0	0	0	0	0	0,1029	0,0017	457,4412
2021-12-13	23:33:00		60	28	30	22	31	1	0	0	0	0	0	0	0	0	0	0	0	0	0	0	0	0,1069	0,0018	457,4430
2021-12-13	23:34:00		60	30	26	42	25	0	0	0	0	0	0	0	0	0	0	0	0	0	0	0	0	0,1126	0,0019	457,4448
2021-12-13	23:35:00		60	37	23	39	19	2	0	0	0	0	0	0	0	0	0	0	0	0	0	0	0	0,1048	0,0017	457,4466
2021-12-13	23:36:00		60	54	19	36	19	3	0	0	0	0	0	0	0	0	0	0	0	0	0	0	0	0,1071	0,0018	457,4484
2021-12-13	23:37:00		60	42	36	30	3	2	2	0	0	0	0	0	0	0	0	0	0	0	0	0	0	0,0857	0,0014	457,4498
2021-12-13	23:38:00		60	32	38	18	2	0	0	0	0	0	0	0	0	0	0	0	0	0	0	0	0	0,0543	0,0009	457,4507
2021-12-13	23:39:00		60	37	66	19	1	2	0	0	0	0	0	0	0	0	0	0	0	0	0	0	0	0,0773	0,0013	457,4520
2021-12-13	23:40:00		60	41	48	8	4	6	0	1	0	0	0	0	0	0	0	0	0	0	0	0	0	0,0818	0,0014	457,4534
2021-12-13	23:41:00		60	31	25	4	2	5	0	0	0	0	0	0	0	0	0	0	0	0	0	0	0	0,0460	0,0008	457,4541
2021-12-13	23:42:00		60	18	18	2	2	5	0	0	0	0	0	0	0	0	0	0	0	0	0	0	0	0,0359	0,0006	457,4547
2021-12-13	23:43:00		60	20	17	2	0	2	0	0	0	0	0	0	0	0	0	0	0	0	0	0	0	0,0237	0,0004	457,4551
2021-12-13	23:44:00		60	16	11	1	4	2	1	0	0	0	0	0	0	0	0	0	0	0	0	0	0	0,0298	0,0005	457,4556
2021-12-13	23:45:00		60	13	6	2	6	17	1	0	0	0	0	0	0	0	0	0	0	0	0	0	0	0,0738	0,0012	457,4568
2021-12-13	23:46:00		60	15	3	0	10	6	1	0	0	0	0	0	0	0	0	0	0	0	0	0	0	0,0459	0,0008	457,4576
2021-12-13	23:47:00		60	5	0	2	13	10	0	0	0	0	0	0	0	0	0	0	0	0	0	0	0	0,0554	0,0009	457,4585
2021-12-13	23:48:00		60	5	1	5	22	2	1	0	0	0	0	0	0	0	0	0	0	0	0	0	0	0,0569	0,0009	457,4595
2021-12-13	23:49:00		60	8	4	11	3	1	0	0	0	0	0	0	0	0	0	0	0	0	0	0	0	0,0245	0,0004	457,4599
2021-12-13	23:50:00		60	9	11	16	2	0	0	0	0	0	0	0	0	0	0	0	0	0	0	0	0	0,0295	0,0005	457,4604
2021-12-13	23:51:00		60	17	24	10	1	0	0	0	0	0	0	0	0	0	0	0	0	0	0	0	0	0,0314	0,0005	457,4609
2021-12-13	23:52:00		60	13	32	3	1	0	0	0	0	0	0	0	0	0	0	0	0	0	0	0	0	0,0276	0,0005	457,4614
2021-12-13	23:53:00		60	17	27	10	0	0	0	0	0	0	0	0	0	0	0	0	0	0	0	0	0	0,0314	0,0005	457,4619
2021-12-13	23:54:00		60	35	29	4	0	0	0	0	0	0	0	0	0	0	0	0	0	0	0	0	0	0,0315	0,0005	457,4624
2021-12-13	23:55:00		60	37	13	0	0	0	0	0	0	0	0	0	0	0	0	0	0	0	0	0	0	0,0185	0,0003	457,4627
2021-12-13	23:56:00		60	44	3	0	0	0	0	0	0	0	0	0	0	0	0	0	0	0	0	0	0	0,0146	0,0002	457,4630
2021-12-13	23:57:00		60	29	2	0	0	0	0	0	0	0	0	0	0	0	0	0	0	0	0	0	0	0,0096	0,0002	457,4631
2021-12-13	23:58:00		60	25	2	0	0	0	0	0	0	0	0	0	0	0	0	0	0	0	0	0	0	0,0085	0,0001	457,4633
2021-12-13	23:59:00		60	27	3	0	0	0	0	0	0	0	0	0	0	0	0	0	0	0	0	0	0	0,0096	0,0002	457,4634
2021-12-14	00:00:00		60	20	2	0	0	0	0	0	0	0	0	0	0	0	0	0	0	0	0	0	0	0,0070	0,0001	457,4635
2021-12-14	00:01:00		60	15	1	0	0	0	0	0	0	0	0	0	0	0	0	0	0	0	0	0	0	0,0050	0,0001	457,4636
2021-12-14	00:02:00		60	10	1	0	0	0	0	0	0	0	0	0	0	0	0	0	0	0	0	0	0	0,0035	0,0001	457,4637
2021-12-14	00:03:00		60	16	1	0	0	0	0	0	0	0	0	0	0	0	0	0	0	0	0	0	0	0,0052	0,0001	457,4638
2021-12-14	00:04:00		60	8	1	0	0	0	0	0	0	0	0	0	0	0	0	0	0	0	0	0	0	0,0029	0,0000	457,4638
2021-12-14	00:05:00		60	5	0	0	0	0	0	0	0	0	0	0	0	0	0	0	0	0	0	0	0	0,0015	0,0000	457,4638
2021-12-14	00:06:00		60	0	0	0	0	0	0	0	0	0	0	0	0	0	0	0	0	0	0	0	0	0,0000	0,0000	457,4638
2021-12-14	00:07:00		60	0	0	0	0	0	0	0	0	0	0	0	0	0	0	0	0	0	0	0	0	0,0000	0,0000	457,4638
2021-12-14	00:08:00		60	0	0	0	0	0	0	0	0	0	0	0	0	0	0	0	0	0	0	0	0	0,0000	0,0000	457,4638
2021-12-14	00:09:00		60	0	0	0	0	0	0	0	0	0	0	0	0	0	0	0	0	0	0	0	0	0,0000	0,0000	457,4638
2021-12-14	00:10:00		60	0	0	0	0	0	0	0	0	0	0	0	0	0	0	0	0	0	0	0	0	0,0000	0,0000	457,4638
2021-12-14	00:11:00		60	0	0	0	0	0	0	0	0	0	0	0	0	0	0	0	0	0	0	0	0	0,0000	0,0000	457,4638
2021-12-14	00:12:00		60	0	0	0	0	0	0	0	0	0	0	0	0	0	0	0	0	0	0	0	0	0,0000	0,0000	457,4638
2021-12-14	00:13:00		60	0	0	0	0	0	0	0	0	0	0	0	0	0	0	0	0	0	0	0	0	0,0000	0,0000	457,4638
2021-12-14	00:14:00		60	0	0	0	0	0	0	0	0	0	0	0	0	0	0	0	0	0	0	0	0	0,0000	0,0000	457,4638
2021-12-14	00:15:00		60	0	0	0	0	0	0	0	0	0	0	0	0	0	0	0	0	0	0	0	0	0,0000	0,0000	457,4638
2021-12-14	00:16:00		60	0	0	0	0	0	0	0	0	0	0	0	0	0	0	0	0	0	0	0	0	0,0000	0,0000	457,4638
2021-12-14	00:17:00		60	0	0	0	0	0	0	0	0	0	0	0	0	0	0	0	0	0	0	0	0	0,0000	0,0000	457,4638
2021-12-14	00:18:00		60	0	0	0	0	0	0	0	0	0	0	0	0	0	0	0	0	0	0	0	0	0,0000	0,0000	457,4638
2021-12-14	00:19:00		60	0	0	0	0	0	0	0	0	0	0	0	0	0	0	0	0	0	0	0	0	0,0000	0,0000	457,4638
2021-12-14	00:20:00		60	0	0	0	0	0	0	0	0	0	0	0	0	0	0	0	0	0	0	0	0	0,0000	0,0000	457,4638
2021-12-14	00:21:00		60	0	0	0	0	0	0	0	0	0	0	0	0	0	0	0	0	0	0	0	0	0,0000	0,0000	457,4638
2021-12-14	00:22:00		60	0	0	0	0	0	0	0	0	0	0	0	0	0	0	0	0	0	0	0	0	0,0000	0,0000	457,4638
2021-12-14	00:23:00		60	0	0	0	0	0	0	0	0	0	0	0	0	0	0	0	0	0	0	0	0	0,0000	0,0000	457,4638
2021-12-14	00:24:00		60	0	0	0	0	0	0	0	0	0	0	0	0	0	0	0	0	0	0	0	0	0,0000	0,0000	457,4638
2021-12-14	00:25:00		60	0	0	0	0	0	0	0	0	0	0	0	0	0	0	0	0	0	0	0	0	0,0000	0,0000	457,4638
2021-12-14	00:26:00		60	0	0	0	0	0	0	0	0	0	0	0	0	0	0	0	0	0	0	0	0	0,0000	0,0000	457,4638
2021-12-14	00:27:00		60	0	0	0	0	0	0	0	0	0	0	0	0	0	0	0	0	0	0	0	0	0,0000	0,0000	457,4638
2021-12-14	00:28:00		60	0	0	0	0	0	0	0	0	0	0	0	0	0	0	0	0	0	0	0	0	0,0000	0,0000	457,4638
2021-12-14	00:29:00		60	0	0	0	0	0	0	0	0	0	0	0	0	0	0	0	0	0	0	0	0	0,0000	0,0000	457,4638
2021-12-14	00:30:00		60	0	0	0	0	0	0	0	0	0	0	0	0	0	0	0	0	0	0	0	0	0,0000	0,0000	457,4638
2021-12-14	00:31:00		60	0	0	0	0	0	0	0	0	0	0	0	0	0	0	0	0	0	0	0	0	0,0000	0,0000	457,4638
2021-12-14	00:32:00		60	0	0	0	0	0	0	0	0	0	0	0	0	0	0	0	0	0	0	0	0	0,0000	0,0000	457,4638
2021-12-14	00:33:00		60	0	0	0	0	0	0	0	0	0	0	0	0	0	0	0	0	0	0	0	0	0,0000	0,0000	457,4638
2021-12-14	00:34:00		60	0	0	0	0	0	0	0	0	0	0	0	0	0	0	0	0	0	0	0	0	0,0000	0,0000	457,4638
2021-12-14	00:35:00		60	0	0	0	0	0	0	0	0	0	0	0	0	0	0	0	0	0	0	0	0	0,0000	0,0000	457,4638
2021-12-14	00:36:00		60	0	0	0	0	0	0	0	0	0	0	0	0	0	0	0	0	0	0	0	0	0,0000	0,0000	457,4638
2021-12-14	00:37:00		60	0	0	0	0	0	0	0	0	0	0	0	0	0	0	0	0	0	0	0	0	0,0000	0,0000	457,4638
2021-12-14	00:38:00		60	0	0	0	0	0	0	0	0	0	0	0	0	0	0	0	0	0	0	0	0	0,0000	0,0000	457,4638
2021-12-14	00:39:00		60	0	0	0	0	0	0	0	0	0	0	0	0	0	0	0	0	0	0	0	0	0,0000	0,0000	457,4638
2021-12-14	00:40:00		60	0	0	0	0	0	0	0	0	0	0	0	0	0	0	0	0	0	0	0	0	0,0000	0,0000	457,4638
2021-12-14	00:41:00		60	0	0	0	0	0	0	0	0	0	0	0	0	0	0	0	0	0	0	0	0	0,0000	0,0000	457,4638
2021-12-14	00:42:00		60	0	0	0	0	0	0	0	0	0	0	0	0	0	0	0	0	0	0	0	0	0,0000	0,0000	457,4638
2021-12-14	00:43:00		60	0	0	0	0	0	0	0	0	0	0	0	0	0	0	0	0	0	0	0	0	0,0000	0,0000	457,4638
2021-12-14	00:44:00		60	0	0	0	0	0	0	0	0	0	0	0	0	0	0	0	0	0	0	0	0	0,0000	0,0000	457,4638
2021-12-14	00:45:00		60	0	0	0	0	0	0	0	0	0	0	0	0	0	0	0	0	0	0	0	0	0,0000	0,0000	457,4638
2021-12-14	00:46:00		60	0	0	0	0	0	0	0	0	0	0	0	0	0	0	0	0	0	0	0	0	0,0000	0,0000	457,4638
2021-12-14	00:47:00		60	0	0	0	0	0	0	0	0	0	0	0	0	0	0	0	0	0	0	0	0	0,0000	0,0000	457,4638
2021-12-14	00:48:00		60	0	0	0	0	0	0	0	0	0	0	0	0	0	0	0	0	0	0	0	0	0,0000	0,0000	457,4638
2021-12-14	00:49:00		60	0	0	0	0	0	0	0	0	0	0	0	0	0	0	0	0	0	0	0	0	0,0000	0,0000	457,4638
2021-12-14	00:50:00		60	0	0	0	0	0	0	0	0	0	0	0	0	0	0	0	0	0	0	0	0	0,0000	0,0000	457,4638
2021-12-14	00:51:00		60	0	0	0	0	0	0	0	0	0	0	0	0	0	0	0	0	0	0	0	0	0,0000	0,0000	457,4638
2021-12-14	00:52:00		60	0	0	0	0	0	0	0	0	0	0	0	0	0	0	0	0	0	0	0	0	0,0000	0,0000	457,4638
2021-12-14	00:53:00		60	0	0	0	0	0	0	0	0	0	0	0	0	0	0	0	0	0	0	0	0	0,0000	0,0000	457,4638
2021-12-14	00:54:00		60	0	0	0	0	0	0	0	0	0	0	0	0	0	0	0	0	0	0	0	0	0,0000	0,0000	457,4638
2021-12-14	00:55:00		60	0	0	0	0	0	0	0	0	0	0	0	0	0	0	0	0	0	0	0	0	0,0000	0,0000	457,4638
2021-12-14	00:56:00		60	0	0	0	0	0	0	0	0	0	0	0	0	0	0	0	0	0	0	0	0	0,0000	0,0000	457,4638
2021-12-14	00:57:00		60	0	0	0	0	0	0	0	0	0	0	0	0	0	0	0	0	0	0	0	0	0,0000	0,0000	457,4638
2021-12-14	00:58:00		60	0	0	0	0	0	0	0	0	0	0	0	0	0	0	0	0	0	0	0	0	0,0000	0,0000	457,4638
2021-12-14	00:59:00		60	0	0	0	0	0	0	0	0	0	0	0	0	0	0	0	0	0	0	0	0	0,0000	0,0000	457,4638
2021-12-14	01:00:00		60	0	0	0	0	0	0	0	0	0	0	0	0	0	0	0	0	0	0	0	0	0,0000	0,0000	457,4638
2021-12-14	01:01:00		60	0	0	0	0	0	1	0	0	0	0	0	0	0	0	0	0	0	0	0	0	0,0048	0,0001	457,4639
2021-12-14	01:02:00		60	0	0	0	0	0	0	0	0	0	0	0	0	0	0	0	0	0	0	0	0	0,0000	0,0000	457,4639
2021-12-14	01:03:00		60	0	0	0	0	0	0	0	0	0	0	0	0	0	0	0	0	0	0	0	0	0,0000	0,0000	457,4639
2021-12-14	01:04:00		60	0	0	0	0	0	0	0	0	0	0	0	0	0	0	0	0	0	0	0	0	0,0000	0,0000	457,4639
2021-12-14	01:05:00		60	0	0	0	0	0	0	0	0	0	0	0	0	0	0	0	0	0	0	0	0	0,0000	0,0000	457,4639
2021-12-14	01:06:00		60	0	0	0	0	0	0	0	0	0	0	0	0	0	0	0	0	0	0	0	0	0,0000	0,0000	457,4639
2021-12-14	01:07:00		60	0	0	0	0	0	0	0	0	0	0	0	0	0	0	0	0	0	0	0	0	0,0000	0,0000	457,4639
2021-12-14	01:08:00		60	0	0	0	0	0	0	0	0	0	0	0	0	0	0	0	0	0	0	0	0	0,0000	0,0000	457,4639
2021-12-14	01:09:00		60	0	0	0	0	0	0	0	0	0	0	0	0	0	0	0	0	0	0	0	0	0,0000	0,0000	457,4639
2021-12-14	01:10:00		60	0	0	0	1	0	0	0	0	0	0	0	0	0	0	0	0	0	0	0	0	0,0018	0,0000	457,4639
2021-12-14	01:11:00		60	0	0	0	0	0	0	0	0	0	0	0	0	0	0	0	0	0	0	0	0	0,0000	0,0000	457,4639
2021-12-14	01:12:00		60	0	0	0	0	0	0	0	0	0	0	0	0	0	0	0	0	0	0	0	0	0,0000	0,0000	457,4639
2021-12-14	01:13:00		60	0	0	0	0	0	0	0	0	0	0	0	0	0	0	0	0	0	0	0	0	0,0000	0,0000	457,4639
2021-12-14	01:14:00		60	0	0	0	0	0	0	0	0	0	0	0	0	0	0	0	0	0	0	0	0	0,0000	0,0000	457,4639
2021-12-14	01:15:00		60	0	0	0	1	0	0	0	0	0	0	0	0	0	0	0	0	0	0	0	0	0,0018	0,0000	457,4640
2021-12-14	01:16:00		60	0	0	0	0	0	0	0	0	0	0	0	0	0	0	0	0	0	0	0	0	0,0000	0,0000	457,4640
2021-12-14	01:17:00		60	0	0	0	0	0	0	0	0	0	0	0	0	0	0	0	0	0	0	0	0	0,0000	0,0000	457,4640
2021-12-14	01:18:00		60	0	0	0	0	0	0	0	0	0	0	0	0	0	0	0	0	0	0	0	0	0,0000	0,0000	457,4640
2021-12-14	01:19:00		60	0	0	0	0	0	0	0	0	0	0	0	0	0	0	0	0	0	0	0	0	0,0000	0,0000	457,4640
2021-12-14	01:20:00		60	0	0	0	0	0	0	0	0	0	0	0	0	0	0	0	0	0	0	0	0	0,0000	0,0000	457,4640
2021-12-14	01:21:00		60	0	0	0	0	0	0	0	0	0	0	0	0	0	0	0	0	0	0	0	0	0,0000	0,0000	457,4640
2021-12-14	01:22:00		60	0	0	0	0	0	0	0	0	0	0	0	0	0	0	0	0	0	0	0	0	0,0000	0,0000	457,4640
2021-12-14	01:23:00		60	0	0	0	0	0	0	0	0	0	0	0	0	0	0	0	0	0	0	0	0	0,0000	0,0000	457,4640
2021-12-14	01:24:00		60	0	0	0	0	0	0	0	0	0	0	0	0	0	0	0	0	0	0	0	0	0,0000	0,0000	457,4640
2021-12-14	01:25:00		60	0	0	0	0	0	0	0	0	0	0	0	0	0	0	0	0	0	0	0	0	0,0000	0,0000	457,4640
2021-12-14	01:26:00		60	0	0	0	0	0	0	0	0	0	0	0	0	0	0	0	0	0	0	0	0	0,0000	0,0000	457,4640
2021-12-14	01:27:00		60	0	0	0	0	0	0	0	0	0	0	0	0	0	0	0	0	0	0	0	0	0,0000	0,0000	457,4640
2021-12-14	01:28:00		60	0	0	0	0	0	0	0	0	0	0	0	0	0	0	0	0	0	0	0	0	0,0000	0,0000	457,4640
2021-12-14	01:29:00		60	0	0	0	0	0	0	0	0	0	0	0	0	0	0	0	0	0	0	0	0	0,0000	0,0000	457,4640
2021-12-14	01:30:00		60	0	0	0	0	0	0	0	0	0	0	0	0	0	0	0	0	0	0	0	0	0,0000	0,0000	457,4640
2021-12-14	01:31:00		60	0	0	0	0	0	0	0	0	0	0	0	0	0	0	0	0	0	0	0	0	0,0000	0,0000	457,4640
2021-12-14	01:32:00		60	0	0	0	0	0	0	0	0	0	0	0	0	0	0	0	0	0	0	0	0	0,0000	0,0000	457,4640
2021-12-14	01:33:00		60	0	0	0	0	0	0	0	0	0	0	0	0	0	0	0	0	0	0	0	0	0,0000	0,0000	457,4640
2021-12-14	01:34:00		60	0	0	0	0	0	0	0	0	0	0	0	0	0	0	0	0	0	0	0	0	0,0000	0,0000	457,4640
2021-12-14	01:35:00		60	0	0	0	0	0	0	0	0	0	0	0	0	0	0	0	0	0	0	0	0	0,0000	0,0000	457,4640
2021-12-14	01:36:00		60	0	0	0	0	0	0	0	0	0	0	0	0	0	0	0	0	0	0	0	0	0,0000	0,0000	457,4640
2021-12-14	01:37:00		60	0	0	0	0	0	0	0	0	0	0	0	0	0	0	0	0	0	0	0	0	0,0000	0,0000	457,4640
2021-12-14	01:38:00		60	0	0	0	0	0	0	0	0	0	0	0	0	0	0	0	0	0	0	0	0	0,0000	0,0000	457,4640
2021-12-14	01:39:00		60	0	0	0	0	0	0	0	0	0	0	0	0	0	0	0	0	0	0	0	0	0,0000	0,0000	457,4640
2021-12-14	01:40:00		60	0	0	0	0	0	0	0	0	0	0	0	0	0	0	0	0	0	0	0	0	0,0000	0,0000	457,4640
2021-12-14	01:41:00		60	0	0	0	1	0	0	0	0	0	0	0	0	0	0	0	0	0	0	0	0	0,0018	0,0000	457,4640
2021-12-14	01:42:00		60	0	0	0	0	0	0	0	0	0	0	0	0	0	0	0	0	0	0	0	0	0,0000	0,0000	457,4640
2021-12-14	01:43:00		60	0	0	0	0	0	0	0	0	0	0	0	0	0	0	0	0	0	0	0	0	0,0000	0,0000	457,4640
2021-12-14	01:44:00		60	0	0	0	0	0	0	0	0	0	0	0	0	0	0	0	0	0	0	0	0	0,0000	0,0000	457,4640
2021-12-14	01:45:00		60	0	0	0	0	0	0	0	0	0	0	0	0	0	0	0	0	0	0	0	0	0,0000	0,0000	457,4640
2021-12-14	01:46:00		60	0	0	0	0	0	0	0	0	0	0	0	0	0	0	0	0	0	0	0	0	0,0000	0,0000	457,4640
2021-12-14	01:47:00		60	0	0	0	0	0	0	0	0	0	0	0	0	0	0	0	0	0	0	0	0	0,0000	0,0000	457,4640
2021-12-14	01:48:00		60	0	0	0	0	0	0	0	0	0	0	0	0	0	0	0	0	0	0	0	0	0,0000	0,0000	457,4640
2021-12-14	01:49:00		60	0	0	0	0	0	0	0	0	0	0	0	0	0	0	0	0	0	0	0	0	0,0000	0,0000	457,4640
2021-12-14	01:50:00		60	0	0	0	0	0	0	0	0	0	0	0	0	0	0	0	0	0	0	0	0	0,0000	0,0000	457,4640
2021-12-14	01:51:00		60	0	0	0	0	0	0	0	0	0	0	0	0	0	0	0	0	0	0	0	0	0,0000	0,0000	457,4640
2021-12-14	01:52:00		60	0	0	0	0	0	0	0	0	0	0	0	0	0	0	0	0	0	0	0	0	0,0000	0,0000	457,4640
2021-12-14	01:53:00		60	0	0	1	0	0	0	0	0	0	0	0	0	0	0	0	0	0	0	0	0	0,0011	0,0000	457,4640
2021-12-14	01:54:00		60	0	0	0	0	0	0	0	0	0	0	0	0	0	0	0	0	0	0	0	0	0,0000	0,0000	457,4640
2021-12-14	01:55:00		60	0	0	0	0	0	0	0	0	0	0	0	0	0	0	0	0	0	0	0	0	0,0000	0,0000	457,4640
2021-12-14	01:56:00		60	0	0	0	0	0	0	0	0	0	0	0	0	0	0	0	0	0	0	0	0	0,0000	0,0000	457,4640
2021-12-14	01:57:00		60	0	0	0	0	0	0	0	0	0	0	0	0	0	0	0	0	0	0	0	0	0,0000	0,0000	457,4640
2021-12-14	01:58:00		60	0	0	0	0	0	0	0	0	0	0	0	0	0	0	0	0	0	0	0	0	0,0000	0,0000	457,4640
2021-12-14	01:59:00		60	0	0	0	0	0	0	0	0	0	0	0	0	0	0	0	0	0	0	0	0	0,0000	0,0000	457,4640
2021-12-14	02:00:00		60	0	0	0	0	0	0	0	0	0	0	0	0	0	0	0	0	0	0	0	0	0,0000	0,0000	457,4640
2021-12-14	02:01:00		60	0	0	0	0	0	0	0	0	0	0	0	0	0	0	0	0	0	0	0	0	0,0000	0,0000	457,4640
2021-12-14	02:02:00		60	0	0	0	0	0	0	0	0	0	0	0	0	0	0	0	0	0	0	0	0	0,0000	0,0000	457,4640
2021-12-14	02:03:00		60	0	0	0	0	0	0	0	0	0	0	0	0	0	0	0	0	0	0	0	0	0,0000	0,0000	457,4640
2021-12-14	02:04:00		60	0	0	0	0	0	0	0	0	0	0	0	0	0	0	0	0	0	0	0	0	0,0000	0,0000	457,4640
2021-12-14	02:05:00		60	0	0	0	0	0	0	0	0	0	0	0	0	0	0	0	0	0	0	0	0	0,0000	0,0000	457,4640
2021-12-14	02:06:00		60	0	0	0	0	0	0	0	0	0	0	0	0	0	0	0	0	0	0	0	0	0,0000	0,0000	457,4640
2021-12-14	02:07:00		60	0	0	0	0	0	0	0	0	0	0	0	0	0	0	0	0	0	0	0	0	0,0000	0,0000	457,4640
2021-12-14	02:08:00		60	0	0	0	0	0	0	0	0	0	0	0	0	0	0	0	0	0	0	0	0	0,0000	0,0000	457,4640
2021-12-14	02:09:00		60	0	0	0	0	0	0	0	0	0	0	0	0	0	0	0	0	0	0	0	0	0,0000	0,0000	457,4640
2021-12-14	02:10:00		60	0	0	0	0	0	0	0	0	0	0	0	0	0	0	0	0	0	0	0	0	0,0000	0,0000	457,4640
2021-12-14	02:11:00		60	0	0	0	0	0	0	0	0	0	0	0	0	0	0	0	0	0	0	0	0	0,0000	0,0000	457,4640
2021-12-14	02:12:00		60	0	0	0	0	0	0	0	0	0	0	0	0	0	0	0	0	0	0	0	0	0,0000	0,0000	457,4640
2021-12-14	02:13:00		60	0	0	0	0	0	0	0	0	0	0	0	0	0	0	0	0	0	0	0	0	0,0000	0,0000	457,4640
2021-12-14	02:14:00		60	0	0	0	0	0	0	0	0	0	0	0	0	0	0	0	0	0	0	0	0	0,0000	0,0000	457,4640
2021-12-14	02:15:00		60	0	0	0	0	0	0	0	0	0	0	0	0	0	0	0	0	0	0	0	0	0,0000	0,0000	457,4640
2021-12-14	02:16:00		60	0	0	0	0	0	0	0	0	0	0	0	0	0	0	0	0	0	0	0	0	0,0000	0,0000	457,4640
2021-12-14	02:17:00		60	0	0	0	0	0	0	0	0	0	0	0	0	0	0	0	0	0	0	0	0	0,0000	0,0000	457,4640
2021-12-14	02:18:00		60	0	3	2	1	0	0	0	0	0	0	0	0	0	0	0	0	0	0	0	0	0,0057	0,0001	457,4641
2021-12-14	02:19:00		60	0	3	1	2	2	0	0	0	0	0	0	0	0	0	0	0	0	0	0	0	0,0121	0,0002	457,4643
2021-12-14	02:20:00		60	2	2	1	2	2	0	0	0	0	0	0	0	0	0	0	0	0	0	0	0	0,0121	0,0002	457,4645
2021-12-14	02:21:00		60	5	2	6	5	0	0	0	0	0	0	0	0	0	0	0	0	0	0	0	0	0,0178	0,0003	457,4648
2021-12-14	02:22:00		60	4	1	2	5	1	0	0	0	0	0	0	0	0	0	0	0	0	0	0	0	0,0156	0,0003	457,4651
2021-12-14	02:23:00		60	1	0	6	2	0	0	0	0	0	0	0	0	0	0	0	0	0	0	0	0	0,0101	0,0002	457,4652
2021-12-14	02:24:00		60	4	4	5	1	1	0	0	1	0	0	0	0	0	0	0	0	0	0	0	0	0,0283	0,0005	457,4657
2021-12-14	02:25:00		60	3	2	4	6	1	0	0	1	0	0	0	0	0	0	0	0	0	0	0	0	0,0346	0,0006	457,4663
2021-12-14	02:26:00		60	5	4	14	4	1	0	0	0	0	0	0	0	0	0	0	0	0	0	0	0	0,0285	0,0005	457,4668
2021-12-14	02:27:00		60	3	3	5	1	2	2	0	0	0	0	0	0	0	0	0	0	0	0	0	0	0,0250	0,0004	457,4672
2021-12-14	02:28:00		60	3	3	4	5	2	2	1	0	0	0	0	0	0	0	0	0	0	0	0	0	0,0398	0,0007	457,4679
2021-12-14	02:29:00		60	5	8	4	3	1	0	1	0	0	0	0	0	0	0	0	0	0	0	0	0	0,0273	0,0005	457,4683
2021-12-14	02:30:00		60	3	4	4	4	1	0	0	0	0	0	0	0	0	0	0	0	0	0	0	0	0,0174	0,0003	457,4686
2021-12-14	02:31:00		60	6	4	1	4	1	0	1	1	0	0	0	0	0	0	0	0	0	0	0	0	0,0387	0,0006	457,4692
2021-12-14	02:32:00		60	2	4	4	1	0	0	2	1	0	0	0	0	0	0	0	0	0	0	0	0	0,0412	0,0007	457,4699
2021-12-14	02:33:00		60	1	1	1	1	0	2	2	1	0	0	0	0	0	0	0	0	0	0	0	0	0,0456	0,0008	457,4707
2021-12-14	02:34:00		60	4	2	3	8	3	1	2	0	0	0	0	0	0	0	0	0	0	0	0	0	0,0506	0,0008	457,4715
2021-12-14	02:35:00		60	3	2	2	2	3	0	0	0	0	0	0	0	0	0	0	0	0	0	0	0	0,0163	0,0003	457,4718
2021-12-14	02:36:00		60	1	0	1	1	4	0	0	0	0	0	0	0	0	0	0	0	0	0	0	0	0,0146	0,0002	457,4720
2021-12-14	02:37:00		60	3	0	1	2	6	3	0	0	0	0	0	0	0	0	0	0	0	0	0	0	0,0371	0,0006	457,4727
2021-12-14	02:38:00		60	1	0	0	2	4	3	0	0	0	0	0	0	0	0	0	0	0	0	0	0	0,0297	0,0005	457,4732
2021-12-14	02:39:00		60	2	0	1	3	4	4	0	0	0	0	0	0	0	0	0	0	0	0	0	0	0,0376	0,0006	457,4738
2021-12-14	02:40:00		60	0	0	2	6	6	2	0	0	0	0	0	0	0	0	0	0	0	0	0	0	0,0396	0,0007	457,4744
2021-12-14	02:41:00		60	1	0	4	7	7	0	0	0	0	0	0	0	0	0	0	0	0	0	0	0	0,0371	0,0006	457,4751
2021-12-14	02:42:00		60	1	0	2	4	6	1	0	0	0	0	0	0	0	0	0	0	0	0	0	0	0,0315	0,0005	457,4756
2021-12-14	02:43:00		60	0	1	2	8	4	5	0	0	0	0	0	0	0	0	0	0	0	0	0	0	0,0523	0,0009	457,4765
2021-12-14	02:44:00		60	1	5	2	5	6	4	0	0	0	0	0	0	0	0	0	0	0	0	0	0	0,0506	0,0008	457,4773
2021-12-14	02:45:00		60	1	0	2	7	1	1	0	0	0	0	0	0	0	0	0	0	0	0	0	0	0,0225	0,0004	457,4777
2021-12-14	02:46:00		60	0	2	1	4	2	0	0	0	0	0	0	0	0	0	0	0	0	0	0	0	0,0151	0,0003	457,4779
2021-12-14	02:47:00		60	0	0	0	6	3	0	0	0	0	0	0	0	0	0	0	0	0	0	0	0	0,0193	0,0003	457,4783
2021-12-14	02:48:00		60	0	0	1	1	2	0	0	0	0	0	0	0	0	0	0	0	0	0	0	0	0,0086	0,0001	457,4784
2021-12-14	02:49:00		60	0	0	0	1	2	3	0	0	1	1	0	0	0	0	0	0	0	0	0	0	0,0723	0,0012	457,4796
2021-12-14	02:50:00		60	0	0	0	3	3	2	1	0	0	0	0	0	0	0	0	0	0	0	0	0	0,0323	0,0005	457,4801
2021-12-14	02:51:00		60	1	0	1	4	2	6	0	1	2	0	0	0	0	0	0	0	0	0	0	0	0,1006	0,0017	457,4818
2021-12-14	02:52:00		60	1	0	0	1	4	3	0	0	1	1	1	0	0	0	0	0	0	0	0	0	0,1223	0,0020	457,4839
2021-12-14	02:53:00		60	1	0	0	1	7	5	1	11	1	1	3	0	0	0	0	0	0	0	0	0	0,4001	0,0067	457,4905
2021-12-14	02:54:00		60	3	0	0	2	2	2	4	6	2	2	2	0	0	0	0	0	0	0	0	0	0,3323	0,0055	457,4961
2021-12-14	02:55:00		60	0	2	0	1	2	0	8	4	0	3	1	0	0	0	0	0	0	0	0	0	0,2688	0,0045	457,5005
2021-12-14	02:56:00		60	0	0	0	0	0	0	3	2	3	1	0	0	0	0	0	0	0	0	0	0	0,1492	0,0025	457,5030
2021-12-14	02:57:00		60	0	1	0	1	1	0	0	4	2	1	0	0	0	0	0	0	0	0	0	0	0,1364	0,0023	457,5053
2021-12-14	02:58:00		60	0	0	0	0	0	0	1	2	1	0	0	0	0	0	0	0	0	0	0	0	0,0598	0,0010	457,5063
2021-12-14	02:59:00		60	1	0	0	0	0	0	2	2	0	0	0	0	0	0	0	0	0	0	0	0	0,0474	0,0008	457,5071
2021-12-14	03:00:00		60	0	0	0	0	0	0	1	1	0	1	0	0	0	0	0	0	0	0	0	0	0,0526	0,0009	457,5080
2021-12-14	03:01:00		60	0	0	2	0	0	0	1	0	0	0	0	0	0	0	0	0	0	0	0	0	0,0108	0,0002	457,5081
2021-12-14	03:02:00		60	0	0	0	0	0	1	0	0	0	0	0	0	0	0	0	0	0	0	0	0	0,0048	0,0001	457,5082
2021-12-14	03:03:00		60	0	0	0	0	0	0	0	0	0	0	0	0	0	0	0	0	0	0	0	0	0,0000	0,0000	457,5082
2021-12-14	03:04:00		60	0	0	0	0	0	0	1	0	0	0	0	0	0	0	0	0	0	0	0	0	0,0087	0,0001	457,5084
2021-12-14	03:05:00		60	0	0	0	0	0	0	0	0	0	0	0	0	0	0	0	0	0	0	0	0	0,0000	0,0000	457,5084
2021-12-14	03:06:00		60	0	0	0	0	0	0	0	0	0	0	0	0	0	0	0	0	0	0	0	0	0,0000	0,0000	457,5084
2021-12-14	03:07:00		60	0	0	0	0	0	0	0	0	0	0	0	0	0	0	0	0	0	0	0	0	0,0000	0,0000	457,5084
2021-12-14	03:08:00		60	0	0	0	0	0	0	1	0	0	0	0	0	0	0	0	0	0	0	0	0	0,0087	0,0001	457,5085
2021-12-14	03:09:00		60	0	0	0	0	0	0	0	0	0	0	0	0	0	0	0	0	0	0	0	0	0,0000	0,0000	457,5085
2021-12-14	03:10:00		60	0	0	0	0	0	0	1	0	0	0	0	0	0	0	0	0	0	0	0	0	0,0087	0,0001	457,5087
2021-12-14	03:11:00		60	0	0	0	0	0	0	0	0	0	0	0	0	0	0	0	0	0	0	0	0	0,0000	0,0000	457,5087
2021-12-14	03:12:00		60	0	0	0	0	0	0	0	0	0	0	0	0	0	0	0	0	0	0	0	0	0,0000	0,0000	457,5087
2021-12-14	03:13:00		60	0	0	0	0	0	0	2	0	0	0	0	0	0	0	0	0	0	0	0	0	0,0175	0,0003	457,5090
2021-12-14	03:14:00		60	0	0	0	0	0	1	0	0	0	0	0	0	0	0	0	0	0	0	0	0	0,0048	0,0001	457,5090
2021-12-14	03:15:00		60	0	0	0	0	0	0	0	0	0	0	0	0	0	0	0	0	0	0	0	0	0,0000	0,0000	457,5090
2021-12-14	03:16:00		60	0	0	0	0	0	0	0	0	0	0	0	0	0	0	0	0	0	0	0	0	0,0000	0,0000	457,5090
2021-12-14	03:17:00		60	0	0	0	0	0	0	0	0	0	0	0	0	0	0	0	0	0	0	0	0	0,0000	0,0000	457,5090
2021-12-14	03:18:00		60	0	0	0	0	0	0	0	0	0	0	0	0	0	0	0	0	0	0	0	0	0,0000	0,0000	457,5090
2021-12-14	03:19:00		60	0	0	0	0	0	0	0	0	0	0	0	0	0	0	0	0	0	0	0	0	0,0000	0,0000	457,5090
2021-12-14	03:20:00		60	0	0	0	0	0	0	0	0	0	0	0	0	0	0	0	0	0	0	0	0	0,0000	0,0000	457,5090
2021-12-14	03:21:00		60	0	0	0	0	0	0	0	0	0	0	0	0	0	0	0	0	0	0	0	0	0,0000	0,0000	457,5090
2021-12-14	03:22:00		60	0	0	0	0	0	0	0	0	0	0	0	0	0	0	0	0	0	0	0	0	0,0000	0,0000	457,5090
2021-12-14	03:23:00		60	0	0	0	0	0	0	0	0	0	0	0	0	0	0	0	0	0	0	0	0	0,0000	0,0000	457,5090
2021-12-14	03:24:00		60	0	0	0	0	0	0	0	0	0	0	0	0	0	0	0	0	0	0	0	0	0,0000	0,0000	457,5090
2021-12-14	03:25:00		60	0	0	0	0	0	0	0	0	0	0	0	0	0	0	0	0	0	0	0	0	0,0000	0,0000	457,5090
2021-12-14	03:26:00		60	0	0	0	0	0	0	0	0	0	0	0	0	0	0	0	0	0	0	0	0	0,0000	0,0000	457,5090
2021-12-14	03:27:00		60	0	0	0	0	0	0	0	0	0	0	0	0	0	0	0	0	0	0	0	0	0,0000	0,0000	457,5090
2021-12-14	03:28:00		60	0	0	0	0	0	0	0	0	0	0	0	0	0	0	0	0	0	0	0	0	0,0000	0,0000	457,5090
2021-12-14	03:29:00		60	0	0	0	0	0	0	0	0	0	0	0	0	0	0	0	0	0	0	0	0	0,0000	0,0000	457,5090
2021-12-14	03:30:00		60	0	0	0	0	0	0	0	0	0	0	0	0	0	0	0	0	0	0	0	0	0,0000	0,0000	457,5090
2021-12-14	03:31:00		60	0	0	0	0	0	0	0	0	0	0	0	0	0	0	0	0	0	0	0	0	0,0000	0,0000	457,5090
2021-12-14	03:32:00		60	0	0	0	0	0	0	0	0	1	0	0	0	0	0	0	0	0	0	0	0	0,0215	0,0004	457,5094
2021-12-14	03:33:00		60	0	0	0	0	0	0	0	0	0	0	0	0	0	0	0	0	0	0	0	0	0,0000	0,0000	457,5094
2021-12-14	03:34:00		60	0	0	0	0	0	0	0	0	0	0	0	0	0	0	0	0	0	0	0	0	0,0000	0,0000	457,5094
2021-12-14	03:35:00		60	0	0	0	0	0	0	1	0	0	0	0	0	0	0	0	0	0	0	0	0	0,0087	0,0001	457,5095
2021-12-14	03:36:00		60	0	0	0	0	0	0	1	0	0	0	0	0	0	0	0	0	0	0	0	0	0,0087	0,0001	457,5097
2021-12-14	03:37:00		60	0	0	0	0	0	0	0	0	0	0	0	0	0	0	0	0	0	0	0	0	0,0000	0,0000	457,5097
2021-12-14	03:38:00		60	0	0	0	0	0	0	0	0	0	0	0	0	0	0	0	0	0	0	0	0	0,0000	0,0000	457,5097
2021-12-14	03:39:00		60	0	0	0	0	0	0	0	0	0	0	0	0	0	0	0	0	0	0	0	0	0,0000	0,0000	457,5097
2021-12-14	03:40:00		60	0	0	0	0	0	0	0	0	0	0	0	0	0	0	0	0	0	0	0	0	0,0000	0,0000	457,5097
2021-12-14	03:41:00		60	0	0	0	0	0	0	0	0	0	0	0	0	0	0	0	0	0	0	0	0	0,0000	0,0000	457,5097
2021-12-14	03:42:00		60	0	0	0	0	0	0	0	0	0	0	0	0	0	0	0	0	0	0	0	0	0,0000	0,0000	457,5097
2021-12-14	03:43:00		60	0	0	0	0	0	0	0	0	0	0	0	0	0	0	0	0	0	0	0	0	0,0000	0,0000	457,5097
2021-12-14	03:44:00		60	0	0	0	1	0	0	0	0	0	0	0	0	0	0	0	0	0	0	0	0	0,0018	0,0000	457,5097
2021-12-14	03:45:00		60	0	0	0	0	0	0	0	0	0	0	0	0	0	0	0	0	0	0	0	0	0,0000	0,0000	457,5097
2021-12-14	03:46:00		60	0	0	0	0	0	0	0	0	0	0	0	0	0	0	0	0	0	0	0	0	0,0000	0,0000	457,5097
2021-12-14	03:47:00		60	0	0	0	0	0	0	0	0	0	0	0	0	0	0	0	0	0	0	0	0	0,0000	0,0000	457,5097
2021-12-14	03:48:00		60	0	0	0	0	0	0	0	0	0	0	0	0	0	0	0	0	0	0	0	0	0,0000	0,0000	457,5097
2021-12-14	03:49:00		60	0	0	0	0	0	0	0	0	0	0	0	0	0	0	0	0	0	0	0	0	0,0000	0,0000	457,5097
2021-12-14	03:50:00		60	0	0	0	0	0	0	0	0	0	0	0	0	0	0	0	0	0	0	0	0	0,0000	0,0000	457,5097
2021-12-14	03:51:00		60	0	0	0	0	0	0	0	0	0	0	0	0	0	0	0	0	0	0	0	0	0,0000	0,0000	457,5097
2021-12-14	03:52:00		60	0	0	0	0	0	0	0	0	0	0	0	0	0	0	0	0	0	0	0	0	0,0000	0,0000	457,5097
2021-12-14	03:53:00		60	0	0	0	0	0	0	0	0	0	0	0	0	0	0	0	0	0	0	0	0	0,0000	0,0000	457,5097
2021-12-14	03:54:00		60	0	0	0	0	0	0	0	0	0	0	0	0	0	0	0	0	0	0	0	0	0,0000	0,0000	457,5097
2021-12-14	03:55:00		60	0	0	0	0	0	0	0	0	0	0	0	0	0	0	0	0	0	0	0	0	0,0000	0,0000	457,5097
2021-12-14	03:56:00		60	0	0	0	0	0	0	0	0	0	0	0	0	0	0	0	0	0	0	0	0	0,0000	0,0000	457,5097
2021-12-14	03:57:00		60	0	0	0	0	0	0	0	0	0	0	0	0	0	0	0	0	0	0	0	0	0,0000	0,0000	457,5097
2021-12-14	03:58:00		60	0	0	0	0	0	0	0	0	0	0	0	0	0	0	0	0	0	0	0	0	0,0000	0,0000	457,5097
2021-12-14	03:59:00		60	0	0	0	0	0	0	0	0	0	0	0	0	0	0	0	0	0	0	0	0	0,0000	0,0000	457,5097
2021-12-14	04:00:00		60	0	0	0	0	0	0	0	0	0	0	0	0	0	0	0	0	0	0	0	0	0,0000	0,0000	457,5097
2021-12-14	04:01:00		60	0	0	0	0	0	0	0	0	0	0	0	0	0	0	0	0	0	0	0	0	0,0000	0,0000	457,5097
2021-12-14	04:02:00		60	0	0	0	0	0	0	0	0	0	0	0	0	0	0	0	0	0	0	0	0	0,0000	0,0000	457,5097
2021-12-14	04:03:00		60	0	0	0	0	0	0	0	0	0	0	0	0	0	0	0	0	0	0	0	0	0,0000	0,0000	457,5097
2021-12-14	04:04:00		60	0	0	0	0	0	0	0	0	0	0	0	0	0	0	0	0	0	0	0	0	0,0000	0,0000	457,5097
2021-12-14	04:05:00		60	0	0	0	0	0	0	0	0	0	0	0	0	0	0	0	0	0	0	0	0	0,0000	0,0000	457,5097
2021-12-14	04:06:00		60	0	0	0	0	0	0	0	0	0	0	0	0	0	0	0	0	0	0	0	0	0,0000	0,0000	457,5097
2021-12-14	04:07:00		60	0	0	0	0	0	0	0	0	0	0	0	0	0	0	0	0	0	0	0	0	0,0000	0,0000	457,5097
2021-12-14	04:08:00		60	0	0	0	0	0	0	0	0	0	0	0	0	0	0	0	0	0	0	0	0	0,0000	0,0000	457,5097
2021-12-14	04:09:00		60	0	0	0	0	0	0	0	0	0	0	0	0	0	0	0	0	0	0	0	0	0,0000	0,0000	457,5097
2021-12-14	04:10:00		60	0	0	0	0	0	0	0	0	0	0	0	0	0	0	0	0	0	0	0	0	0,0000	0,0000	457,5097
2021-12-14	04:11:00		60	0	0	0	0	0	0	0	0	0	0	0	0	0	0	0	0	0	0	0	0	0,0000	0,0000	457,5097
2021-12-14	04:12:00		60	0	0	0	0	0	0	0	0	0	0	0	0	0	0	0	0	0	0	0	0	0,0000	0,0000	457,5097
2021-12-14	04:13:00		60	0	0	0	0	0	0	0	0	0	0	0	0	0	0	0	0	0	0	0	0	0,0000	0,0000	457,5097
2021-12-14	04:14:00		60	0	0	0	0	0	0	0	0	0	0	0	0	0	0	0	0	0	0	0	0	0,0000	0,0000	457,5097
2021-12-14	04:15:00		60	0	0	0	0	0	0	0	0	0	0	0	0	0	0	0	0	0	0	0	0	0,0000	0,0000	457,5097
2021-12-14	04:16:00		60	0	0	0	0	0	0	0	0	0	0	0	0	0	0	0	0	0	0	0	0	0,0000	0,0000	457,5097
2021-12-14	04:17:00		60	0	0	0	0	0	0	0	0	0	0	0	0	0	0	0	0	0	0	0	0	0,0000	0,0000	457,5097
2021-12-14	04:18:00		60	0	0	0	0	0	0	0	0	0	0	0	0	0	0	0	0	0	0	0	0	0,0000	0,0000	457,5097
2021-12-14	04:19:00		60	0	0	0	0	0	0	0	0	0	0	0	0	0	0	0	0	0	0	0	0	0,0000	0,0000	457,5097
2021-12-14	04:20:00		60	0	0	0	0	0	0	0	0	0	0	0	0	0	0	0	0	0	0	0	0	0,0000	0,0000	457,5097
2021-12-14	04:21:00		60	0	0	0	0	0	0	0	0	0	0	0	0	0	0	0	0	0	0	0	0	0,0000	0,0000	457,5097
2021-12-14	04:22:00		60	0	0	0	0	0	0	0	0	0	0	0	0	0	0	0	0	0	0	0	0	0,0000	0,0000	457,5097
2021-12-14	04:23:00		60	0	0	0	0	0	0	0	0	0	0	0	0	0	0	0	0	0	0	0	0	0,0000	0,0000	457,5097
2021-12-14	04:24:00		60	0	0	0	0	0	0	0	0	0	0	0	0	0	0	0	0	0	0	0	0	0,0000	0,0000	457,5097
2021-12-14	04:25:00		60	0	0	0	0	0	0	0	0	0	0	0	0	0	0	0	0	0	0	0	0	0,0000	0,0000	457,5097
2021-12-14	04:26:00		60	0	0	0	0	0	0	0	0	0	0	0	0	0	0	0	0	0	0	0	0	0,0000	0,0000	457,5097
2021-12-14	04:27:00		60	0	0	0	0	0	0	0	0	0	0	0	0	0	0	0	0	0	0	0	0	0,0000	0,0000	457,5097
2021-12-14	04:28:00		60	0	0	0	0	0	0	0	0	0	0	0	0	0	0	0	0	0	0	0	0	0,0000	0,0000	457,5097
2021-12-14	04:29:00		60	0	0	0	0	0	0	0	0	0	0	0	0	0	0	0	0	0	0	0	0	0,0000	0,0000	457,5097
2021-12-14	04:30:00		60	0	0	0	0	0	0	0	0	0	0	0	0	0	0	0	0	0	0	0	0	0,0000	0,0000	457,5097
2021-12-14	04:31:00		60	0	0	0	0	1	0	0	0	0	0	0	0	0	0	0	0	0	0	0	0	0,0029	0,0000	457,5098
2021-12-14	04:32:00		60	0	0	0	0	0	0	0	0	0	0	0	0	0	0	0	0	0	0	0	0	0,0000	0,0000	457,5098
2021-12-14	04:33:00		60	0	0	1	0	0	0	0	0	0	0	0	0	0	0	0	0	0	0	0	0	0,0011	0,0000	457,5098
2021-12-14	04:34:00		60	0	0	0	0	0	0	0	0	0	0	0	0	0	0	0	0	0	0	0	0	0,0000	0,0000	457,5098
2021-12-14	04:35:00		60	0	0	1	1	0	0	0	0	0	0	0	0	0	0	0	0	0	0	0	0	0,0028	0,0000	457,5098
2021-12-14	04:36:00		60	0	0	0	0	0	0	0	0	0	0	0	0	0	0	0	0	0	0	0	0	0,0000	0,0000	457,5098
2021-12-14	04:37:00		60	0	0	0	2	0	0	0	0	0	0	0	0	0	0	0	0	0	0	0	0	0,0035	0,0001	457,5099
2021-12-14	04:38:00		60	0	0	1	0	0	0	0	0	0	0	0	0	0	0	0	0	0	0	0	0	0,0011	0,0000	457,5099
2021-12-14	04:39:00		60	1	0	0	1	0	0	0	0	0	0	0	0	0	0	0	0	0	0	0	0	0,0021	0,0000	457,5099
2021-12-14	04:40:00		60	1	0	1	1	0	2	0	0	0	0	0	0	0	0	0	0	0	0	0	0	0,0127	0,0002	457,5101
2021-12-14	04:41:00		60	0	0	1	1	0	0	0	0	0	0	0	0	0	0	0	0	0	0	0	0	0,0028	0,0000	457,5102
2021-12-14	04:42:00		60	0	0	0	0	0	0	0	0	0	0	0	0	0	0	0	0	0	0	0	0	0,0000	0,0000	457,5102
2021-12-14	04:43:00		60	2	2	0	1	0	0	0	0	0	0	0	0	0	0	0	0	0	0	0	0	0,0035	0,0001	457,5103
2021-12-14	04:44:00		60	0	0	0	1	0	1	0	0	0	0	0	0	0	0	0	0	0	0	0	0	0,0066	0,0001	457,5104
2021-12-14	04:45:00		60	0	0	0	0	0	0	0	0	0	0	0	0	0	0	0	0	0	0	0	0	0,0000	0,0000	457,5104
2021-12-14	04:46:00		60	0	0	0	0	0	0	0	0	0	0	0	0	0	0	0	0	0	0	0	0	0,0000	0,0000	457,5104
2021-12-14	04:47:00		60	0	1	1	0	0	0	0	0	0	0	0	0	0	0	0	0	0	0	0	0	0,0016	0,0000	457,5104
2021-12-14	04:48:00		60	0	0	2	0	0	0	0	0	0	0	0	0	0	0	0	0	0	0	0	0	0,0021	0,0000	457,5104
2021-12-14	04:49:00		60	0	0	0	0	0	0	0	0	0	0	0	0	0	0	0	0	0	0	0	0	0,0000	0,0000	457,5104
2021-12-14	04:50:00		60	0	0	0	1	0	0	0	0	0	0	0	0	0	0	0	0	0	0	0	0	0,0018	0,0000	457,5105
2021-12-14	04:51:00		60	0	0	1	1	0	0	0	0	0	0	0	0	0	0	0	0	0	0	0	0	0,0028	0,0000	457,5105
2021-12-14	04:52:00		60	0	1	1	0	0	0	0	0	0	0	0	0	0	0	0	0	0	0	0	0	0,0016	0,0000	457,5105
2021-12-14	04:53:00		60	0	0	0	0	0	0	0	0	0	0	0	0	0	0	0	0	0	0	0	0	0,0000	0,0000	457,5105
2021-12-14	04:54:00		60	0	0	0	0	0	0	0	0	0	0	0	0	0	0	0	0	0	0	0	0	0,0000	0,0000	457,5105
2021-12-14	04:55:00		60	1	1	0	1	0	0	0	0	0	0	0	0	0	0	0	0	0	0	0	0	0,0027	0,0000	457,5106
2021-12-14	04:56:00		60	1	1	0	1	0	0	0	0	0	0	0	0	0	0	0	0	0	0	0	0	0,0027	0,0000	457,5106
2021-12-14	04:57:00		60	1	0	0	1	0	0	0	0	0	0	0	0	0	0	0	0	0	0	0	0	0,0021	0,0000	457,5107
2021-12-14	04:58:00		60	0	0	0	0	0	0	0	0	0	0	0	0	0	0	0	0	0	0	0	0	0,0000	0,0000	457,5107
2021-12-14	04:59:00		60	1	0	1	0	0	0	0	0	0	0	0	0	0	0	0	0	0	0	0	0	0,0013	0,0000	457,5107
2021-12-14	05:00:00		60	0	0	0	0	0	0	0	0	0	0	0	0	0	0	0	0	0	0	0	0	0,0000	0,0000	457,5107
2021-12-14	05:01:00		60	1	0	0	0	1	0	0	0	0	0	0	0	0	0	0	0	0	0	0	0	0,0032	0,0001	457,5107
2021-12-14	05:02:00		60	0	0	0	0	0	0	0	0	0	0	0	0	0	0	0	0	0	0	0	0	0,0000	0,0000	457,5107
2021-12-14	05:03:00		60	0	0	0	0	0	1	0	0	0	0	0	0	0	0	0	0	0	0	0	0	0,0048	0,0001	457,5108
2021-12-14	05:04:00		60	0	0	1	0	0	0	0	0	0	0	0	0	0	0	0	0	0	0	0	0	0,0011	0,0000	457,5108
2021-12-14	05:05:00		60	0	0	1	0	0	0	0	0	0	0	0	0	0	0	0	0	0	0	0	0	0,0011	0,0000	457,5108
2021-12-14	05:06:00		60	0	0	1	0	0	0	0	0	0	0	0	0	0	0	0	0	0	0	0	0	0,0011	0,0000	457,5109
2021-12-14	05:07:00		60	0	0	1	0	0	1	0	0	0	0	0	0	0	0	0	0	0	0	0	0	0,0058	0,0001	457,5110
2021-12-14	05:08:00		60	0	1	0	1	0	0	0	0	0	0	0	0	0	0	0	0	0	0	0	0	0,0024	0,0000	457,5110
2021-12-14	05:09:00		60	0	0	0	0	0	0	0	0	0	0	0	0	0	0	0	0	0	0	0	0	0,0000	0,0000	457,5110
2021-12-14	05:10:00		60	0	0	0	0	0	0	0	0	0	0	0	0	0	0	0	0	0	0	0	0	0,0000	0,0000	457,5110
2021-12-14	05:11:00		60	0	2	1	0	0	0	0	0	0	0	0	0	0	0	0	0	0	0	0	0	0,0022	0,0000	457,5110
2021-12-14	05:12:00		60	0	0	0	0	0	0	1	0	0	0	0	0	0	0	0	0	0	0	0	0	0,0087	0,0001	457,5112
2021-12-14	05:13:00		60	0	0	0	0	0	0	0	0	0	0	0	0	0	0	0	0	0	0	0	0	0,0000	0,0000	457,5112
2021-12-14	05:14:00		60	0	0	0	0	0	0	0	0	0	0	0	0	0	0	0	0	0	0	0	0	0,0000	0,0000	457,5112
2021-12-14	05:15:00		60	0	0	0	0	0	0	0	0	0	0	0	0	0	0	0	0	0	0	0	0	0,0000	0,0000	457,5112
2021-12-14	05:16:00		60	0	0	0	1	0	1	0	0	0	0	0	0	0	0	0	0	0	0	0	0	0,0066	0,0001	457,5113
2021-12-14	05:17:00		60	0	0	0	0	0	0	1	0	0	0	0	0	0	0	0	0	0	0	0	0	0,0087	0,0001	457,5114
2021-12-14	05:18:00		60	0	0	0	0	0	0	0	0	0	0	0	0	0	0	0	0	0	0	0	0	0,0000	0,0000	457,5114
2021-12-14	05:19:00		60	0	0	0	0	0	0	0	0	0	0	0	0	0	0	0	0	0	0	0	0	0,0000	0,0000	457,5114
2021-12-14	05:20:00		60	0	0	0	0	0	0	0	0	0	0	0	0	0	0	0	0	0	0	0	0	0,0000	0,0000	457,5114
2021-12-14	05:21:00		60	0	0	0	0	0	0	0	0	0	0	0	0	0	0	0	0	0	0	0	0	0,0000	0,0000	457,5114
2021-12-14	05:22:00		60	0	0	0	0	0	0	0	0	0	0	0	0	0	0	0	0	0	0	0	0	0,0000	0,0000	457,5114
2021-12-14	05:23:00		60	0	0	0	0	0	0	0	0	0	0	0	0	0	0	0	0	0	0	0	0	0,0000	0,0000	457,5114
2021-12-14	05:24:00		60	0	0	0	0	0	0	0	0	0	0	0	0	0	0	0	0	0	0	0	0	0,0000	0,0000	457,5114
2021-12-14	05:25:00		60	0	0	0	0	0	0	0	0	0	0	0	0	0	0	0	0	0	0	0	0	0,0000	0,0000	457,5114
2021-12-14	05:26:00		60	0	0	0	0	0	0	0	0	0	0	0	0	0	0	0	0	0	0	0	0	0,0000	0,0000	457,5114
2021-12-14	05:27:00		60	0	0	0	0	0	0	0	1	1	0	0	0	0	0	0	0	0	0	0	0	0,0363	0,0006	457,5120
2021-12-14	05:28:00		60	0	0	0	0	0	0	0	0	0	0	0	0	0	0	0	0	0	0	0	0	0,0000	0,0000	457,5120
2021-12-14	05:29:00		60	0	0	0	0	0	0	0	0	0	0	0	0	0	0	0	0	0	0	0	0	0,0000	0,0000	457,5120
2021-12-14	05:30:00		60	0	0	0	0	0	0	0	0	0	0	0	0	0	0	0	0	0	0	0	0	0,0000	0,0000	457,5120
2021-12-14	05:31:00		60	0	0	0	0	0	0	0	0	0	0	0	0	0	0	0	0	0	0	0	0	0,0000	0,0000	457,5120
2021-12-14	05:32:00		60	0	0	0	0	1	0	2	1	0	0	0	0	0	0	0	0	0	0	0	0	0,0352	0,0006	457,5126
2021-12-14	05:33:00		60	0	0	0	0	0	0	3	0	0	0	0	0	0	0	0	0	0	0	0	0	0,0262	0,0004	457,5131
2021-12-14	05:34:00		60	0	0	0	0	0	0	1	0	0	0	0	0	0	0	0	0	0	0	0	0	0,0087	0,0001	457,5132
2021-12-14	05:35:00		60	0	0	0	0	0	0	0	0	0	0	0	0	0	0	0	0	0	0	0	0	0,0000	0,0000	457,5132
2021-12-14	05:36:00		60	0	0	1	0	1	0	1	0	0	0	0	0	0	0	0	0	0	0	0	0	0,0127	0,0002	457,5134
2021-12-14	05:37:00		60	0	0	0	0	0	0	2	2	0	0	0	0	0	0	0	0	0	0	0	0	0,0471	0,0008	457,5142
2021-12-14	05:38:00		60	0	0	0	0	0	1	2	1	0	0	0	0	0	0	0	0	0	0	0	0	0,0371	0,0006	457,5148
2021-12-14	05:39:00		60	0	0	0	0	0	1	6	0	0	0	0	0	0	0	0	0	0	0	0	0	0,0572	0,0010	457,5158
2021-12-14	05:40:00		60	0	0	0	0	0	1	4	0	0	0	0	0	0	0	0	0	0	0	0	0	0,0397	0,0007	457,5164
2021-12-14	05:41:00		60	0	0	0	0	1	2	4	0	0	0	0	0	0	0	0	0	0	0	0	0	0,0474	0,0008	457,5172
2021-12-14	05:42:00		60	0	0	0	0	0	2	1	0	0	0	0	0	0	0	0	0	0	0	0	0	0,0183	0,0003	457,5175
2021-12-14	05:43:00		60	0	0	0	0	0	1	1	0	0	0	0	0	0	0	0	0	0	0	0	0	0,0135	0,0002	457,5178
2021-12-14	05:44:00		60	0	0	0	0	0	4	0	0	0	0	1	0	0	0	0	0	0	0	0	0	0,0630	0,0011	457,5188
2021-12-14	05:45:00		60	0	0	0	0	0	2	0	0	0	0	0	0	0	0	0	0	0	0	0	0	0,0096	0,0002	457,5190
2021-12-14	05:46:00		60	0	0	0	0	0	0	0	0	0	0	0	0	0	0	0	0	0	0	0	0	0,0000	0,0000	457,5190
2021-12-14	05:47:00		60	0	0	0	0	0	0	0	0	0	0	0	0	0	0	0	0	0	0	0	0	0,0000	0,0000	457,5190
2021-12-14	05:48:00		60	0	0	0	0	1	1	0	0	0	0	0	0	0	0	0	0	0	0	0	0	0,0077	0,0001	457,5191
2021-12-14	05:49:00		60	0	0	0	0	0	0	0	0	0	0	0	0	0	0	0	0	0	0	0	0	0,0000	0,0000	457,5191
2021-12-14	05:50:00		60	0	0	1	0	1	0	0	0	0	0	0	0	0	0	0	0	0	0	0	0	0,0039	0,0001	457,5192
2021-12-14	05:51:00		60	2	0	0	0	1	0	0	0	0	0	0	0	0	0	0	0	0	0	0	0	0,0035	0,0001	457,5192
2021-12-14	05:52:00		60	2	1	0	0	0	0	0	0	0	0	0	0	1	0	0	0	0	0	0	0	0,1096	0,0018	457,5210
2021-12-14	05:53:00		60	5	5	0	0	1	0	0	0	0	0	0	0	0	0	0	0	0	0	0	0	0,0073	0,0001	457,5212
2021-12-14	05:54:00		60	9	1	0	1	0	0	0	0	0	0	0	1	0	0	0	0	0	0	0	0	0,0774	0,0013	457,5225
2021-12-14	05:55:00		60	13	2	0	0	0	0	1	0	0	0	0	1	1	0	0	0	0	0	0	0	0,1945	0,0032	457,5257
2021-12-14	05:56:00		60	14	0	0	1	0	0	0	0	0	0	1	4	1	0	0	0	0	0	0	0	0,4479	0,0075	457,5332
2021-12-14	05:57:00		60	15	0	0	0	0	0	0	0	1	0	1	4	0	0	0	0	0	0	0	0	0,3595	0,0060	457,5392
2021-12-14	05:58:00		60	13	1	0	0	0	0	0	0	0	0	0	1	0	0	0	0	0	0	0	0	0,0768	0,0013	457,5404
2021-12-14	05:59:00		60	8	0	0	0	0	0	0	0	0	0	2	0	0	0	0	0	0	0	0	0	0,0902	0,0015	457,5419
2021-12-14	06:00:00		60	5	0	0	0	0	0	0	0	0	0	1	0	0	0	0	0	0	0	0	0	0,0454	0,0008	457,5427
2021-12-14	06:01:00		60	5	0	0	0	0	0	0	0	0	1	4	0	0	0	0	0	0	0	0	0	0,2061	0,0034	457,5461
2021-12-14	06:02:00		60	1	0	0	0	0	0	0	0	0	2	1	0	0	0	0	0	0	0	0	0	0,1022	0,0017	457,5478
2021-12-14	06:03:00		60	2	0	0	1	0	0	0	0	0	1	0	0	0	0	0	0	0	0	0	0	0,0314	0,0005	457,5484
2021-12-14	06:04:00		60	0	2	0	0	0	0	0	0	0	2	2	0	0	0	0	0	0	0	0	0	0,1470	0,0025	457,5508
2021-12-14	06:05:00		60	0	0	0	0	0	0	0	0	0	4	1	0	0	0	0	0	0	0	0	0	0,1599	0,0027	457,5535
2021-12-14	06:06:00		60	0	0	0	0	0	0	0	0	1	2	2	0	0	0	0	0	0	0	0	0	0,1673	0,0028	457,5563
2021-12-14	06:07:00		60	0	0	0	0	0	2	0	0	3	2	1	0	0	0	0	0	0	0	0	0	0,1759	0,0029	457,5592
2021-12-14	06:08:00		60	0	0	0	0	0	0	0	1	1	1	0	0	0	0	0	0	0	0	0	0	0,0653	0,0011	457,5603
2021-12-14	06:09:00		60	1	1	0	0	0	0	0	4	4	0	0	0	0	0	0	0	0	0	0	0	0,1460	0,0024	457,5627
2021-12-14	06:10:00		60	0	0	0	0	0	0	0	1	1	0	0	0	0	0	0	0	0	0	0	0	0,0363	0,0006	457,5633
2021-12-14	06:11:00		60	0	0	0	0	0	0	0	0	1	0	0	0	0	0	0	0	0	0	0	0	0,0215	0,0004	457,5637
2021-12-14	06:12:00		60	0	0	0	0	0	1	2	4	2	0	0	0	0	0	0	0	0	0	0	0	0,1244	0,0021	457,5657
2021-12-14	06:13:00		60	0	0	0	0	0	0	1	8	2	0	0	0	0	0	0	0	0	0	0	0	0,1702	0,0028	457,5686
2021-12-14	06:14:00		60	0	0	0	0	0	0	2	5	3	0	0	0	0	0	0	0	0	0	0	0	0,1559	0,0026	457,5712
2021-12-14	06:15:00		60	0	0	0	0	0	0	5	3	0	0	0	0	0	0	0	0	0	0	0	0	0,0881	0,0015	457,5726
2021-12-14	06:16:00		60	0	0	0	0	1	0	8	4	0	0	0	0	0	0	0	0	0	0	0	0	0,1320	0,0022	457,5748
2021-12-14	06:17:00		60	0	0	0	0	0	0	7	3	1	0	0	0	0	0	0	0	0	0	0	0	0,1270	0,0021	457,5770
2021-12-14	06:18:00		60	0	0	0	0	0	1	6	2	0	0	0	0	0	0	0	0	0	0	0	0	0,0868	0,0014	457,5784
2021-12-14	06:19:00		60	0	0	0	0	0	3	5	4	0	0	0	0	0	0	0	0	0	0	0	0	0,1173	0,0020	457,5804
2021-12-14	06:20:00		60	0	0	0	0	0	3	4	0	0	0	0	0	0	0	0	0	0	0	0	0	0,0493	0,0008	457,5812
2021-12-14	06:21:00		60	0	0	0	0	0	3	11	3	0	0	0	0	0	0	0	0	0	0	0	0	0,1549	0,0026	457,5838
2021-12-14	06:22:00		60	0	0	0	0	1	3	13	1	0	0	0	0	0	0	0	0	0	0	0	0	0,1456	0,0024	457,5862
2021-12-14	06:23:00		60	1	1	0	1	0	1	4	0	0	0	0	0	0	0	0	0	0	0	0	0	0,0424	0,0007	457,5869
2021-12-14	06:24:00		60	0	0	0	0	0	6	5	0	0	0	0	0	0	0	0	0	0	0	0	0	0,0724	0,0012	457,5881
2021-12-14	06:25:00		60	0	0	0	0	1	5	3	0	0	0	0	0	0	0	0	0	0	0	0	0	0,0530	0,0009	457,5890
2021-12-14	06:26:00		60	1	1	0	0	1	10	3	0	0	0	0	0	0	0	0	0	0	0	0	0	0,0778	0,0013	457,5903
2021-12-14	06:27:00		60	0	0	0	0	2	7	1	0	0	0	0	0	0	0	0	0	0	0	0	0	0,0480	0,0008	457,5911
2021-12-14	06:28:00		60	0	0	0	2	5	12	0	0	0	0	0	0	0	0	0	0	0	0	0	0	0,0753	0,0013	457,5923
2021-12-14	06:29:00		60	0	1	0	2	3	4	0	0	0	0	0	0	0	0	0	0	0	0	0	0	0,0319	0,0005	457,5929
2021-12-14	06:30:00		60	1	0	0	0	4	1	0	0	0	0	0	0	0	0	0	0	0	0	0	0	0,0166	0,0003	457,5931
2021-12-14	06:31:00		60	0	0	0	0	1	8	0	0	0	0	0	0	0	0	0	0	0	0	0	0	0,0411	0,0007	457,5938
2021-12-14	06:32:00		60	0	0	0	1	4	0	0	0	0	0	0	0	0	0	0	0	0	0	0	0	0,0133	0,0002	457,5941
2021-12-14	06:33:00		60	0	1	0	0	5	1	0	0	0	0	0	0	0	0	0	0	0	0	0	0	0,0198	0,0003	457,5944
2021-12-14	06:34:00		60	0	0	0	3	3	0	0	0	0	0	0	0	0	0	0	0	0	0	0	0	0,0140	0,0002	457,5946
2021-12-14	06:35:00		60	0	0	0	0	8	1	0	0	0	0	0	0	0	0	0	0	0	0	0	0	0,0278	0,0005	457,5951
2021-12-14	06:36:00		60	1	0	0	2	2	0	0	0	0	0	0	0	0	0	0	0	0	0	0	0	0,0096	0,0002	457,5952
2021-12-14	06:37:00		60	0	0	2	5	0	0	0	0	0	0	0	0	0	0	0	0	0	0	0	0	0,0110	0,0002	457,5954
2021-12-14	06:38:00		60	0	1	2	3	1	0	0	0	0	0	0	0	0	0	0	0	0	0	0	0	0,0109	0,0002	457,5956
2021-12-14	06:39:00		60	1	0	1	2	0	2	0	0	0	0	0	0	0	0	0	0	0	0	0	0	0,0145	0,0002	457,5958
2021-12-14	06:40:00		60	0	0	3	2	1	1	0	0	0	0	0	0	0	0	0	0	0	0	0	0	0,0144	0,0002	457,5961
2021-12-14	06:41:00		60	0	0	1	2	0	0	0	0	0	0	0	0	0	0	0	0	0	0	0	0	0,0046	0,0001	457,5962
2021-12-14	06:42:00		60	1	2	1	2	3	0	0	0	0	0	0	0	0	0	0	0	0	0	0	0	0,0147	0,0002	457,5964
2021-12-14	06:43:00		60	0	1	2	3	4	0	0	0	0	0	0	0	0	0	0	0	0	0	0	0	0,0195	0,0003	457,5967
2021-12-14	06:44:00		60	0	1	5	0	0	0	0	0	0	0	0	0	0	0	0	0	0	0	0	0	0,0058	0,0001	457,5968
2021-12-14	06:45:00		60	0	3	0	0	1	0	0	0	0	0	0	0	0	0	0	0	0	0	0	0	0,0047	0,0001	457,5969
2021-12-14	06:46:00		60	0	1	2	2	0	0	0	0	0	0	0	0	0	0	0	0	0	0	0	0	0,0062	0,0001	457,5970
2021-12-14	06:47:00		60	0	1	3	1	1	0	0	0	0	0	0	0	0	0	0	0	0	0	0	0	0,0084	0,0001	457,5972
2021-12-14	06:48:00		60	0	4	6	3	0	0	0	0	0	0	0	0	0	0	0	0	0	0	0	0	0,0140	0,0002	457,5974
2021-12-14	06:49:00		60	0	2	1	1	0	0	0	0	0	0	0	0	0	0	0	0	0	0	0	0	0,0040	0,0001	457,5975
2021-12-14	06:50:00		60	0	2	3	1	0	0	0	0	0	0	0	0	0	0	0	0	0	0	0	0	0,0061	0,0001	457,5976
2021-12-14	06:51:00		60	2	2	0	3	1	0	0	0	0	0	0	0	0	0	0	0	0	0	0	0	0,0100	0,0002	457,5977
2021-12-14	06:52:00		60	1	5	2	1	0	0	0	0	0	0	0	0	0	0	0	0	0	0	0	0	0,0071	0,0001	457,5978
2021-12-14	06:53:00		60	3	2	3	0	0	0	0	0	0	0	0	0	0	0	0	0	0	0	0	0	0,0052	0,0001	457,5979
2021-12-14	06:54:00		60	0	0	0	0	0	0	0	0	0	0	0	0	0	0	0	0	0	0	0	0	0,0000	0,0000	457,5979
2021-12-14	06:55:00		60	0	0	0	0	0	0	0	0	0	0	0	0	0	0	0	0	0	0	0	0	0,0000	0,0000	457,5979
2021-12-14	06:56:00		60	1	1	2	0	0	0	0	0	0	0	0	0	0	0	0	0	0	0	0	0	0,0030	0,0000	457,5980
2021-12-14	06:57:00		60	2	2	0	1	0	0	0	0	0	0	0	0	0	0	0	0	0	0	0	0	0,0035	0,0001	457,5980
2021-12-14	06:58:00		60	2	0	0	2	0	0	0	0	0	0	0	0	0	0	0	0	0	0	0	0	0,0041	0,0001	457,5981
2021-12-14	06:59:00		60	4	3	0	1	0	0	0	0	0	0	0	0	0	0	0	0	0	0	0	0	0,0047	0,0001	457,5982
2021-12-14	07:00:00		60	3	4	0	1	0	0	0	0	0	0	0	0	0	0	0	0	0	0	0	0	0,0050	0,0001	457,5983
2021-12-14	07:01:00		60	0	0	0	0	0	0	0	0	0	0	0	0	0	0	0	0	0	0	0	0	0,0000	0,0000	457,5983
2021-12-14	07:02:00		60	0	0	0	0	0	0	0	0	0	0	0	0	0	0	0	0	0	0	0	0	0,0000	0,0000	457,5983
2021-12-14	07:03:00		60	3	2	1	0	0	0	0	0	0	0	0	0	0	0	0	0	0	0	0	0	0,0031	0,0001	457,5983
2021-12-14	07:04:00		60	0	0	4	0	0	0	0	0	0	0	0	0	0	0	0	0	0	0	0	0	0,0042	0,0001	457,5984
2021-12-14	07:05:00		60	0	0	1	0	0	0	0	0	0	0	0	0	0	0	0	0	0	0	0	0	0,0011	0,0000	457,5984
2021-12-14	07:06:00		60	0	0	0	0	0	0	0	0	0	0	0	0	0	0	0	0	0	0	0	0	0,0000	0,0000	457,5984
2021-12-14	07:07:00		60	0	0	0	0	0	0	0	0	0	0	0	0	0	0	0	0	0	0	0	0	0,0000	0,0000	457,5984
2021-12-14	07:08:00		60	0	0	0	0	0	0	0	0	0	0	0	0	0	0	0	0	0	0	0	0	0,0000	0,0000	457,5984
2021-12-14	07:09:00		60	0	0	0	0	0	0	0	0	0	0	0	0	0	0	0	0	0	0	0	0	0,0000	0,0000	457,5984
2021-12-14	07:10:00		60	0	0	0	0	0	0	0	0	0	0	0	0	0	0	0	0	0	0	0	0	0,0000	0,0000	457,5984
2021-12-14	07:11:00		60	2	4	0	0	0	0	0	0	0	0	0	0	0	0	0	0	0	0	0	0	0,0029	0,0000	457,5985
2021-12-14	07:12:00		60	0	0	0	0	0	0	0	0	0	0	0	0	0	0	0	0	0	0	0	0	0,0000	0,0000	457,5985
2021-12-14	07:13:00		60	0	0	0	0	0	0	0	0	0	0	0	0	0	0	0	0	0	0	0	0	0,0000	0,0000	457,5985
2021-12-14	07:14:00		60	0	0	0	0	0	0	0	0	0	0	0	0	0	0	0	0	0	0	0	0	0,0000	0,0000	457,5985
2021-12-14	07:15:00		60	0	0	0	0	0	0	0	0	0	0	0	0	0	0	0	0	0	0	0	0	0,0000	0,0000	457,5985
2021-12-14	07:16:00		60	0	0	0	0	0	0	0	0	0	0	0	0	0	0	0	0	0	0	0	0	0,0000	0,0000	457,5985
2021-12-14	07:17:00		60	0	0	0	0	0	0	0	0	0	0	0	0	0	0	0	0	0	0	0	0	0,0000	0,0000	457,5985
2021-12-14	07:18:00		60	0	0	0	0	0	0	0	0	0	0	0	0	0	0	0	0	0	0	0	0	0,0000	0,0000	457,5985
2021-12-14	07:19:00		60	0	0	0	0	0	0	0	0	0	0	0	0	0	0	0	0	0	0	0	0	0,0000	0,0000	457,5985
2021-12-14	07:20:00		60	0	0	0	0	0	0	0	0	0	0	0	0	0	0	0	0	0	0	0	0	0,0000	0,0000	457,5985
2021-12-14	07:21:00		60	0	0	0	0	0	0	0	0	0	0	0	0	0	0	0	0	0	0	0	0	0,0000	0,0000	457,5985
2021-12-14	07:22:00		60	0	0	0	0	0	0	0	0	0	0	0	0	0	0	0	0	0	0	0	0	0,0000	0,0000	457,5985
2021-12-14	07:23:00		60	0	0	0	0	0	0	0	0	0	0	0	0	0	0	0	0	0	0	0	0	0,0000	0,0000	457,5985
2021-12-14	07:24:00		60	0	0	0	0	0	0	0	0	0	0	0	0	0	0	0	0	0	0	0	0	0,0000	0,0000	457,5985
2021-12-14	07:25:00		60	0	0	0	0	0	0	0	0	0	0	0	0	0	0	0	0	0	0	0	0	0,0000	0,0000	457,5985
2021-12-14	07:26:00		60	0	0	0	0	0	0	0	0	0	0	0	0	0	0	0	0	0	0	0	0	0,0000	0,0000	457,5985
2021-12-14	07:27:00		60	0	0	0	0	0	0	0	0	0	0	0	0	0	0	0	0	0	0	0	0	0,0000	0,0000	457,5985
2021-12-14	07:28:00		60	0	0	0	0	0	0	0	0	0	0	0	0	0	0	0	0	0	0	0	0	0,0000	0,0000	457,5985
2021-12-14	07:29:00		60	0	0	0	0	0	0	0	0	0	0	0	0	0	0	0	0	0	0	0	0	0,0000	0,0000	457,5985
2021-12-14	07:30:00		60	0	0	0	0	0	0	0	0	0	0	0	0	0	0	0	0	0	0	0	0	0,0000	0,0000	457,5985
2021-12-14	07:31:00		60	0	0	0	0	0	0	0	0	0	0	0	0	0	0	0	0	0	0	0	0	0,0000	0,0000	457,5985
2021-12-14	07:32:00		60	0	0	0	0	0	0	0	0	0	0	0	0	0	0	0	0	0	0	0	0	0,0000	0,0000	457,5985
2021-12-14	07:33:00		60	0	0	0	0	0	0	0	1	0	0	2	0	0	0	0	0	0	0	0	0	0,1027	0,0017	457,6002
2021-12-14	07:34:00		60	0	0	0	0	0	0	0	0	0	0	1	0	0	0	0	0	0	0	0	0	0,0439	0,0007	457,6009
2021-12-14	07:35:00		60	0	0	0	0	0	0	0	0	0	1	1	0	0	0	0	0	0	0	0	0	0,0729	0,0012	457,6021
2021-12-14	07:36:00		60	0	0	0	0	0	0	0	0	0	1	0	0	0	0	0	0	0	0	0	0	0,0290	0,0005	457,6026
2021-12-14	07:37:00		60	0	0	0	0	0	0	0	0	1	0	0	0	0	0	0	0	0	0	0	0	0,0215	0,0004	457,6030
2021-12-14	07:38:00		60	0	0	0	0	0	0	0	1	1	0	0	0	0	0	0	0	0	0	0	0	0,0363	0,0006	457,6036
2021-12-14	07:39:00		60	0	0	0	0	0	0	1	2	0	0	0	0	0	0	0	0	0	0	0	0	0,0384	0,0006	457,6042
2021-12-14	07:40:00		60	3	0	0	0	0	2	1	2	0	0	0	0	0	0	0	0	0	0	0	0	0,0488	0,0008	457,6050
2021-12-14	07:41:00		60	4	0	0	0	0	1	5	5	0	0	1	2	0	0	0	0	0	0	0	0	0,3125	0,0052	457,6102
2021-12-14	07:42:00		60	4	0	0	0	0	1	5	0	0	0	1	1	0	0	0	0	0	0	0	0	0,1660	0,0028	457,6130
2021-12-14	07:43:00		60	1	0	0	0	0	2	6	0	0	0	0	0	0	0	0	0	0	0	0	0	0,0623	0,0010	457,6140
2021-12-14	07:44:00		60	0	0	0	0	1	3	4	0	1	0	1	0	0	0	0	0	0	0	0	0	0,1175	0,0020	457,6160
2021-12-14	07:45:00		60	0	0	0	0	2	4	1	0	1	4	0	0	0	0	0	0	0	0	0	0	0,1711	0,0029	457,6188
2021-12-14	07:46:00		60	0	1	1	1	0	6	1	0	5	2	0	0	0	0	0	0	0	0	0	0	0,2062	0,0034	457,6223
2021-12-14	07:47:00		60	0	0	1	1	3	5	1	1	3	2	0	0	0	0	0	0	0	0	0	0	0,1813	0,0030	457,6253
2021-12-14	07:48:00		60	1	0	1	1	4	5	2	3	0	0	0	0	0	0	0	0	0	0	0	0	0,1005	0,0017	457,6270
2021-12-14	07:49:00		60	1	0	1	3	2	5	3	6	1	0	0	0	0	0	0	0	0	0	0	0	0,1729	0,0029	457,6298
2021-12-14	07:50:00		60	0	0	0	4	6	3	7	5	2	0	0	0	0	0	0	0	0	0	0	0	0,2169	0,0036	457,6335
2021-12-14	07:51:00		60	0	0	0	2	3	0	7	2	0	0	0	0	0	0	0	0	0	0	0	0	0,1029	0,0017	457,6352
2021-12-14	07:52:00		60	0	0	0	2	7	4	8	2	0	0	0	0	0	0	0	0	0	0	0	0	0,1423	0,0024	457,6375
2021-12-14	07:53:00		60	0	0	0	2	5	2	8	1	0	0	0	0	0	0	0	0	0	0	0	0	0,1122	0,0019	457,6394
2021-12-14	07:54:00		60	0	0	0	1	2	3	2	0	0	0	0	0	0	0	0	0	0	0	0	0	0,0393	0,0007	457,6401
2021-12-14	07:55:00		60	0	0	0	2	6	5	2	0	0	0	0	0	0	0	0	0	0	0	0	0	0,0622	0,0010	457,6411
2021-12-14	07:56:00		60	1	0	2	5	0	8	1	0	0	0	0	0	0	0	0	0	0	0	0	0	0,0582	0,0010	457,6421
2021-12-14	07:57:00		60	0	0	3	2	2	3	0	0	0	0	0	0	0	0	0	0	0	0	0	0	0,0268	0,0004	457,6425
2021-12-14	07:58:00		60	1	0	0	0	3	4	1	0	0	0	0	0	0	0	0	0	0	0	0	0	0,0368	0,0006	457,6431
2021-12-14	07:59:00		60	1	1	1	3	3	6	0	0	0	0	0	0	0	0	0	0	0	0	0	0	0,0446	0,0007	457,6439
2021-12-14	08:00:00		60	0	0	1	1	4	2	1	0	0	0	0	0	0	0	0	0	0	0	0	0	0,0326	0,0005	457,6444
2021-12-14	08:01:00		60	0	0	3	4	8	4	0	1	0	0	0	0	0	0	0	0	0	0	0	0	0,0672	0,0011	457,6455
2021-12-14	08:02:00		60	0	0	1	2	2	3	2	0	0	0	0	0	0	0	0	0	0	0	0	0	0,0422	0,0007	457,6463
2021-12-14	08:03:00		60	0	0	3	6	6	0	1	0	0	0	0	0	0	0	0	0	0	0	0	0	0,0398	0,0007	457,6469
2021-12-14	08:04:00		60	0	1	1	3	6	0	0	0	0	0	0	0	0	0	0	0	0	0	0	0	0,0242	0,0004	457,6473
2021-12-14	08:05:00		60	0	2	0	6	0	0	1	0	0	0	0	0	0	0	0	0	0	0	0	0	0,0206	0,0003	457,6477
2021-12-14	08:06:00		60	0	3	3	8	1	1	0	0	0	0	0	0	0	0	0	0	0	0	0	0	0,0268	0,0004	457,6481
2021-12-14	08:07:00		60	0	1	5	6	1	0	0	0	0	0	0	0	0	0	0	0	0	0	0	0	0,0194	0,0003	457,6484
2021-12-14	08:08:00		60	0	6	5	5	1	0	0	0	0	0	0	0	0	0	0	0	0	0	0	0	0,0206	0,0003	457,6488
2021-12-14	08:09:00		60	4	3	4	2	0	0	0	0	0	0	0	0	0	0	0	0	0	0	0	0	0,0107	0,0002	457,6490
2021-12-14	08:10:00		60	2	1	7	2	0	0	0	0	0	0	0	0	0	0	0	0	0	0	0	0	0,0121	0,0002	457,6492
2021-12-14	08:11:00		60	3	3	6	1	1	0	0	0	0	0	0	0	0	0	0	0	0	0	0	0	0,0136	0,0002	457,6494
2021-12-14	08:12:00		60	5	5	7	3	0	0	0	0	0	0	0	0	0	0	0	0	0	0	0	0	0,0171	0,0003	457,6497
2021-12-14	08:13:00		60	8	5	1	0	0	0	1	0	0	0	0	0	0	0	0	0	0	0	0	0	0,0151	0,0003	457,6499
2021-12-14	08:14:00		60	2	8	5	1	0	0	1	0	0	0	0	0	0	0	0	0	0	0	0	0	0,0211	0,0004	457,6503
2021-12-14	08:15:00		60	7	5	6	0	1	0	0	0	0	0	0	0	0	0	0	0	0	0	0	0	0,0142	0,0002	457,6505
2021-12-14	08:16:00		60	4	3	3	0	0	1	0	0	0	0	0	0	0	0	0	0	0	0	0	0	0,0109	0,0002	457,6507
2021-12-14	08:17:00		60	5	12	4	0	0	3	0	0	0	0	0	0	0	0	0	0	0	0	0	0	0,0271	0,0005	457,6511
2021-12-14	08:18:00		60	4	8	1	0	0	0	0	0	0	0	0	0	0	0	0	0	0	0	0	0	0,0069	0,0001	457,6513
2021-12-14	08:19:00		60	8	8	0	0	2	0	0	0	0	0	0	0	0	0	0	0	0	0	0	0	0,0128	0,0002	457,6515
2021-12-14	08:20:00		60	9	1	0	0	0	0	0	0	0	0	0	0	0	0	0	0	0	0	0	0	0,0032	0,0001	457,6515
2021-12-14	08:21:00		60	4	3	0	3	0	0	0	0	0	0	0	0	0	0	0	0	0	0	0	0	0,0083	0,0001	457,6517
2021-12-14	08:22:00		60	4	2	0	1	0	0	0	0	0	0	0	0	0	0	0	0	0	0	0	0	0,0041	0,0001	457,6517
2021-12-14	08:23:00		60	7	0	0	0	0	0	0	0	0	0	0	0	0	0	0	0	0	0	0	0	0,0020	0,0000	457,6518
2021-12-14	08:24:00		60	5	0	2	0	0	0	0	0	0	0	0	0	0	0	0	0	0	0	0	0	0,0036	0,0001	457,6518
2021-12-14	08:25:00		60	0	0	0	0	0	0	0	0	0	0	0	0	0	0	0	0	0	0	0	0	0,0000	0,0000	457,6518
2021-12-14	08:26:00		60	0	0	0	0	0	0	0	0	0	0	0	0	0	0	0	0	0	0	0	0	0,0000	0,0000	457,6518
2021-12-14	08:27:00		60	0	0	0	0	0	0	0	0	0	0	0	0	0	0	0	0	0	0	0	0	0,0000	0,0000	457,6518
2021-12-14	08:28:00		60	0	0	1	0	0	0	0	0	0	0	0	0	0	0	0	0	0	0	0	0	0,0011	0,0000	457,6518
2021-12-14	08:29:00		60	0	0	0	0	0	0	0	0	0	0	0	0	0	0	0	0	0	0	0	0	0,0000	0,0000	457,6518
2021-12-14	08:30:00		60	0	0	0	0	0	0	0	0	0	0	0	0	0	0	0	0	0	0	0	0	0,0000	0,0000	457,6518
2021-12-14	08:31:00		60	0	0	0	0	0	0	0	0	0	0	0	0	0	0	0	0	0	0	0	0	0,0000	0,0000	457,6518
2021-12-14	08:32:00		60	0	0	0	0	0	0	0	0	0	0	0	0	0	0	0	0	0	0	0	0	0,0000	0,0000	457,6518
2021-12-14	08:33:00		60	0	0	0	0	0	0	0	0	0	0	0	0	0	0	0	0	0	0	0	0	0,0000	0,0000	457,6518
2021-12-14	08:34:00		60	0	0	0	0	0	0	0	0	0	0	0	0	0	0	0	0	0	0	0	0	0,0000	0,0000	457,6518
2021-12-14	08:35:00		60	0	0	0	0	0	0	0	0	0	0	0	0	0	0	0	0	0	0	0	0	0,0000	0,0000	457,6518
2021-12-14	08:36:00		60	0	0	0	0	0	0	0	0	0	0	0	0	0	0	0	0	0	0	0	0	0,0000	0,0000	457,6518
2021-12-14	08:37:00		60	0	0	0	0	0	0	0	0	0	0	0	0	0	0	0	0	0	0	0	0	0,0000	0,0000	457,6518
2021-12-14	08:38:00		60	0	0	0	0	0	0	0	0	0	0	0	0	0	0	0	0	0	0	0	0	0,0000	0,0000	457,6518
2021-12-14	08:39:00		60	0	0	0	0	0	0	0	0	0	0	0	0	0	0	0	0	0	0	0	0	0,0000	0,0000	457,6518
2021-12-14	08:40:00		60	0	0	0	0	0	0	0	0	0	0	0	0	0	0	0	0	0	0	0	0	0,0000	0,0000	457,6518
2021-12-14	08:41:00		60	0	0	0	0	0	0	0	0	0	0	0	0	0	0	0	0	0	0	0	0	0,0000	0,0000	457,6518
2021-12-14	08:42:00		60	0	0	0	0	0	0	0	0	0	0	0	0	0	0	0	0	0	0	0	0	0,0000	0,0000	457,6518
2021-12-14	08:43:00		60	0	0	0	0	0	0	0	0	0	0	0	0	0	0	0	0	0	0	0	0	0,0000	0,0000	457,6518
2021-12-14	08:44:00		60	0	0	0	0	0	0	0	0	0	0	0	0	0	0	0	0	0	0	0	0	0,0000	0,0000	457,6518
2021-12-14	08:45:00		60	0	0	0	0	0	0	0	0	0	0	0	0	0	0	0	0	0	0	0	0	0,0000	0,0000	457,6518
2021-12-14	08:46:00		60	0	0	0	0	0	0	0	0	0	0	0	0	0	0	0	0	0	0	0	0	0,0000	0,0000	457,6518
2021-12-14	08:47:00		60	0	0	0	0	0	0	0	0	0	0	0	0	0	0	0	0	0	0	0	0	0,0000	0,0000	457,6518
2021-12-14	08:48:00		60	0	0	0	0	0	0	0	0	0	0	0	0	0	0	0	0	0	0	0	0	0,0000	0,0000	457,6518
2021-12-14	08:49:00		60	0	0	0	0	0	0	0	0	0	0	0	0	0	0	0	0	0	0	0	0	0,0000	0,0000	457,6518
2021-12-14	08:50:00		60	0	0	0	0	0	0	0	0	0	0	0	0	0	0	0	0	0	0	0	0	0,0000	0,0000	457,6518
2021-12-14	08:51:00		60	0	0	0	0	0	0	0	0	0	0	0	0	0	0	0	0	0	0	0	0	0,0000	0,0000	457,6518
2021-12-14	08:52:00		60	0	0	0	0	0	0	0	0	0	0	0	0	0	0	0	0	0	0	0	0	0,0000	0,0000	457,6518
2021-12-14	08:53:00		60	0	0	0	0	0	0	0	0	0	0	0	0	0	0	0	0	0	0	0	0	0,0000	0,0000	457,6518
2021-12-14	08:54:00		60	0	0	0	0	0	0	0	0	0	0	0	0	0	0	0	0	0	0	0	0	0,0000	0,0000	457,6518
2021-12-14	08:55:00		60	0	0	0	0	0	0	0	0	0	0	0	0	0	0	0	0	0	0	0	0	0,0000	0,0000	457,6518
2021-12-14	08:56:00		60	0	0	0	0	0	0	0	0	0	0	0	0	0	0	0	0	0	0	0	0	0,0000	0,0000	457,6518
2021-12-14	08:57:00		60	0	0	0	0	0	0	0	0	0	0	0	0	0	0	0	0	0	0	0	0	0,0000	0,0000	457,6518
2021-12-14	08:58:00		60	0	0	0	0	0	0	0	0	0	0	0	0	0	0	0	0	0	0	0	0	0,0000	0,0000	457,6518
2021-12-14	08:59:00		60	0	0	0	0	0	0	0	0	0	0	0	0	0	0	0	0	0	0	0	0	0,0000	0,0000	457,6518
2021-12-14	09:00:00		60	0	0	0	0	0	0	0	0	0	0	0	0	0	0	0	0	0	0	0	0	0,0000	0,0000	457,6518
2021-12-14	09:01:00		60	0	0	0	0	0	0	0	0	0	0	0	0	0	0	0	0	0	0	0	0	0,0000	0,0000	457,6518
2021-12-14	09:02:00		60	0	0	0	0	0	0	0	0	0	0	0	0	0	0	0	0	0	0	0	0	0,0000	0,0000	457,6518
2021-12-14	09:03:00		60	0	0	0	0	0	0	0	0	0	0	0	0	0	0	0	0	0	0	0	0	0,0000	0,0000	457,6518
2021-12-14	09:04:00		60	0	0	0	0	0	0	0	0	0	0	0	0	0	0	0	0	0	0	0	0	0,0000	0,0000	457,6518
2021-12-14	09:05:00		60	0	0	0	0	0	0	0	0	0	0	0	0	0	0	0	0	0	0	0	0	0,0000	0,0000	457,6518
2021-12-14	09:06:00		60	0	0	0	0	0	0	0	0	0	0	0	0	0	0	0	0	0	0	0	0	0,0000	0,0000	457,6518
2021-12-14	09:07:00		60	0	0	0	0	0	0	0	0	0	0	0	0	0	0	0	0	0	0	0	0	0,0000	0,0000	457,6518
2021-12-14	09:08:00		60	0	0	0	0	0	0	0	0	0	0	0	0	0	0	0	0	0	0	0	0	0,0000	0,0000	457,6518
2021-12-14	09:09:00		60	0	0	0	0	0	0	0	0	0	0	0	0	0	0	0	0	0	0	0	0	0,0000	0,0000	457,6518
