2021-12-28	14:25:00		60	34	0	0	0	0	0	0	0	0	0	0	0	0	0	0	0	0	0	0	0	0,0099	0,0002	0,0002
2021-12-28	14:26:00		60	25	0	0	0	0	0	0	0	0	0	0	0	0	0	0	0	0	0	0	0	0,0073	0,0001	0,0003
2021-12-28	14:27:00		60	41	0	0	0	0	0	0	0	0	0	0	0	0	0	0	0	0	0	0	0	0,0119	0,0002	0,0005
2021-12-28	14:28:00		60	18	0	0	0	0	0	0	0	0	0	0	0	0	0	0	0	0	0	0	0	0,0052	0,0001	0,0006
2021-12-28	14:29:00		60	22	0	0	0	0	0	0	0	0	0	0	0	0	0	0	0	0	0	0	0	0,0064	0,0001	0,0007
2021-12-28	14:30:00		60	37	0	0	0	0	0	0	0	0	0	0	0	0	0	0	0	0	0	0	0	0,0108	0,0002	0,0009
2021-12-28	14:31:00		60	29	0	0	0	0	0	0	0	0	0	0	0	0	0	0	0	0	0	0	0	0,0084	0,0001	0,0010
2021-12-28	14:32:00		60	20	0	0	0	0	0	0	0	0	0	0	0	0	0	0	0	0	0	0	0	0,0058	0,0001	0,0011
2021-12-28	14:33:00		60	30	0	0	0	0	0	0	0	0	0	0	0	0	0	0	0	0	0	0	0	0,0087	0,0001	0,0012
2021-12-28	14:34:00		60	18	0	0	0	0	0	0	0	0	0	0	0	0	0	0	0	0	0	0	0	0,0052	0,0001	0,0013
2021-12-28	14:35:00		60	26	0	0	0	0	0	0	0	0	0	0	0	0	0	0	0	0	0	0	0	0,0076	0,0001	0,0015
2021-12-28	14:36:00		60	21	0	0	0	0	0	0	0	0	0	0	0	0	0	0	0	0	0	0	0	0,0061	0,0001	0,0016
2021-12-28	14:37:00		60	74	0	0	0	0	0	0	0	0	0	0	0	0	0	0	0	0	0	0	0	0,0215	0,0004	0,0019
2021-12-28	14:38:00		60	81	0	0	0	0	0	0	0	0	0	0	0	0	0	0	0	0	0	0	0	0,0235	0,0004	0,0023
2021-12-28	14:39:00		60	18	0	0	0	0	0	0	0	0	0	0	0	0	0	0	0	0	0	0	0	0,0052	0,0001	0,0024
2021-12-28	14:40:00		60	105	1	0	0	0	0	0	0	0	0	0	0	0	0	0	0	0	0	0	0	0,0311	0,0005	0,0029
2021-12-28	14:41:00		60	39	0	0	0	0	0	0	0	0	0	0	0	0	0	0	0	0	0	0	0	0,0113	0,0002	0,0031
2021-12-28	14:42:00		60	61	0	0	0	0	0	0	0	0	0	0	0	0	0	0	0	0	0	0	0	0,0177	0,0003	0,0034
2021-12-28	14:43:00		60	45	0	0	0	0	0	0	0	0	0	0	0	0	0	0	0	0	0	0	0	0,0131	0,0002	0,0036
2021-12-28	14:44:00		60	65	0	0	0	0	0	0	0	0	0	0	0	0	0	0	0	0	0	0	0	0,0189	0,0003	0,0039
2021-12-28	14:45:00		60	45	0	0	0	0	0	0	0	0	0	0	0	0	0	0	0	0	0	0	0	0,0131	0,0002	0,0041
2021-12-28	14:46:00		60	30	0	0	0	0	0	0	0	0	0	0	0	0	0	0	0	0	0	0	0	0,0087	0,0001	0,0043
2021-12-28	14:47:00		60	43	0	0	0	0	0	0	0	0	0	0	0	0	0	0	0	0	0	0	0	0,0125	0,0002	0,0045
2021-12-28	14:48:00		60	27	0	0	0	0	0	0	0	0	0	0	0	0	0	0	0	0	0	0	0	0,0078	0,0001	0,0046
2021-12-28	14:49:00		60	61	0	0	0	0	0	0	0	0	0	0	0	0	0	0	0	0	0	0	0	0,0177	0,0003	0,0049
2021-12-28	14:50:00		60	63	0	0	0	0	0	0	0	0	0	0	0	0	0	0	0	0	0	0	0	0,0183	0,0003	0,0052
2021-12-28	14:51:00		60	45	0	0	0	0	0	0	0	0	0	0	0	0	0	0	0	0	0	0	0	0,0131	0,0002	0,0055
2021-12-28	14:52:00		60	48	0	0	0	0	0	0	0	0	0	0	0	0	0	0	0	0	0	0	0	0,0140	0,0002	0,0057
2021-12-28	14:53:00		60	31	0	0	0	0	0	0	0	0	0	0	0	0	0	0	0	0	0	0	0	0,0090	0,0002	0,0058
2021-12-28	14:54:00		60	35	0	0	0	0	0	0	0	0	0	0	0	0	0	0	0	0	0	0	0	0,0102	0,0002	0,0060
2021-12-28	14:55:00		60	82	0	0	0	0	0	0	0	0	0	0	0	0	0	0	0	0	0	0	0	0,0238	0,0004	0,0064
2021-12-28	14:56:00		60	60	0	0	0	0	0	0	0	0	0	0	0	0	0	0	0	0	0	0	0	0,0174	0,0003	0,0067
2021-12-28	14:57:00		60	69	0	0	0	0	0	0	0	0	0	0	0	0	0	0	0	0	0	0	0	0,0201	0,0003	0,0070
2021-12-28	14:58:00		60	247	0	0	0	0	0	0	0	0	0	0	0	0	0	0	0	0	0	0	0	0,0718	0,0012	0,0082
2021-12-28	14:59:00		60	33	0	0	0	0	0	0	0	0	0	0	0	0	0	0	0	0	0	0	0	0,0096	0,0002	0,0084
2021-12-28	15:00:00		60	46	0	1	0	0	0	0	0	0	0	0	0	0	0	0	0	0	0	0	0	0,0144	0,0002	0,0086
2021-12-28	15:01:00		60	25	0	0	0	0	0	0	0	0	0	0	0	0	0	0	0	0	0	0	0	0,0073	0,0001	0,0087
2021-12-28	15:02:00		60	61	0	0	0	0	0	0	0	0	0	0	0	0	0	0	0	0	0	0	0	0,0177	0,0003	0,0090
2021-12-28	15:03:00		60	67	0	0	0	0	0	0	0	0	0	0	0	0	0	0	0	0	0	0	0	0,0195	0,0003	0,0094
2021-12-28	15:04:00		60	56	0	0	0	0	0	0	0	0	0	0	0	0	0	0	0	0	0	0	0	0,0163	0,0003	0,0096
2021-12-28	15:05:00		60	66	0	0	0	0	0	0	0	0	0	0	0	0	0	0	0	0	0	0	0	0,0192	0,0003	0,0100
2021-12-28	15:06:00		60	116	0	0	0	0	0	0	0	0	0	0	0	0	0	0	0	0	0	0	0	0,0337	0,0006	0,0105
2021-12-28	15:07:00		60	67	0	0	0	0	0	0	0	0	0	0	0	0	0	0	0	0	0	0	0	0,0195	0,0003	0,0108
2021-12-28	15:08:00		60	44	0	0	0	0	0	0	0	0	0	0	0	0	0	0	0	0	0	0	0	0,0128	0,0002	0,0111
2021-12-28	15:09:00		60	41	0	0	0	0	0	0	0	0	0	0	0	0	0	0	0	0	0	0	0	0,0119	0,0002	0,0113
2021-12-28	15:10:00		60	32	0	0	0	0	0	0	0	0	0	0	0	0	0	0	0	0	0	0	0	0,0093	0,0002	0,0114
2021-12-28	15:11:00		60	29	0	0	0	0	0	0	0	0	0	0	0	0	0	0	0	0	0	0	0	0,0084	0,0001	0,0115
2021-12-28	15:12:00		60	104	0	0	0	0	0	0	0	0	0	0	0	0	0	0	0	0	0	0	0	0,0302	0,0005	0,0121
2021-12-28	15:13:00		60	66	0	0	0	0	0	0	0	0	0	0	0	0	0	0	0	0	0	0	0	0,0192	0,0003	0,0124
2021-12-28	15:14:00		60	57	0	0	0	0	0	0	0	0	0	0	0	0	0	0	0	0	0	0	0	0,0166	0,0003	0,0126
2021-12-28	15:15:00		60	20	0	0	0	0	0	0	0	0	0	0	0	0	0	0	0	0	0	0	0	0,0058	0,0001	0,0127
2021-12-28	15:16:00		60	35	0	0	0	0	0	0	0	0	0	0	0	0	0	0	0	0	0	0	0	0,0102	0,0002	0,0129
2021-12-28	15:17:00		60	13	0	0	0	0	0	0	0	0	0	0	0	0	0	0	0	0	0	0	0	0,0038	0,0001	0,0130
2021-12-28	15:18:00		60	30	0	0	0	0	0	0	0	0	0	0	0	0	0	0	0	0	0	0	0	0,0087	0,0001	0,0131
2021-12-28	15:19:00		60	32	0	0	0	0	0	0	0	0	0	0	0	0	0	0	0	0	0	0	0	0,0093	0,0002	0,0133
2021-12-28	15:20:00		60	73	1	0	0	0	0	0	0	0	0	0	0	0	0	0	0	0	0	0	0	0,0218	0,0004	0,0136
2021-12-28	15:21:00		60	61	0	0	0	0	0	0	0	0	0	0	0	0	0	0	0	0	0	0	0	0,0177	0,0003	0,0139
2021-12-28	15:22:00		60	40	0	0	0	0	0	0	0	0	0	0	0	0	0	0	0	0	0	0	0	0,0116	0,0002	0,0141
2021-12-28	15:23:00		60	31	0	0	0	0	0	0	0	0	0	0	0	0	0	0	0	0	0	0	0	0,0090	0,0002	0,0143
2021-12-28	15:24:00		60	56	6	0	0	0	0	0	0	0	0	0	0	0	0	0	0	0	0	0	0	0,0198	0,0003	0,0146
2021-12-28	15:25:00		60	31	0	0	0	0	0	0	0	0	0	0	0	0	0	0	0	0	0	0	0	0,0090	0,0002	0,0148
2021-12-28	15:26:00		60	27	0	0	0	0	0	0	0	0	0	0	0	0	0	0	0	0	0	0	0	0,0078	0,0001	0,0149
2021-12-28	15:27:00		60	25	0	0	0	0	0	0	0	0	0	0	0	0	0	0	0	0	0	0	0	0,0073	0,0001	0,0150
2021-12-28	15:28:00		60	23	0	0	0	0	0	0	0	0	0	0	0	0	0	0	0	0	0	0	0	0,0067	0,0001	0,0151
2021-12-28	15:29:00		60	20	0	0	0	0	0	0	0	0	0	0	0	0	0	0	0	0	0	0	0	0,0058	0,0001	0,0152
2021-12-28	15:30:00		60	12	0	0	0	0	0	0	0	0	0	0	0	0	0	0	0	0	0	0	0	0,0035	0,0001	0,0153
2021-12-28	15:31:00		60	19	0	0	0	0	0	0	0	0	0	0	0	0	0	0	0	0	0	0	0	0,0055	0,0001	0,0154
2021-12-28	15:32:00		60	27	0	0	0	0	0	0	0	0	0	0	0	0	0	0	0	0	0	0	0	0,0078	0,0001	0,0155
2021-12-28	15:33:00		60	20	0	0	0	0	0	0	0	0	0	0	0	0	0	0	0	0	0	0	0	0,0058	0,0001	0,0156
2021-12-28	15:34:00		60	55	0	0	0	0	0	0	0	0	0	0	0	0	0	0	0	0	0	0	0	0,0160	0,0003	0,0159
2021-12-28	15:35:00		60	60	0	0	0	0	0	0	0	0	0	0	0	0	0	0	0	0	0	0	0	0,0174	0,0003	0,0162
2021-12-28	15:36:00		60	59	0	0	0	0	0	0	0	0	0	0	0	0	0	0	0	0	0	0	0	0,0172	0,0003	0,0164
2021-12-28	15:37:00		60	22	0	0	0	0	0	0	0	0	0	0	0	0	0	0	0	0	0	0	0	0,0064	0,0001	0,0166
2021-12-28	15:38:00		60	76	0	0	0	0	0	0	0	0	0	0	0	0	0	0	0	0	0	0	0	0,0221	0,0004	0,0169
2021-12-28	15:39:00		60	21	0	0	0	0	0	0	0	0	0	0	0	0	0	0	0	0	0	0	0	0,0061	0,0001	0,0170
2021-12-28	15:40:00		60	27	0	0	0	0	0	0	0	0	0	0	0	0	0	0	0	0	0	0	0	0,0078	0,0001	0,0172
2021-12-28	15:41:00		60	12	0	0	0	0	0	0	0	0	0	0	0	0	0	0	0	0	0	0	0	0,0035	0,0001	0,0172
2021-12-28	15:42:00		60	15	0	0	0	0	0	0	0	0	0	0	0	0	0	0	0	0	0	0	0	0,0044	0,0001	0,0173
2021-12-28	15:43:00		60	76	2	0	0	0	0	0	0	0	0	0	0	0	0	0	0	0	0	0	0	0,0233	0,0004	0,0177
2021-12-28	15:44:00		60	36	0	0	0	0	0	0	0	0	0	0	0	0	0	0	0	0	0	0	0	0,0105	0,0002	0,0178
2021-12-28	15:45:00		60	33	0	0	0	0	0	0	0	0	0	0	0	0	0	0	0	0	0	0	0	0,0096	0,0002	0,0180
2021-12-28	15:46:00		60	13	0	0	0	0	0	0	0	0	0	0	0	0	0	0	0	0	0	0	0	0,0038	0,0001	0,0181
2021-12-28	15:47:00		60	30	0	0	0	0	0	0	0	0	0	0	0	0	0	0	0	0	0	0	0	0,0087	0,0001	0,0182
2021-12-28	15:48:00		60	17	0	0	0	0	0	0	0	0	0	0	0	0	0	0	0	0	0	0	0	0,0049	0,0001	0,0183
2021-12-28	15:49:00		60	42	0	0	0	0	0	0	0	0	0	0	0	0	0	0	0	0	0	0	0	0,0122	0,0002	0,0185
2021-12-28	15:50:00		60	32	0	0	0	0	0	0	0	0	0	0	0	0	0	0	0	0	0	0	0	0,0093	0,0002	0,0187
2021-12-28	15:51:00		60	40	2	1	0	0	0	0	0	0	0	0	0	0	0	0	0	0	0	0	0	0,0139	0,0002	0,0189
2021-12-28	15:52:00		60	41	0	0	0	0	0	0	0	0	0	0	0	0	0	0	0	0	0	0	0	0,0119	0,0002	0,0191
2021-12-28	15:53:00		60	40	0	0	0	0	0	0	0	0	0	0	0	0	0	0	0	0	0	0	0	0,0116	0,0002	0,0193
2021-12-28	15:54:00		60	29	0	0	0	0	0	0	0	0	0	0	0	0	0	0	0	0	0	0	0	0,0084	0,0001	0,0194
2021-12-28	15:55:00		60	59	0	0	0	0	0	0	0	0	0	0	0	0	0	0	0	0	0	0	0	0,0172	0,0003	0,0197
2021-12-28	15:56:00		60	73	0	0	0	0	0	0	0	0	0	0	0	0	0	0	0	0	0	0	0	0,0212	0,0004	0,0201
2021-12-28	15:57:00		60	97	0	0	0	0	0	0	0	0	0	0	0	0	0	0	0	0	0	0	0	0,0282	0,0005	0,0205
2021-12-28	15:58:00		60	22	0	0	0	0	0	0	0	0	0	0	0	0	0	0	0	0	0	0	0	0,0064	0,0001	0,0206
2021-12-28	15:59:00		60	13	0	0	0	0	0	0	0	0	0	0	0	0	0	0	0	0	0	0	0	0,0038	0,0001	0,0207
2021-12-28	16:00:00		60	0	0	0	0	0	0	0	0	0	0	0	0	0	0	0	0	0	0	0	0	0,0000	0,0000	0,0207
2021-12-28	16:01:00		60	0	0	0	0	0	0	0	0	0	0	0	0	0	0	0	0	0	0	0	0	0,0000	0,0000	0,0207
2021-12-28	16:02:00		60	0	0	0	0	0	0	0	0	0	0	0	0	0	0	0	0	0	0	0	0	0,0000	0,0000	0,0207
2021-12-28	16:03:00		60	0	0	0	0	0	0	0	0	0	0	0	0	0	0	0	0	0	0	0	0	0,0000	0,0000	0,0207
2021-12-28	16:04:00		60	0	0	0	0	0	0	0	0	0	0	0	0	0	0	0	0	0	0	0	0	0,0000	0,0000	0,0207
2021-12-28	16:05:00		60	7	0	0	0	0	0	0	0	0	0	0	0	0	0	0	0	0	0	0	0	0,0020	0,0000	0,0207
2021-12-28	16:06:00		60	0	0	0	0	0	0	0	0	0	0	0	0	0	0	0	0	0	0	0	0	0,0000	0,0000	0,0207
2021-12-28	16:07:00		60	0	0	0	0	0	0	0	0	0	0	0	0	0	0	0	0	0	0	0	0	0,0000	0,0000	0,0207
2021-12-28	16:08:00		60	4	0	0	0	0	0	0	0	0	0	0	0	0	0	0	0	0	0	0	0	0,0012	0,0000	0,0208
2021-12-28	16:09:00		60	0	0	0	0	0	0	0	0	0	0	0	0	0	0	0	0	0	0	0	0	0,0000	0,0000	0,0208
2021-12-28	16:10:00		60	0	0	0	0	0	0	0	0	0	0	0	0	0	0	0	0	0	0	0	0	0,0000	0,0000	0,0208
2021-12-28	16:11:00		60	0	0	0	0	0	0	0	0	0	0	0	0	0	0	0	0	0	0	0	0	0,0000	0,0000	0,0208
2021-12-28	16:12:00		60	0	0	0	0	0	0	0	0	0	0	0	0	0	0	0	0	0	0	0	0	0,0000	0,0000	0,0208
2021-12-28	16:13:00		60	0	0	0	0	0	0	0	0	0	0	0	0	0	0	0	0	0	0	0	0	0,0000	0,0000	0,0208
2021-12-28	16:14:00		60	0	0	0	0	0	0	0	0	0	0	0	0	0	0	0	0	0	0	0	0	0,0000	0,0000	0,0208
2021-12-28	16:15:00		60	0	0	0	0	0	0	0	0	0	0	0	0	0	0	0	0	0	0	0	0	0,0000	0,0000	0,0208
2021-12-28	16:16:00		60	0	0	0	0	0	0	0	0	0	0	0	0	0	0	0	0	0	0	0	0	0,0000	0,0000	0,0208
2021-12-28	16:17:00		60	0	0	0	0	0	0	0	0	0	0	0	0	0	0	0	0	0	0	0	0	0,0000	0,0000	0,0208
2021-12-28	16:18:00		60	0	0	0	0	0	0	0	0	0	0	0	0	0	0	0	0	0	0	0	0	0,0000	0,0000	0,0208
2021-12-28	16:19:00		60	0	0	0	0	0	0	0	0	0	0	0	0	0	0	0	0	0	0	0	0	0,0000	0,0000	0,0208
2021-12-28	16:20:00		60	5	0	0	0	0	0	0	0	0	0	0	0	0	0	0	0	0	0	0	0	0,0015	0,0000	0,0208
2021-12-28	16:21:00		60	11	2	0	0	0	0	0	0	0	0	0	0	0	0	0	0	0	0	0	0	0,0044	0,0001	0,0208
2021-12-28	16:22:00		60	0	0	0	0	0	0	0	0	0	0	0	0	0	0	0	0	0	0	0	0	0,0000	0,0000	0,0208
2021-12-28	16:23:00		60	0	0	0	0	0	0	0	0	0	0	0	0	0	0	0	0	0	0	0	0	0,0000	0,0000	0,0208
2021-12-28	16:24:00		60	0	0	0	0	0	0	0	0	0	0	0	0	0	0	0	0	0	0	0	0	0,0000	0,0000	0,0208
2021-12-28	16:25:00		60	0	0	0	0	0	0	0	0	0	0	0	0	0	0	0	0	0	0	0	0	0,0000	0,0000	0,0208
2021-12-28	16:26:00		60	0	0	0	0	0	0	0	0	0	0	0	0	0	0	0	0	0	0	0	0	0,0000	0,0000	0,0208
2021-12-28	16:27:00		60	0	0	0	0	0	0	0	0	0	0	0	0	0	0	0	0	0	0	0	0	0,0000	0,0000	0,0208
2021-12-28	16:28:00		60	0	0	0	0	0	0	0	0	0	0	0	0	0	0	0	0	0	0	0	0	0,0000	0,0000	0,0208
2021-12-28	16:29:00		60	0	0	0	0	0	0	0	0	0	0	0	0	0	0	0	0	0	0	0	0	0,0000	0,0000	0,0208
2021-12-28	16:30:00		60	0	0	0	0	0	0	0	0	0	0	0	0	0	0	0	0	0	0	0	0	0,0000	0,0000	0,0208
2021-12-28	16:31:00		60	0	0	0	0	0	0	0	0	0	0	0	0	0	0	0	0	0	0	0	0	0,0000	0,0000	0,0208
2021-12-28	16:32:00		60	0	0	0	0	0	0	0	0	0	0	0	0	0	0	0	0	0	0	0	0	0,0000	0,0000	0,0208
2021-12-28	16:33:00		60	0	0	0	0	0	0	0	0	0	0	0	0	0	0	0	0	0	0	0	0	0,0000	0,0000	0,0208
2021-12-28	16:34:00		60	0	0	0	0	0	0	0	0	0	0	0	0	0	0	0	0	0	0	0	0	0,0000	0,0000	0,0208
2021-12-28	16:35:00		60	4	0	0	0	0	0	0	0	0	0	0	0	0	0	0	0	0	0	0	0	0,0012	0,0000	0,0209
2021-12-28	16:36:00		60	0	0	0	0	0	0	0	0	0	0	0	0	0	0	0	0	0	0	0	0	0,0000	0,0000	0,0209
2021-12-28	16:37:00		60	0	0	0	0	0	0	0	0	0	0	0	0	0	0	0	0	0	0	0	0	0,0000	0,0000	0,0209
2021-12-28	16:38:00		60	11	1	0	0	0	0	0	0	0	0	0	0	0	0	0	0	0	0	0	0	0,0038	0,0001	0,0209
2021-12-28	16:39:00		60	0	0	0	0	0	0	0	0	0	0	0	0	0	0	0	0	0	0	0	0	0,0000	0,0000	0,0209
2021-12-28	16:40:00		60	0	0	0	0	0	0	0	0	0	0	0	0	0	0	0	0	0	0	0	0	0,0000	0,0000	0,0209
2021-12-28	16:41:00		60	0	0	0	0	0	0	0	0	0	0	0	0	0	0	0	0	0	0	0	0	0,0000	0,0000	0,0209
2021-12-28	16:42:00		60	0	0	0	0	0	0	0	0	0	0	0	0	0	0	0	0	0	0	0	0	0,0000	0,0000	0,0209
2021-12-28	16:43:00		60	0	0	0	0	0	0	0	0	0	0	0	0	0	0	0	0	0	0	0	0	0,0000	0,0000	0,0209
2021-12-28	16:44:00		60	0	0	0	0	0	0	0	0	0	0	0	0	0	0	0	0	0	0	0	0	0,0000	0,0000	0,0209
2021-12-28	16:45:00		60	0	0	0	0	0	0	0	0	0	0	0	0	0	0	0	0	0	0	0	0	0,0000	0,0000	0,0209
2021-12-28	16:46:00		60	0	0	0	0	0	0	0	0	0	0	0	0	0	0	0	0	0	0	0	0	0,0000	0,0000	0,0209
2021-12-28	16:47:00		60	0	0	0	0	0	0	0	0	0	0	0	0	0	0	0	0	0	0	0	0	0,0000	0,0000	0,0209
2021-12-28	16:48:00		60	0	0	0	0	0	0	0	0	0	0	0	0	0	0	0	0	0	0	0	0	0,0000	0,0000	0,0209
2021-12-28	16:49:00		60	0	0	0	0	0	0	0	0	0	0	0	0	0	0	0	0	0	0	0	0	0,0000	0,0000	0,0209
2021-12-28	16:50:00		60	0	0	0	0	0	0	0	0	0	0	0	0	0	0	0	0	0	0	0	0	0,0000	0,0000	0,0209
2021-12-28	16:51:00		60	0	0	0	0	0	0	0	0	0	0	0	0	0	0	0	0	0	0	0	0	0,0000	0,0000	0,0209
2021-12-28	16:52:00		60	0	0	0	0	0	0	0	0	0	0	0	0	0	0	0	0	0	0	0	0	0,0000	0,0000	0,0209
2021-12-28	16:53:00		60	0	0	0	0	0	0	0	0	0	0	0	0	0	0	0	0	0	0	0	0	0,0000	0,0000	0,0209
2021-12-28	16:54:00		60	0	0	0	0	0	0	0	0	0	0	0	0	0	0	0	0	0	0	0	0	0,0000	0,0000	0,0209
2021-12-28	16:55:00		60	0	0	0	0	0	0	0	0	0	0	0	0	0	0	0	0	0	0	0	0	0,0000	0,0000	0,0209
2021-12-28	16:56:00		60	0	0	0	0	0	0	0	0	0	0	0	0	0	0	0	0	0	0	0	0	0,0000	0,0000	0,0209
2021-12-28	16:57:00		60	0	0	0	0	0	0	0	0	0	0	0	0	0	0	0	0	0	0	0	0	0,0000	0,0000	0,0209
2021-12-28	16:58:00		60	0	0	0	0	0	0	0	0	0	0	0	0	0	0	0	0	0	0	0	0	0,0000	0,0000	0,0209
2021-12-28	16:59:00		60	0	0	0	0	0	0	0	0	0	0	0	0	0	0	0	0	0	0	0	0	0,0000	0,0000	0,0209
2021-12-28	17:00:00		60	0	0	0	0	0	0	0	0	0	0	0	0	0	0	0	0	0	0	0	0	0,0000	0,0000	0,0209
2021-12-28	17:01:00		60	0	0	0	0	0	0	0	0	0	0	0	0	0	0	0	0	0	0	0	0	0,0000	0,0000	0,0209
2021-12-28	17:02:00		60	0	0	0	0	0	0	0	0	0	0	0	0	0	0	0	0	0	0	0	0	0,0000	0,0000	0,0209
2021-12-28	17:03:00		60	0	0	0	0	0	0	0	0	0	0	0	0	0	0	0	0	0	0	0	0	0,0000	0,0000	0,0209
2021-12-28	17:04:00		60	0	0	0	0	0	0	0	0	0	0	0	0	0	0	0	0	0	0	0	0	0,0000	0,0000	0,0209
2021-12-28	17:05:00		60	0	0	0	0	0	0	0	0	0	0	0	0	0	0	0	0	0	0	0	0	0,0000	0,0000	0,0209
2021-12-28	17:06:00		60	0	0	0	0	0	0	0	0	0	0	0	0	0	0	0	0	0	0	0	0	0,0000	0,0000	0,0209
2021-12-28	17:07:00		60	0	0	0	0	0	0	0	0	0	0	0	0	0	0	0	0	0	0	0	0	0,0000	0,0000	0,0209
2021-12-28	17:08:00		60	0	0	0	0	0	0	0	0	0	0	0	0	0	0	0	0	0	0	0	0	0,0000	0,0000	0,0209
2021-12-28	17:09:00		60	0	0	0	0	0	0	0	0	0	0	0	0	0	0	0	0	0	0	0	0	0,0000	0,0000	0,0209
2021-12-28	17:10:00		60	0	0	0	0	0	0	0	0	0	0	0	0	0	0	0	0	0	0	0	0	0,0000	0,0000	0,0209
2021-12-28	17:11:00		60	0	0	0	0	0	0	0	0	0	0	0	0	0	0	0	0	0	0	0	0	0,0000	0,0000	0,0209
2021-12-28	17:12:00		60	0	0	0	0	0	0	0	0	0	0	0	0	0	0	0	0	0	0	0	0	0,0000	0,0000	0,0209
2021-12-28	17:13:00		60	0	0	0	0	0	0	0	0	0	0	0	0	0	0	0	0	0	0	0	0	0,0000	0,0000	0,0209
2021-12-28	17:14:00		60	0	0	0	0	0	0	0	0	0	0	0	0	0	0	0	0	0	0	0	0	0,0000	0,0000	0,0209
2021-12-28	17:15:00		60	0	0	0	0	0	0	0	0	0	0	0	0	0	0	0	0	0	0	0	0	0,0000	0,0000	0,0209
2021-12-28	17:16:00		60	0	0	0	0	0	0	0	0	0	0	0	0	0	0	0	0	0	0	0	0	0,0000	0,0000	0,0209
2021-12-28	17:17:00		60	0	0	0	0	0	0	0	0	0	0	0	0	0	0	0	0	0	0	0	0	0,0000	0,0000	0,0209
2021-12-28	17:18:00		60	0	0	0	0	0	0	0	0	0	0	0	0	0	0	0	0	0	0	0	0	0,0000	0,0000	0,0209
2021-12-28	17:19:00		60	8	2	0	0	0	0	0	0	0	0	0	0	0	0	0	0	0	0	0	0	0,0035	0,0001	0,0210
2021-12-28	17:20:00		60	0	0	0	0	0	0	0	0	0	0	0	0	0	0	0	0	0	0	0	0	0,0000	0,0000	0,0210
2021-12-28	17:21:00		60	0	0	0	0	0	0	0	0	0	0	0	0	0	0	0	0	0	0	0	0	0,0000	0,0000	0,0210
2021-12-28	17:22:00		60	0	0	0	0	0	0	0	0	0	0	0	0	0	0	0	0	0	0	0	0	0,0000	0,0000	0,0210
2021-12-28	17:23:00		60	0	0	0	0	0	0	0	0	0	0	0	0	0	0	0	0	0	0	0	0	0,0000	0,0000	0,0210
2021-12-28	17:24:00		60	0	0	0	0	0	0	0	0	0	0	0	0	0	0	0	0	0	0	0	0	0,0000	0,0000	0,0210
2021-12-28	17:25:00		60	0	0	0	0	0	0	0	0	0	0	0	0	0	0	0	0	0	0	0	0	0,0000	0,0000	0,0210
2021-12-28	17:26:00		60	0	0	0	0	0	0	0	0	0	0	0	0	0	0	0	0	0	0	0	0	0,0000	0,0000	0,0210
2021-12-28	17:27:00		60	0	0	0	0	0	0	0	0	0	0	0	0	0	0	0	0	0	0	0	0	0,0000	0,0000	0,0210
2021-12-28	17:28:00		60	0	0	0	0	0	0	0	0	0	0	0	0	0	0	0	0	0	0	0	0	0,0000	0,0000	0,0210
2021-12-28	17:29:00		60	0	0	0	0	0	0	0	0	0	0	0	0	0	0	0	0	0	0	0	0	0,0000	0,0000	0,0210
2021-12-28	17:30:00		60	0	0	0	0	0	0	0	0	0	0	0	0	0	0	0	0	0	0	0	0	0,0000	0,0000	0,0210
2021-12-28	17:31:00		60	0	0	0	0	0	0	0	0	0	0	0	0	0	0	0	0	0	0	0	0	0,0000	0,0000	0,0210
2021-12-28	17:32:00		60	0	0	0	0	0	0	0	0	0	0	0	0	0	0	0	0	0	0	0	0	0,0000	0,0000	0,0210
2021-12-28	17:33:00		60	0	0	0	0	0	0	0	0	0	0	0	0	0	0	0	0	0	0	0	0	0,0000	0,0000	0,0210
2021-12-28	17:34:00		60	0	0	0	0	0	0	0	0	0	0	0	0	0	0	0	0	0	0	0	0	0,0000	0,0000	0,0210
2021-12-28	17:35:00		60	0	0	0	0	0	0	0	0	0	0	0	0	0	0	0	0	0	0	0	0	0,0000	0,0000	0,0210
2021-12-28	17:36:00		60	6	1	0	0	0	0	0	0	0	0	0	0	0	0	0	0	0	0	0	0	0,0023	0,0000	0,0210
2021-12-28	17:37:00		60	0	0	0	0	0	0	0	0	0	0	0	0	0	0	0	0	0	0	0	0	0,0000	0,0000	0,0210
2021-12-28	17:38:00		60	0	0	0	0	0	0	0	0	0	0	0	0	0	0	0	0	0	0	0	0	0,0000	0,0000	0,0210
2021-12-28	17:39:00		60	0	0	0	0	0	0	0	0	0	0	0	0	0	0	0	0	0	0	0	0	0,0000	0,0000	0,0210
2021-12-28	17:40:00		60	0	0	0	0	0	0	0	0	0	0	0	0	0	0	0	0	0	0	0	0	0,0000	0,0000	0,0210
2021-12-28	17:41:00		60	11	4	0	0	0	0	0	0	0	0	0	0	0	0	0	0	0	0	0	0	0,0056	0,0001	0,0211
2021-12-28	17:42:00		60	0	0	0	0	0	0	0	0	0	0	0	0	0	0	0	0	0	0	0	0	0,0000	0,0000	0,0211
2021-12-28	17:43:00		60	1	0	0	1	0	0	0	0	0	0	0	0	0	0	0	0	0	0	0	0	0,0021	0,0000	0,0212
2021-12-28	17:44:00		60	0	0	0	0	0	0	0	0	0	0	0	0	0	0	0	0	0	0	0	0	0,0000	0,0000	0,0212
2021-12-28	17:45:00		60	0	0	0	0	0	0	0	0	0	0	0	0	0	0	0	0	0	0	0	0	0,0000	0,0000	0,0212
2021-12-28	17:46:00		60	0	0	0	0	0	0	0	0	0	0	0	0	0	0	0	0	0	0	0	0	0,0000	0,0000	0,0212
2021-12-28	17:47:00		60	0	0	0	0	0	0	0	0	0	0	0	0	0	0	0	0	0	0	0	0	0,0000	0,0000	0,0212
2021-12-28	17:48:00		60	0	0	0	0	0	0	0	0	0	0	0	0	0	0	0	0	0	0	0	0	0,0000	0,0000	0,0212
2021-12-28	17:49:00		60	10	0	0	0	0	0	0	0	0	0	0	0	0	0	0	0	0	0	0	0	0,0029	0,0000	0,0212
2021-12-28	17:50:00		60	0	0	0	0	0	0	0	0	0	0	0	0	0	0	0	0	0	0	0	0	0,0000	0,0000	0,0212
2021-12-28	17:51:00		60	6	0	0	1	0	0	0	0	0	0	0	0	0	0	0	0	0	0	0	0	0,0035	0,0001	0,0213
2021-12-28	17:52:00		60	5	1	0	0	0	0	0	0	0	0	0	0	0	0	0	0	0	0	0	0	0,0020	0,0000	0,0213
2021-12-28	17:53:00		60	10	1	0	0	0	0	0	0	0	0	0	0	0	0	0	0	0	0	0	0	0,0035	0,0001	0,0214
2021-12-28	17:54:00		60	7	3	0	0	0	0	0	0	0	0	0	0	0	0	0	0	0	0	0	0	0,0038	0,0001	0,0214
2021-12-28	17:55:00		60	0	0	0	0	0	0	0	0	0	0	0	0	0	0	0	0	0	0	0	0	0,0000	0,0000	0,0214
2021-12-28	17:56:00		60	0	0	0	0	0	0	0	0	0	0	0	0	0	0	0	0	0	0	0	0	0,0000	0,0000	0,0214
2021-12-28	17:57:00		60	0	0	0	0	0	0	0	0	0	0	0	0	0	0	0	0	0	0	0	0	0,0000	0,0000	0,0214
2021-12-28	17:58:00		60	0	0	0	0	0	0	0	0	0	0	0	0	0	0	0	0	0	0	0	0	0,0000	0,0000	0,0214
2021-12-28	17:59:00		60	0	0	0	0	0	0	0	0	0	0	0	0	0	0	0	0	0	0	0	0	0,0000	0,0000	0,0214
2021-12-28	18:00:00		60	6	0	0	0	0	0	0	0	0	0	0	0	0	0	0	0	0	0	0	0	0,0017	0,0000	0,0214
2021-12-28	18:01:00		60	0	0	0	0	0	0	0	0	0	0	0	0	0	0	0	0	0	0	0	0	0,0000	0,0000	0,0214
2021-12-28	18:02:00		60	0	0	0	0	0	0	0	0	0	0	0	0	0	0	0	0	0	0	0	0	0,0000	0,0000	0,0214
2021-12-28	18:03:00		60	0	0	0	0	0	0	0	0	0	0	0	0	0	0	0	0	0	0	0	0	0,0000	0,0000	0,0214
2021-12-28	18:04:00		60	0	0	0	0	0	0	0	0	0	0	0	0	0	0	0	0	0	0	0	0	0,0000	0,0000	0,0214
2021-12-28	18:05:00		60	0	0	0	0	0	0	0	0	0	0	0	0	0	0	0	0	0	0	0	0	0,0000	0,0000	0,0214
2021-12-28	18:06:00		60	0	0	0	0	0	0	0	0	0	0	0	0	0	0	0	0	0	0	0	0	0,0000	0,0000	0,0214
2021-12-28	18:07:00		60	0	0	0	0	0	0	0	0	0	0	0	0	0	0	0	0	0	0	0	0	0,0000	0,0000	0,0214
2021-12-28	18:08:00		60	5	0	0	0	0	0	0	0	0	0	0	0	0	0	0	0	0	0	0	0	0,0015	0,0000	0,0215
2021-12-28	18:09:00		60	0	0	0	0	0	0	0	0	0	0	0	0	0	0	0	0	0	0	0	0	0,0000	0,0000	0,0215
2021-12-28	18:10:00		60	0	0	0	0	0	0	0	0	0	0	0	0	0	0	0	0	0	0	0	0	0,0000	0,0000	0,0215
2021-12-28	18:11:00		60	0	0	0	0	0	0	0	0	0	0	0	0	0	0	0	0	0	0	0	0	0,0000	0,0000	0,0215
