YYYY-MM-DD	hh:mm:ss	Status	Interval [s]	n1	n2	n3	n4	n5	n6	n7	n8	n9	n10	n11	n12	n13	n14	n15	n16	n17	n18	n19	n20	RI [mm/h]	RA [mm]	RAT [mm]
2022-03-20	18:29:00		60	0	0	0	0	0	0	0	0	0	0	0	0	0	0	0	0	0	0	0	0	0,0000	0,0000	105,6814
2022-03-20	18:30:00		60	0	0	0	1	0	0	0	0	0	0	0	0	0	0	0	0	0	0	0	0	0,0018	0,0000	105,6815
2022-03-20	18:31:00		60	0	0	0	0	0	0	0	0	0	0	0	0	0	0	0	0	0	0	0	0	0,0000	0,0000	105,6815
2022-03-20	18:32:00		60	0	0	0	0	0	0	0	0	0	0	0	0	0	0	0	0	0	0	0	0	0,0000	0,0000	105,6815
2022-03-20	18:33:00		60	1	0	0	0	1	0	0	0	0	0	0	0	0	0	0	0	0	0	0	0	0,0032	0,0001	105,6815
2022-03-20	18:34:00		60	0	0	1	0	1	0	0	0	0	0	0	0	0	0	0	0	0	0	0	0	0,0039	0,0001	105,6816
2022-03-20	18:35:00		60	0	0	0	0	0	0	0	0	0	0	0	0	0	0	0	0	0	0	0	0	0,0000	0,0000	105,6816
2022-03-20	18:36:00		60	0	1	1	0	0	0	0	0	0	0	0	0	0	0	0	0	0	0	0	0	0,0016	0,0000	105,6816
2022-03-20	18:37:00		60	0	0	0	0	0	0	0	0	0	0	0	0	0	0	0	0	0	0	0	0	0,0000	0,0000	105,6816
2022-03-20	18:38:00		60	0	0	0	0	0	1	0	0	0	0	0	0	0	0	0	0	0	0	0	0	0,0048	0,0001	105,6817
2022-03-20	18:39:00		60	0	0	0	0	0	0	0	0	0	0	0	0	0	0	0	0	0	0	0	0	0,0000	0,0000	105,6817
2022-03-20	18:40:00		60	0	0	0	0	0	0	0	0	0	0	0	0	0	0	0	0	0	0	0	0	0,0000	0,0000	105,6817
2022-03-20	18:41:00		60	0	0	0	0	0	0	0	0	0	0	0	0	0	0	0	0	0	0	0	0	0,0000	0,0000	105,6817
2022-03-20	18:42:00		60	1	0	0	1	0	0	0	0	0	0	0	0	0	0	0	0	0	0	0	0	0,0021	0,0000	105,6817
2022-03-20	18:43:00		60	0	0	0	0	0	0	0	0	0	0	0	0	0	0	0	0	0	0	0	0	0,0000	0,0000	105,6817
2022-03-20	18:44:00		60	0	0	0	0	0	0	0	0	0	0	0	0	0	0	0	0	0	0	0	0	0,0000	0,0000	105,6817
2022-03-20	18:45:00		60	0	0	0	0	0	0	0	0	0	0	0	0	0	0	0	0	0	0	0	0	0,0000	0,0000	105,6817
2022-03-20	18:46:00		60	0	0	0	0	0	0	0	0	0	0	0	0	0	0	0	0	0	0	0	0	0,0000	0,0000	105,6817
2022-03-20	18:47:00		60	0	0	0	0	0	0	0	0	0	0	0	0	0	0	0	0	0	0	0	0	0,0000	0,0000	105,6817
2022-03-20	18:48:00		60	0	0	0	0	0	0	0	0	0	0	0	0	0	0	0	0	0	0	0	0	0,0000	0,0000	105,6817
2022-03-20	18:49:00		60	0	0	0	0	0	0	0	0	0	0	0	0	0	0	0	0	0	0	0	0	0,0000	0,0000	105,6817
2022-03-20	18:50:00		60	0	0	0	0	0	0	0	0	0	0	0	0	0	0	0	0	0	0	0	0	0,0000	0,0000	105,6817
2022-03-20	18:51:00		60	0	0	0	0	0	0	0	0	0	0	0	0	0	0	0	0	0	0	0	0	0,0000	0,0000	105,6817
2022-03-20	18:52:00		60	0	0	0	0	0	0	0	0	0	0	0	0	0	0	0	0	0	0	0	0	0,0000	0,0000	105,6817
2022-03-20	18:53:00		60	0	0	0	0	0	0	0	0	0	0	0	0	0	0	0	0	0	0	0	0	0,0000	0,0000	105,6817
2022-03-20	18:54:00		60	0	0	0	0	0	0	0	0	0	0	0	0	0	0	0	0	0	0	0	0	0,0000	0,0000	105,6817
2022-03-20	18:55:00		60	0	0	0	0	0	0	0	0	0	0	0	0	0	0	0	0	0	0	0	0	0,0000	0,0000	105,6817
2022-03-20	18:56:00		60	0	0	0	0	0	0	0	0	0	0	0	0	0	0	0	0	0	0	0	0	0,0000	0,0000	105,6817
2022-03-20	18:57:00		60	0	0	0	0	0	0	0	0	0	0	0	0	0	0	0	0	0	0	0	0	0,0000	0,0000	105,6817
2022-03-20	18:58:00		60	0	0	0	0	0	0	0	0	0	0	0	0	0	0	0	0	0	0	0	0	0,0000	0,0000	105,6817
2022-03-20	18:59:00		60	0	0	0	0	0	0	0	0	0	0	0	0	0	0	0	0	0	0	0	0	0,0000	0,0000	105,6817
2022-03-20	19:00:00		60	0	0	0	0	0	0	0	0	0	0	0	0	0	0	0	0	0	0	0	0	0,0000	0,0000	105,6817
2022-03-20	19:01:00		60	0	0	0	0	0	0	0	0	0	0	0	0	0	0	0	0	0	0	0	0	0,0000	0,0000	105,6817
2022-03-20	19:02:00		60	0	0	0	0	0	0	0	0	0	0	0	0	0	0	0	0	0	0	0	0	0,0000	0,0000	105,6817
2022-03-20	19:03:00		60	0	0	0	0	0	0	0	0	0	0	0	0	0	0	0	0	0	0	0	0	0,0000	0,0000	105,6817
2022-03-20	19:04:00		60	0	0	0	0	0	0	0	0	0	0	0	0	0	0	0	0	0	0	0	0	0,0000	0,0000	105,6817
2022-03-20	19:05:00		60	0	0	0	0	0	0	0	0	0	0	0	0	0	0	0	0	0	0	0	0	0,0000	0,0000	105,6817
2022-03-20	19:06:00		60	0	0	0	0	0	0	0	0	0	0	0	0	0	0	0	0	0	0	0	0	0,0000	0,0000	105,6817
2022-03-20	19:07:00		60	0	0	0	0	0	0	0	0	0	0	0	0	0	0	0	0	0	0	0	0	0,0000	0,0000	105,6817
2022-03-20	19:08:00		60	0	0	0	0	0	0	0	0	0	0	0	0	0	0	0	0	0	0	0	0	0,0000	0,0000	105,6817
2022-03-20	19:09:00		60	0	0	0	0	0	0	0	0	0	0	0	0	0	0	0	0	0	0	0	0	0,0000	0,0000	105,6817
2022-03-20	19:10:00		60	0	0	0	0	0	0	0	0	0	0	0	0	0	0	0	0	0	0	0	0	0,0000	0,0000	105,6817
2022-03-20	19:11:00		60	0	0	0	0	0	0	0	0	0	0	0	0	0	0	0	0	0	0	0	0	0,0000	0,0000	105,6817
2022-03-20	19:12:00		60	0	0	0	0	0	0	0	0	0	0	0	0	0	0	0	0	0	0	0	0	0,0000	0,0000	105,6817
2022-03-20	19:13:00		60	0	0	0	0	0	0	0	0	0	0	0	0	0	0	0	0	0	0	0	0	0,0000	0,0000	105,6817
2022-03-20	19:14:00		60	0	0	0	0	0	0	0	0	0	0	0	0	0	0	0	0	0	0	0	0	0,0000	0,0000	105,6817
2022-03-20	19:15:00		60	0	0	0	0	0	0	0	0	0	0	0	0	0	0	0	0	0	0	0	0	0,0000	0,0000	105,6817
2022-03-20	19:16:00		60	0	0	0	0	0	0	0	0	0	0	0	0	0	0	0	0	0	0	0	0	0,0000	0,0000	105,6817
2022-03-20	19:17:00		60	0	0	0	0	0	0	0	0	0	0	0	0	0	0	0	0	0	0	0	0	0,0000	0,0000	105,6817
2022-03-20	19:18:00		60	0	0	0	0	0	0	0	0	0	0	0	0	0	0	0	0	0	0	0	0	0,0000	0,0000	105,6817
2022-03-20	19:19:00		60	0	0	0	0	0	0	0	0	0	0	0	0	0	0	0	0	0	0	0	0	0,0000	0,0000	105,6817
2022-03-20	19:20:00		60	0	0	0	0	0	0	0	0	0	0	0	0	0	0	0	0	0	0	0	0	0,0000	0,0000	105,6817
2022-03-20	19:21:00		60	0	0	0	0	0	0	0	0	0	0	0	0	0	0	0	0	0	0	0	0	0,0000	0,0000	105,6817
2022-03-20	19:22:00		60	0	0	0	0	0	0	0	0	0	0	0	0	0	0	0	0	0	0	0	0	0,0000	0,0000	105,6817
2022-03-20	19:23:00		60	0	0	0	0	0	0	0	0	0	0	0	0	0	0	0	0	0	0	0	0	0,0000	0,0000	105,6817
2022-03-20	19:24:00		60	0	0	0	0	0	0	0	0	0	0	0	0	0	0	0	0	0	0	0	0	0,0000	0,0000	105,6817
2022-03-20	19:25:00		60	0	0	0	0	0	0	0	0	0	0	0	0	0	0	0	0	0	0	0	0	0,0000	0,0000	105,6817
2022-03-20	19:26:00		60	0	0	0	0	0	0	0	0	0	0	0	0	0	0	0	0	0	0	0	0	0,0000	0,0000	105,6817
2022-03-20	19:27:00		60	0	0	0	0	0	0	0	0	0	0	0	0	0	0	0	0	0	0	0	0	0,0000	0,0000	105,6817
2022-03-20	19:28:00		60	0	0	0	0	0	0	0	0	0	0	0	0	0	0	0	0	0	0	0	0	0,0000	0,0000	105,6817
2022-03-20	19:29:00		60	0	0	0	0	0	0	0	0	0	0	0	0	0	0	0	0	0	0	0	0	0,0000	0,0000	105,6817
2022-03-20	19:30:00		60	0	0	0	0	0	0	0	0	0	0	0	0	0	0	0	0	0	0	0	0	0,0000	0,0000	105,6817
2022-03-20	19:31:00		60	0	0	0	0	0	0	0	0	0	0	0	0	0	0	0	0	0	0	0	0	0,0000	0,0000	105,6817
2022-03-20	19:32:00		60	0	0	0	0	0	0	0	0	0	0	0	0	0	0	0	0	0	0	0	0	0,0000	0,0000	105,6817
2022-03-20	19:33:00		60	0	0	0	0	0	0	0	0	0	0	0	0	0	0	0	0	0	0	0	0	0,0000	0,0000	105,6817
2022-03-20	19:34:00		60	0	0	0	0	0	0	0	0	0	0	0	0	0	0	0	0	0	0	0	0	0,0000	0,0000	105,6817
2022-03-20	19:35:00		60	0	0	0	0	0	0	0	0	0	0	0	0	0	0	0	0	0	0	0	0	0,0000	0,0000	105,6817
2022-03-20	19:36:00		60	0	0	0	0	0	0	0	0	0	0	0	0	0	0	0	0	0	0	0	0	0,0000	0,0000	105,6817
2022-03-20	19:37:00		60	0	0	0	0	0	0	0	0	0	0	0	0	0	0	0	0	0	0	0	0	0,0000	0,0000	105,6817
2022-03-20	19:38:00		60	0	0	0	0	0	0	0	0	0	0	0	0	0	0	0	0	0	0	0	0	0,0000	0,0000	105,6817
2022-03-20	19:39:00		60	0	0	0	0	0	0	0	0	0	0	0	0	0	0	0	0	0	0	0	0	0,0000	0,0000	105,6817
2022-03-20	19:40:00		60	0	0	0	0	0	0	0	0	0	0	0	0	0	0	0	0	0	0	0	0	0,0000	0,0000	105,6817
2022-03-20	19:41:00		60	0	0	0	0	0	0	0	0	0	0	0	0	0	0	0	0	0	0	0	0	0,0000	0,0000	105,6817
2022-03-20	19:42:00		60	0	0	0	0	0	0	0	0	0	0	0	0	0	0	0	0	0	0	0	0	0,0000	0,0000	105,6817
2022-03-20	19:43:00		60	0	0	0	0	0	0	0	0	0	0	0	0	0	0	0	0	0	0	0	0	0,0000	0,0000	105,6817
2022-03-20	19:44:00		60	0	0	0	0	0	0	0	0	0	0	0	0	0	0	0	0	0	0	0	0	0,0000	0,0000	105,6817
2022-03-20	19:45:00		60	0	0	0	0	0	0	0	0	0	0	0	0	0	0	0	0	0	0	0	0	0,0000	0,0000	105,6817
2022-03-20	19:46:00		60	0	0	0	0	0	0	0	0	0	0	0	0	0	0	0	0	0	0	0	0	0,0000	0,0000	105,6817
2022-03-20	19:47:00		60	0	0	0	0	0	0	0	0	0	0	0	0	0	0	0	0	0	0	0	0	0,0000	0,0000	105,6817
2022-03-20	19:48:00		60	0	0	0	0	0	0	0	0	0	0	0	0	0	0	0	0	0	0	0	0	0,0000	0,0000	105,6817
2022-03-20	19:49:00		60	0	0	0	0	0	0	0	0	0	0	0	0	0	0	0	0	0	0	0	0	0,0000	0,0000	105,6817
2022-03-20	19:50:00		60	0	0	0	0	0	0	0	0	0	0	0	0	0	0	0	0	0	0	0	0	0,0000	0,0000	105,6817
2022-03-20	19:51:00		60	0	0	0	0	0	0	0	0	0	0	0	0	0	0	0	0	0	0	0	0	0,0000	0,0000	105,6817
2022-03-20	19:52:00		60	0	0	0	0	0	0	0	0	0	0	0	0	0	0	0	0	0	0	0	0	0,0000	0,0000	105,6817
2022-03-20	19:53:00		60	0	0	0	0	0	0	0	0	0	0	0	0	0	0	0	0	0	0	0	0	0,0000	0,0000	105,6817
2022-03-20	19:54:00		60	0	0	0	0	0	0	0	0	0	0	0	0	0	0	0	0	0	0	0	0	0,0000	0,0000	105,6817
2022-03-20	19:55:00		60	0	0	0	0	0	0	0	0	0	0	0	0	0	0	0	0	0	0	0	0	0,0000	0,0000	105,6817
2022-03-20	19:56:00		60	0	0	0	0	0	0	0	0	0	0	0	0	0	0	0	0	0	0	0	0	0,0000	0,0000	105,6817
2022-03-20	19:57:00		60	0	0	0	0	0	0	0	0	0	0	0	0	0	0	0	0	0	0	0	0	0,0000	0,0000	105,6817
2022-03-20	19:58:00		60	0	0	0	0	0	0	0	0	0	0	0	0	0	0	0	0	0	0	0	0	0,0000	0,0000	105,6817
2022-03-20	19:59:00		60	0	0	0	0	0	0	0	0	0	0	0	0	0	0	0	0	0	0	0	0	0,0000	0,0000	105,6817
2022-03-20	20:00:00		60	0	0	0	0	0	0	0	0	0	0	0	0	0	0	0	0	0	0	0	0	0,0000	0,0000	105,6817
2022-03-20	20:01:00		60	0	0	0	0	0	0	0	0	0	0	0	0	0	0	0	0	0	0	0	0	0,0000	0,0000	105,6817
2022-03-20	20:02:00		60	0	0	0	0	0	0	0	0	0	0	0	0	0	0	0	0	0	0	0	0	0,0000	0,0000	105,6817
2022-03-20	20:03:00		60	0	0	0	0	0	0	0	0	0	0	0	0	0	0	0	0	0	0	0	0	0,0000	0,0000	105,6817
2022-03-20	20:04:00		60	0	0	0	0	0	0	0	0	0	0	0	0	0	0	0	0	0	0	0	0	0,0000	0,0000	105,6817
2022-03-20	20:05:00		60	0	0	0	0	0	0	0	0	0	0	0	0	0	0	0	0	0	0	0	0	0,0000	0,0000	105,6817
2022-03-20	20:06:00		60	0	0	0	0	0	0	0	0	0	0	0	0	0	0	0	0	0	0	0	0	0,0000	0,0000	105,6817
2022-03-20	20:07:00		60	0	0	0	0	0	0	0	0	0	0	0	0	0	0	0	0	0	0	0	0	0,0000	0,0000	105,6817
2022-03-20	20:08:00		60	0	0	0	0	0	0	0	0	0	0	0	0	0	0	0	0	0	0	0	0	0,0000	0,0000	105,6817
2022-03-20	20:09:00		60	0	0	0	0	0	0	0	0	0	0	0	0	0	0	0	0	0	0	0	0	0,0000	0,0000	105,6817
2022-03-20	20:10:00		60	0	0	0	0	0	0	0	0	0	0	0	0	0	0	0	0	0	0	0	0	0,0000	0,0000	105,6817
2022-03-20	20:11:00		60	0	0	0	0	0	0	0	0	0	0	0	0	0	0	0	0	0	0	0	0	0,0000	0,0000	105,6817
2022-03-20	20:12:00		60	0	0	0	0	0	0	0	0	0	0	0	0	0	0	0	0	0	0	0	0	0,0000	0,0000	105,6817
2022-03-20	20:13:00		60	0	0	0	0	0	0	0	0	0	0	0	0	0	0	0	0	0	0	0	0	0,0000	0,0000	105,6817
2022-03-20	20:14:00		60	0	0	0	0	0	0	0	0	0	0	0	0	0	0	0	0	0	0	0	0	0,0000	0,0000	105,6817
2022-03-20	20:15:00		60	0	0	0	0	0	0	0	0	0	0	0	0	0	0	0	0	0	0	0	0	0,0000	0,0000	105,6817
2022-03-20	20:16:00		60	0	0	0	0	0	0	0	0	0	0	0	0	0	0	0	0	0	0	0	0	0,0000	0,0000	105,6817
2022-03-20	20:17:00		60	0	0	0	0	0	0	0	0	0	0	0	0	0	0	0	0	0	0	0	0	0,0000	0,0000	105,6817
2022-03-20	20:18:00		60	0	0	0	0	0	0	0	0	0	0	0	0	0	0	0	0	0	0	0	0	0,0000	0,0000	105,6817
2022-03-20	20:19:00		60	5	0	0	0	0	0	0	0	0	0	0	0	0	0	0	0	0	0	0	0	0,0015	0,0000	105,6817
2022-03-20	20:20:00		60	0	0	0	0	0	0	0	0	0	0	0	0	0	0	0	0	0	0	0	0	0,0000	0,0000	105,6817
2022-03-20	20:21:00		60	0	0	0	0	0	0	0	0	0	0	0	0	0	0	0	0	0	0	0	0	0,0000	0,0000	105,6817
2022-03-20	20:22:00		60	0	0	0	0	0	0	0	0	0	0	0	0	0	0	0	0	0	0	0	0	0,0000	0,0000	105,6817
2022-03-20	20:23:00		60	8	1	0	0	0	0	0	0	0	0	0	0	0	0	0	0	0	0	0	0	0,0029	0,0000	105,6818
2022-03-20	20:24:00		60	0	0	0	0	0	0	0	0	0	0	0	0	0	0	0	0	0	0	0	0	0,0000	0,0000	105,6818
2022-03-20	20:25:00		60	0	0	0	0	0	0	0	0	0	0	0	0	0	0	0	0	0	0	0	0	0,0000	0,0000	105,6818
2022-03-20	20:26:00		60	0	0	0	0	0	0	0	0	0	0	0	0	0	0	0	0	0	0	0	0	0,0000	0,0000	105,6818
2022-03-20	20:27:00		60	0	0	0	0	0	0	0	0	0	0	0	0	0	0	0	0	0	0	0	0	0,0000	0,0000	105,6818
2022-03-20	20:28:00		60	0	0	0	0	0	0	0	0	0	0	0	0	0	0	0	0	0	0	0	0	0,0000	0,0000	105,6818
2022-03-20	20:29:00		60	8	1	1	0	0	0	0	0	0	0	0	0	0	0	0	0	0	0	0	0	0,0040	0,0001	105,6819
2022-03-20	20:30:00		60	0	0	0	0	0	0	0	0	0	0	0	0	0	0	0	0	0	0	0	0	0,0000	0,0000	105,6819
2022-03-20	20:31:00		60	0	0	0	0	0	0	0	0	0	0	0	0	0	0	0	0	0	0	0	0	0,0000	0,0000	105,6819
2022-03-20	20:32:00		60	0	0	0	0	0	0	0	0	0	0	0	0	0	0	0	0	0	0	0	0	0,0000	0,0000	105,6819
2022-03-20	20:33:00		60	0	0	0	0	0	0	0	0	0	0	0	0	0	0	0	0	0	0	0	0	0,0000	0,0000	105,6819
2022-03-20	20:34:00		60	0	0	0	0	0	0	0	0	0	0	0	0	0	0	0	0	0	0	0	0	0,0000	0,0000	105,6819
2022-03-20	20:35:00		60	0	0	0	0	0	0	0	0	0	0	0	0	0	0	0	0	0	0	0	0	0,0000	0,0000	105,6819
2022-03-20	20:36:00		60	0	0	0	0	0	0	0	0	0	0	0	0	0	0	0	0	0	0	0	0	0,0000	0,0000	105,6819
2022-03-20	20:37:00		60	0	0	0	0	0	0	0	0	0	0	0	0	0	0	0	0	0	0	0	0	0,0000	0,0000	105,6819
2022-03-20	20:38:00		60	0	0	0	0	0	0	0	0	0	0	0	0	0	0	0	0	0	0	0	0	0,0000	0,0000	105,6819
2022-03-20	20:39:00		60	0	0	0	0	0	0	0	0	0	0	0	0	0	0	0	0	0	0	0	0	0,0000	0,0000	105,6819
2022-03-20	20:40:00		60	0	0	0	0	0	0	0	0	0	0	0	0	0	0	0	0	0	0	0	0	0,0000	0,0000	105,6819
2022-03-20	20:41:00		60	0	0	0	0	0	0	0	0	0	0	0	0	0	0	0	0	0	0	0	0	0,0000	0,0000	105,6819
2022-03-20	20:42:00		60	0	0	0	0	0	0	0	0	0	0	0	0	0	0	0	0	0	0	0	0	0,0000	0,0000	105,6819
2022-03-20	20:43:00		60	0	0	0	0	0	0	0	0	0	0	0	0	0	0	0	0	0	0	0	0	0,0000	0,0000	105,6819
2022-03-20	20:44:00		60	0	0	0	0	0	0	0	0	0	0	0	0	0	0	0	0	0	0	0	0	0,0000	0,0000	105,6819
2022-03-20	20:45:00		60	0	0	0	0	0	0	0	0	0	0	0	0	0	0	0	0	0	0	0	0	0,0000	0,0000	105,6819
2022-03-20	20:46:00		60	0	0	0	0	0	0	0	0	0	0	0	0	0	0	0	0	0	0	0	0	0,0000	0,0000	105,6819
2022-03-20	20:47:00		60	0	0	0	0	0	0	0	0	0	0	0	0	0	0	0	0	0	0	0	0	0,0000	0,0000	105,6819
2022-03-20	20:48:00		60	0	0	0	0	0	0	0	0	0	0	0	0	0	0	0	0	0	0	0	0	0,0000	0,0000	105,6819
2022-03-20	20:49:00		60	0	0	0	0	0	0	0	0	0	0	0	0	0	0	0	0	0	0	0	0	0,0000	0,0000	105,6819
2022-03-20	20:50:00		60	0	0	0	0	0	0	0	0	0	0	0	0	0	0	0	0	0	0	0	0	0,0000	0,0000	105,6819
2022-03-20	20:51:00		60	10	0	1	0	0	0	0	0	0	0	0	0	0	0	0	0	0	0	0	0	0,0040	0,0001	105,6819
2022-03-20	20:52:00		60	0	0	0	0	0	0	0	0	0	0	0	0	0	0	0	0	0	0	0	0	0,0000	0,0000	105,6819
2022-03-20	20:53:00		60	0	0	0	0	0	0	0	0	0	0	0	0	0	0	0	0	0	0	0	0	0,0000	0,0000	105,6819
2022-03-20	20:54:00		60	0	0	0	0	0	0	0	0	0	0	0	0	0	0	0	0	0	0	0	0	0,0000	0,0000	105,6819
2022-03-20	20:55:00		60	0	0	0	0	0	0	0	0	0	0	0	0	0	0	0	0	0	0	0	0	0,0000	0,0000	105,6819
2022-03-20	20:56:00		60	0	0	0	0	0	0	0	0	0	0	0	0	0	0	0	0	0	0	0	0	0,0000	0,0000	105,6819
2022-03-20	20:57:00		60	0	0	0	0	0	0	0	0	0	0	0	0	0	0	0	0	0	0	0	0	0,0000	0,0000	105,6819
2022-03-20	20:58:00		60	0	0	0	0	0	0	0	0	0	0	0	0	0	0	0	0	0	0	0	0	0,0000	0,0000	105,6819
2022-03-20	20:59:00		60	0	0	0	0	0	0	0	0	0	0	0	0	0	0	0	0	0	0	0	0	0,0000	0,0000	105,6819
2022-03-20	21:00:00		60	0	0	0	0	0	0	0	0	0	0	0	0	0	0	0	0	0	0	0	0	0,0000	0,0000	105,6819
2022-03-20	21:01:00		60	0	0	0	0	0	0	0	0	0	0	0	0	0	0	0	0	0	0	0	0	0,0000	0,0000	105,6819
2022-03-20	21:02:00		60	0	0	0	0	0	0	0	0	0	0	0	0	0	0	0	0	0	0	0	0	0,0000	0,0000	105,6819
2022-03-20	21:03:00		60	0	0	0	0	0	0	0	0	0	0	0	0	0	0	0	0	0	0	0	0	0,0000	0,0000	105,6819
2022-03-20	21:04:00		60	0	0	0	0	0	0	0	0	0	0	0	0	0	0	0	0	0	0	0	0	0,0000	0,0000	105,6819
2022-03-20	21:05:00		60	0	0	0	0	0	0	0	0	0	0	0	0	0	0	0	0	0	0	0	0	0,0000	0,0000	105,6819
2022-03-20	21:06:00		60	0	0	0	0	0	0	0	0	0	0	0	0	0	0	0	0	0	0	0	0	0,0000	0,0000	105,6819
2022-03-20	21:07:00		60	0	0	0	0	0	0	0	0	0	0	0	0	0	0	0	0	0	0	0	0	0,0000	0,0000	105,6819
2022-03-20	21:08:00		60	0	0	0	0	1	0	0	0	0	0	0	0	0	0	0	0	0	0	0	0	0,0029	0,0000	105,6820
2022-03-20	21:09:00		60	0	0	0	0	0	0	0	0	0	0	0	0	0	0	0	0	0	0	0	0	0,0000	0,0000	105,6820
2022-03-20	21:10:00		60	0	0	0	0	0	0	0	0	0	0	0	0	0	0	0	0	0	0	0	0	0,0000	0,0000	105,6820
2022-03-20	21:11:00		60	0	0	0	0	0	0	0	0	0	0	0	0	0	0	0	0	0	0	0	0	0,0000	0,0000	105,6820
2022-03-20	21:12:00		60	0	0	0	0	0	0	0	0	0	0	0	0	0	0	0	0	0	0	0	0	0,0000	0,0000	105,6820
2022-03-20	21:13:00		60	0	0	0	0	0	0	0	0	0	0	0	0	0	0	0	0	0	0	0	0	0,0000	0,0000	105,6820
2022-03-20	21:14:00		60	0	0	0	0	0	0	0	0	0	0	0	0	0	0	0	0	0	0	0	0	0,0000	0,0000	105,6820
2022-03-20	21:15:00		60	0	0	0	0	0	0	0	0	0	0	0	0	0	0	0	0	0	0	0	0	0,0000	0,0000	105,6820
2022-03-20	21:16:00		60	0	0	0	0	0	0	0	0	0	0	0	0	0	0	0	0	0	0	0	0	0,0000	0,0000	105,6820
2022-03-20	21:17:00		60	0	0	0	0	0	0	0	0	0	0	0	0	0	0	0	0	0	0	0	0	0,0000	0,0000	105,6820
2022-03-20	21:18:00		60	0	0	0	0	0	0	0	0	0	0	0	0	0	0	0	0	0	0	0	0	0,0000	0,0000	105,6820
2022-03-20	21:19:00		60	0	0	0	0	0	0	0	0	0	0	0	0	0	0	0	0	0	0	0	0	0,0000	0,0000	105,6820
2022-03-20	21:20:00		60	0	0	0	0	0	0	0	0	0	0	0	0	0	0	0	0	0	0	0	0	0,0000	0,0000	105,6820
2022-03-20	21:21:00		60	0	0	0	0	0	0	0	0	0	0	0	0	0	0	0	0	0	0	0	0	0,0000	0,0000	105,6820
2022-03-20	21:22:00		60	0	0	0	0	0	0	0	0	0	0	0	0	0	0	0	0	0	0	0	0	0,0000	0,0000	105,6820
2022-03-20	21:23:00		60	0	0	0	0	0	0	0	0	0	0	0	0	0	0	0	0	0	0	0	0	0,0000	0,0000	105,6820
2022-03-20	21:24:00		60	0	0	0	0	0	0	0	0	0	0	0	0	0	0	0	0	0	0	0	0	0,0000	0,0000	105,6820
2022-03-20	21:25:00		60	0	0	0	0	0	0	0	0	0	0	0	0	0	0	0	0	0	0	0	0	0,0000	0,0000	105,6820
2022-03-20	21:26:00		60	0	0	0	0	0	0	0	0	0	0	0	0	0	0	0	0	0	0	0	0	0,0000	0,0000	105,6820
2022-03-20	21:27:00		60	0	0	0	0	0	0	0	0	0	0	0	0	0	0	0	0	0	0	0	0	0,0000	0,0000	105,6820
2022-03-20	21:28:00		60	0	0	0	0	0	0	0	0	0	0	0	0	0	0	0	0	0	0	0	0	0,0000	0,0000	105,6820
2022-03-20	21:29:00		60	0	0	0	0	0	0	0	0	0	0	0	0	0	0	0	0	0	0	0	0	0,0000	0,0000	105,6820
2022-03-20	21:30:00		60	0	0	0	0	0	0	0	0	0	0	0	0	0	0	0	0	0	0	0	0	0,0000	0,0000	105,6820
2022-03-20	21:31:00		60	0	0	0	0	0	0	0	0	0	0	0	0	0	0	0	0	0	0	0	0	0,0000	0,0000	105,6820
2022-03-20	21:32:00		60	0	0	0	0	0	0	0	0	0	0	0	0	0	0	0	0	0	0	0	0	0,0000	0,0000	105,6820
2022-03-20	21:33:00		60	0	0	0	0	0	0	0	0	0	0	0	0	0	0	0	0	0	0	0	0	0,0000	0,0000	105,6820
2022-03-20	21:34:00		60	0	0	0	0	0	0	0	0	0	0	0	0	0	0	0	0	0	0	0	0	0,0000	0,0000	105,6820
2022-03-20	21:35:00		60	0	0	0	0	0	0	0	0	0	0	0	0	0	0	0	0	0	0	0	0	0,0000	0,0000	105,6820
2022-03-20	21:36:00		60	0	0	0	0	0	0	0	0	0	0	0	0	0	0	0	0	0	0	0	0	0,0000	0,0000	105,6820
2022-03-20	21:37:00		60	0	0	0	0	0	0	0	0	0	0	0	0	0	0	0	0	0	0	0	0	0,0000	0,0000	105,6820
2022-03-20	21:38:00		60	0	0	0	0	0	0	0	0	0	0	0	0	0	0	0	0	0	0	0	0	0,0000	0,0000	105,6820
2022-03-20	21:39:00		60	0	0	0	0	0	0	0	0	0	0	0	0	0	0	0	0	0	0	0	0	0,0000	0,0000	105,6820
2022-03-20	21:40:00		60	0	0	0	0	0	0	0	0	0	0	0	0	0	0	0	0	0	0	0	0	0,0000	0,0000	105,6820
2022-03-20	21:41:00		60	0	0	0	0	0	0	0	0	0	0	0	0	0	0	0	0	0	0	0	0	0,0000	0,0000	105,6820
2022-03-20	21:42:00		60	0	0	0	0	0	0	0	0	0	0	0	0	0	0	0	0	0	0	0	0	0,0000	0,0000	105,6820
2022-03-20	21:43:00		60	0	0	0	0	0	0	0	0	0	0	0	0	0	0	0	0	0	0	0	0	0,0000	0,0000	105,6820
2022-03-20	21:44:00		60	0	0	0	0	0	0	0	0	0	0	0	0	0	0	0	0	0	0	0	0	0,0000	0,0000	105,6820
2022-03-20	21:45:00		60	0	0	0	0	0	0	0	0	0	0	0	0	0	0	0	0	0	0	0	0	0,0000	0,0000	105,6820
2022-03-20	21:46:00		60	0	0	0	0	0	0	0	0	0	0	0	0	0	0	0	0	0	0	0	0	0,0000	0,0000	105,6820
2022-03-20	21:47:00		60	0	0	0	0	0	0	0	0	0	0	0	0	0	0	0	0	0	0	0	0	0,0000	0,0000	105,6820
2022-03-20	21:48:00		60	0	0	0	0	0	0	0	0	0	0	0	0	0	0	0	0	0	0	0	0	0,0000	0,0000	105,6820
2022-03-20	21:49:00		60	0	0	0	0	0	0	0	0	0	0	0	0	0	0	0	0	0	0	0	0	0,0000	0,0000	105,6820
2022-03-20	21:50:00		60	0	0	0	0	0	0	0	0	0	0	0	0	0	0	0	0	0	0	0	0	0,0000	0,0000	105,6820
2022-03-20	21:51:00		60	0	0	0	0	0	0	0	0	0	0	0	0	0	0	0	0	0	0	0	0	0,0000	0,0000	105,6820
2022-03-20	21:52:00		60	0	0	0	0	0	0	0	0	0	0	0	0	0	0	0	0	0	0	0	0	0,0000	0,0000	105,6820
2022-03-20	21:53:00		60	0	0	0	0	0	0	0	0	0	0	0	0	0	0	0	0	0	0	0	0	0,0000	0,0000	105,6820
2022-03-20	21:54:00		60	0	0	0	0	0	0	0	0	0	0	0	0	0	0	0	0	0	0	0	0	0,0000	0,0000	105,6820
2022-03-20	21:55:00		60	0	0	0	0	0	0	0	0	0	0	0	0	0	0	0	0	0	0	0	0	0,0000	0,0000	105,6820
2022-03-20	21:56:00		60	0	0	0	0	0	0	0	0	0	0	0	0	0	0	0	0	0	0	0	0	0,0000	0,0000	105,6820
2022-03-20	21:57:00		60	0	0	0	0	0	0	0	0	0	0	0	0	0	0	0	0	0	0	0	0	0,0000	0,0000	105,6820
2022-03-20	21:58:00		60	0	0	0	0	0	0	0	0	0	0	0	0	0	0	0	0	0	0	0	0	0,0000	0,0000	105,6820
2022-03-20	21:59:00		60	0	0	0	0	0	0	0	0	0	0	0	0	0	0	0	0	0	0	0	0	0,0000	0,0000	105,6820
2022-03-20	22:00:00		60	0	0	0	0	0	0	0	0	0	0	0	0	0	0	0	0	0	0	0	0	0,0000	0,0000	105,6820
2022-03-20	22:01:00		60	0	0	0	0	0	0	0	0	0	0	0	0	0	0	0	0	0	0	0	0	0,0000	0,0000	105,6820
2022-03-20	22:02:00		60	0	0	0	0	0	0	0	0	0	0	0	0	0	0	0	0	0	0	0	0	0,0000	0,0000	105,6820
2022-03-20	22:03:00		60	0	0	0	0	0	0	0	0	0	0	0	0	0	0	0	0	0	0	0	0	0,0000	0,0000	105,6820
2022-03-20	22:04:00		60	0	0	0	0	0	0	0	0	0	0	0	0	0	0	0	0	0	0	0	0	0,0000	0,0000	105,6820
2022-03-20	22:05:00		60	0	0	0	0	0	0	0	0	0	0	0	0	0	0	0	0	0	0	0	0	0,0000	0,0000	105,6820
2022-03-20	22:06:00		60	0	0	0	0	0	0	0	0	0	0	0	0	0	0	0	0	0	0	0	0	0,0000	0,0000	105,6820
2022-03-20	22:07:00		60	0	0	0	0	0	0	0	0	0	0	0	0	0	0	0	0	0	0	0	0	0,0000	0,0000	105,6820
2022-03-20	22:08:00		60	0	0	0	0	0	0	0	0	0	0	0	0	0	0	0	0	0	0	0	0	0,0000	0,0000	105,6820
2022-03-20	22:09:00		60	0	0	0	0	0	0	0	0	0	0	0	0	0	0	0	0	0	0	0	0	0,0000	0,0000	105,6820
2022-03-20	22:10:00		60	0	0	0	0	0	0	0	0	0	0	0	0	0	0	0	0	0	0	0	0	0,0000	0,0000	105,6820
2022-03-20	22:11:00		60	0	0	0	0	0	0	0	0	0	0	0	0	0	0	0	0	0	0	0	0	0,0000	0,0000	105,6820
2022-03-20	22:12:00		60	0	0	0	0	0	0	0	0	0	0	0	0	0	0	0	0	0	0	0	0	0,0000	0,0000	105,6820
2022-03-20	22:13:00		60	0	0	0	0	0	0	0	0	0	0	0	0	0	0	0	0	0	0	0	0	0,0000	0,0000	105,6820
2022-03-20	22:14:00		60	0	0	0	0	0	0	0	0	0	0	0	0	0	0	0	0	0	0	0	0	0,0000	0,0000	105,6820
2022-03-20	22:15:00		60	0	0	0	0	0	0	0	0	0	0	0	0	0	0	0	0	0	0	0	0	0,0000	0,0000	105,6820
2022-03-20	22:16:00		60	0	0	0	0	0	0	0	0	0	0	0	0	0	0	0	0	0	0	0	0	0,0000	0,0000	105,6820
2022-03-20	22:17:00		60	0	0	0	0	0	0	0	0	0	0	0	0	0	0	0	0	0	0	0	0	0,0000	0,0000	105,6820
2022-03-20	22:18:00		60	0	0	0	0	0	0	0	0	0	0	0	0	0	0	0	0	0	0	0	0	0,0000	0,0000	105,6820
2022-03-20	22:19:00		60	0	0	0	0	0	0	0	0	0	0	0	0	0	0	0	0	0	0	0	0	0,0000	0,0000	105,6820
2022-03-20	22:20:00		60	0	0	0	0	0	0	0	0	0	0	0	0	0	0	0	0	0	0	0	0	0,0000	0,0000	105,6820
2022-03-20	22:21:00		60	0	0	0	0	0	0	0	0	0	0	0	0	0	0	0	0	0	0	0	0	0,0000	0,0000	105,6820
2022-03-20	22:22:00		60	0	0	0	0	0	0	0	0	0	0	0	0	0	0	0	0	0	0	0	0	0,0000	0,0000	105,6820
2022-03-20	22:23:00		60	0	0	0	0	0	0	0	0	0	0	0	0	0	0	0	0	0	0	0	0	0,0000	0,0000	105,6820
2022-03-20	22:24:00		60	0	0	0	0	0	0	0	0	0	0	0	0	0	0	0	0	0	0	0	0	0,0000	0,0000	105,6820
2022-03-20	22:25:00		60	0	0	0	0	0	0	0	0	0	0	0	0	0	0	0	0	0	0	0	0	0,0000	0,0000	105,6820
2022-03-20	22:26:00		60	0	0	0	0	0	0	0	0	0	0	0	0	0	0	0	0	0	0	0	0	0,0000	0,0000	105,6820
2022-03-20	22:27:00		60	0	0	0	0	0	0	0	0	0	0	0	0	0	0	0	0	0	0	0	0	0,0000	0,0000	105,6820
2022-03-20	22:28:00		60	0	0	0	0	0	0	0	0	0	0	0	0	0	0	0	0	0	0	0	0	0,0000	0,0000	105,6820
2022-03-20	22:29:00		60	0	0	0	0	0	0	0	0	0	0	0	0	0	0	0	0	0	0	0	0	0,0000	0,0000	105,6820
2022-03-20	22:30:00		60	0	0	0	0	0	0	0	0	0	0	0	0	0	0	0	0	0	0	0	0	0,0000	0,0000	105,6820
2022-03-20	22:31:00		60	0	0	0	0	0	0	0	0	0	0	0	0	0	0	0	0	0	0	0	0	0,0000	0,0000	105,6820
2022-03-20	22:32:00		60	0	0	0	0	0	0	0	0	0	0	0	0	0	0	0	0	0	0	0	0	0,0000	0,0000	105,6820
2022-03-20	22:33:00		60	0	0	0	0	0	0	0	0	0	0	0	0	0	0	0	0	0	0	0	0	0,0000	0,0000	105,6820
2022-03-20	22:34:00		60	0	0	0	0	0	0	0	0	0	0	0	0	0	0	0	0	0	0	0	0	0,0000	0,0000	105,6820
2022-03-20	22:35:00		60	0	0	0	0	0	0	0	0	0	0	0	0	0	0	0	0	0	0	0	0	0,0000	0,0000	105,6820
2022-03-20	22:36:00		60	0	0	0	0	0	0	0	0	0	0	0	0	0	0	0	0	0	0	0	0	0,0000	0,0000	105,6820
2022-03-20	22:37:00		60	0	0	0	0	0	0	0	0	0	0	0	0	0	0	0	0	0	0	0	0	0,0000	0,0000	105,6820
2022-03-20	22:38:00		60	0	0	0	0	0	0	0	0	0	0	0	0	0	0	0	0	0	0	0	0	0,0000	0,0000	105,6820
2022-03-20	22:39:00		60	0	0	0	0	0	0	0	0	0	0	0	0	0	0	0	0	0	0	0	0	0,0000	0,0000	105,6820
2022-03-20	22:40:00		60	0	0	0	0	0	0	0	0	0	0	0	0	0	0	0	0	0	0	0	0	0,0000	0,0000	105,6820
2022-03-20	22:41:00		60	0	0	0	0	0	0	0	0	0	0	0	0	0	0	0	0	0	0	0	0	0,0000	0,0000	105,6820
2022-03-20	22:42:00		60	0	0	0	0	0	0	0	0	0	0	0	0	0	0	0	0	0	0	0	0	0,0000	0,0000	105,6820
2022-03-20	22:43:00		60	0	0	0	0	0	0	0	0	0	0	0	0	0	0	0	0	0	0	0	0	0,0000	0,0000	105,6820
2022-03-20	22:44:00		60	0	0	0	0	0	0	0	0	0	0	0	0	0	0	0	0	0	0	0	0	0,0000	0,0000	105,6820
2022-03-20	22:45:00		60	0	0	0	0	0	0	0	0	0	0	0	0	0	0	0	0	0	0	0	0	0,0000	0,0000	105,6820
2022-03-20	22:46:00		60	0	0	0	0	0	0	0	0	0	0	0	0	0	0	0	0	0	0	0	0	0,0000	0,0000	105,6820
2022-03-20	22:47:00		60	0	0	0	0	0	0	0	0	0	0	0	0	0	0	0	0	0	0	0	0	0,0000	0,0000	105,6820
2022-03-20	22:48:00		60	0	0	0	0	0	0	0	0	0	0	0	0	0	0	0	0	0	0	0	0	0,0000	0,0000	105,6820
2022-03-20	22:49:00		60	0	0	0	0	0	0	0	0	0	0	0	0	0	0	0	0	0	0	0	0	0,0000	0,0000	105,6820
2022-03-20	22:50:00		60	0	0	0	0	0	0	0	0	0	0	0	0	0	0	0	0	0	0	0	0	0,0000	0,0000	105,6820
2022-03-20	22:51:00		60	0	0	0	0	0	0	0	0	0	0	0	0	0	0	0	0	0	0	0	0	0,0000	0,0000	105,6820
2022-03-20	22:52:00		60	0	0	0	0	0	0	0	0	0	0	0	0	0	0	0	0	0	0	0	0	0,0000	0,0000	105,6820
2022-03-20	22:53:00		60	0	0	0	0	0	0	0	0	0	0	0	0	0	0	0	0	0	0	0	0	0,0000	0,0000	105,6820
2022-03-20	22:54:00		60	0	0	0	0	0	0	0	0	0	0	0	0	0	0	0	0	0	0	0	0	0,0000	0,0000	105,6820
2022-03-20	22:55:00		60	0	0	0	0	0	0	0	0	0	0	0	0	0	0	0	0	0	0	0	0	0,0000	0,0000	105,6820
2022-03-20	22:56:00		60	0	0	0	0	0	0	0	0	0	0	0	0	0	0	0	0	0	0	0	0	0,0000	0,0000	105,6820
2022-03-20	22:57:00		60	0	0	0	0	0	0	0	0	0	0	0	0	0	0	0	0	0	0	0	0	0,0000	0,0000	105,6820
2022-03-20	22:58:00		60	0	0	0	0	0	0	0	0	0	0	0	0	0	0	0	0	0	0	0	0	0,0000	0,0000	105,6820
2022-03-20	22:59:00		60	0	0	0	0	0	0	0	0	0	0	0	0	0	0	0	0	0	0	0	0	0,0000	0,0000	105,6820
2022-03-20	23:00:00		60	0	0	0	0	0	0	0	0	0	0	0	0	0	0	0	0	0	0	0	0	0,0000	0,0000	105,6820
2022-03-20	23:01:00		60	0	0	0	0	0	0	0	0	0	0	0	0	0	0	0	0	0	0	0	0	0,0000	0,0000	105,6820
2022-03-20	23:02:00		60	0	0	0	0	0	0	0	0	0	0	0	0	0	0	0	0	0	0	0	0	0,0000	0,0000	105,6820
2022-03-20	23:03:00		60	0	0	0	0	0	0	0	0	0	0	0	0	0	0	0	0	0	0	0	0	0,0000	0,0000	105,6820
2022-03-20	23:04:00		60	0	0	0	0	0	0	0	0	0	0	0	0	0	0	0	0	0	0	0	0	0,0000	0,0000	105,6820
2022-03-20	23:05:00		60	0	0	0	0	0	0	0	0	0	0	0	0	0	0	0	0	0	0	0	0	0,0000	0,0000	105,6820
2022-03-20	23:06:00		60	0	0	0	0	0	0	0	0	0	0	0	0	0	0	0	0	0	0	0	0	0,0000	0,0000	105,6820
2022-03-20	23:07:00		60	0	0	0	0	0	0	0	0	0	0	0	0	0	0	0	0	0	0	0	0	0,0000	0,0000	105,6820
2022-03-20	23:08:00		60	0	0	0	0	0	0	0	0	0	0	0	0	0	0	0	0	0	0	0	0	0,0000	0,0000	105,6820
2022-03-20	23:09:00		60	0	0	0	0	0	0	0	0	0	0	0	0	0	0	0	0	0	0	0	0	0,0000	0,0000	105,6820
2022-03-20	23:10:00		60	0	0	0	0	0	0	0	0	0	0	0	0	0	0	0	0	0	0	0	0	0,0000	0,0000	105,6820
2022-03-20	23:11:00		60	0	0	0	0	0	0	0	0	0	0	0	0	0	0	0	0	0	0	0	0	0,0000	0,0000	105,6820
2022-03-20	23:12:00		60	0	0	0	0	0	0	0	0	0	0	0	0	0	0	0	0	0	0	0	0	0,0000	0,0000	105,6820
2022-03-20	23:13:00		60	0	0	0	0	0	0	0	0	0	0	0	0	0	0	0	0	0	0	0	0	0,0000	0,0000	105,6820
2022-03-20	23:14:00		60	0	0	0	0	0	0	0	0	0	0	0	0	0	0	0	0	0	0	0	0	0,0000	0,0000	105,6820
2022-03-20	23:15:00		60	0	0	0	0	0	0	0	0	0	0	0	0	0	0	0	0	0	0	0	0	0,0000	0,0000	105,6820
2022-03-20	23:16:00		60	0	0	0	0	0	0	0	0	0	0	0	0	0	0	0	0	0	0	0	0	0,0000	0,0000	105,6820
2022-03-20	23:17:00		60	0	0	0	0	0	0	0	0	0	0	0	0	0	0	0	0	0	0	0	0	0,0000	0,0000	105,6820
2022-03-20	23:18:00		60	0	0	0	0	0	0	0	0	0	0	0	0	0	0	0	0	0	0	0	0	0,0000	0,0000	105,6820
2022-03-20	23:19:00		60	0	0	0	0	0	0	0	0	0	0	0	0	0	0	0	0	0	0	0	0	0,0000	0,0000	105,6820
2022-03-20	23:20:00		60	0	0	0	0	0	0	0	0	0	0	0	0	0	0	0	0	0	0	0	0	0,0000	0,0000	105,6820
2022-03-20	23:21:00		60	0	0	0	0	0	0	0	0	0	0	0	0	0	0	0	0	0	0	0	0	0,0000	0,0000	105,6820
2022-03-20	23:22:00		60	0	0	0	0	0	0	0	0	0	0	0	0	0	0	0	0	0	0	0	0	0,0000	0,0000	105,6820
2022-03-20	23:23:00		60	0	0	0	0	0	0	0	0	0	0	0	0	0	0	0	0	0	0	0	0	0,0000	0,0000	105,6820
2022-03-20	23:24:00		60	0	0	0	0	0	0	0	0	0	0	0	0	0	0	0	0	0	0	0	0	0,0000	0,0000	105,6820
2022-03-20	23:25:00		60	0	0	0	0	0	0	0	0	0	0	0	0	0	0	0	0	0	0	0	0	0,0000	0,0000	105,6820
2022-03-20	23:26:00		60	0	0	0	0	0	0	0	0	0	0	0	0	0	0	0	0	0	0	0	0	0,0000	0,0000	105,6820
2022-03-20	23:27:00		60	0	0	0	0	0	0	0	0	0	0	0	0	0	0	0	0	0	0	0	0	0,0000	0,0000	105,6820
2022-03-20	23:28:00		60	0	0	0	0	0	0	0	0	0	0	0	0	0	0	0	0	0	0	0	0	0,0000	0,0000	105,6820
2022-03-20	23:29:00		60	0	0	0	0	0	0	0	0	0	0	0	0	0	0	0	0	0	0	0	0	0,0000	0,0000	105,6820
2022-03-20	23:30:00		60	0	0	0	0	0	0	0	0	0	0	0	0	0	0	0	0	0	0	0	0	0,0000	0,0000	105,6820
2022-03-20	23:31:00		60	0	0	0	0	0	0	0	0	0	0	0	0	0	0	0	0	0	0	0	0	0,0000	0,0000	105,6820
2022-03-20	23:32:00		60	0	0	0	0	0	0	0	0	0	0	0	0	0	0	0	0	0	0	0	0	0,0000	0,0000	105,6820
2022-03-20	23:33:00		60	0	0	0	0	0	0	0	0	0	0	0	0	0	0	0	0	0	0	0	0	0,0000	0,0000	105,6820
2022-03-20	23:34:00		60	0	0	0	0	0	0	0	0	0	0	0	0	0	0	0	0	0	0	0	0	0,0000	0,0000	105,6820
2022-03-20	23:35:00		60	0	0	0	0	0	0	0	0	0	0	0	0	0	0	0	0	0	0	0	0	0,0000	0,0000	105,6820
2022-03-20	23:36:00		60	0	0	0	0	0	0	0	0	0	0	0	0	0	0	0	0	0	0	0	0	0,0000	0,0000	105,6820
2022-03-20	23:37:00		60	0	0	0	0	0	0	0	0	0	0	0	0	0	0	0	0	0	0	0	0	0,0000	0,0000	105,6820
2022-03-20	23:38:00		60	0	0	0	0	0	0	0	0	0	0	0	0	0	0	0	0	0	0	0	0	0,0000	0,0000	105,6820
2022-03-20	23:39:00		60	0	0	0	0	0	0	0	0	0	0	0	0	0	0	0	0	0	0	0	0	0,0000	0,0000	105,6820
2022-03-20	23:40:00		60	0	0	0	0	0	0	0	0	0	0	0	0	0	0	0	0	0	0	0	0	0,0000	0,0000	105,6820
2022-03-20	23:41:00		60	0	0	0	0	0	0	0	0	0	0	0	0	0	0	0	0	0	0	0	0	0,0000	0,0000	105,6820
2022-03-20	23:42:00		60	0	0	0	0	0	0	0	0	0	0	0	0	0	0	0	0	0	0	0	0	0,0000	0,0000	105,6820
2022-03-20	23:43:00		60	0	0	0	0	0	0	0	0	0	0	0	0	0	0	0	0	0	0	0	0	0,0000	0,0000	105,6820
2022-03-20	23:44:00		60	0	0	0	0	0	0	0	0	0	0	0	0	0	0	0	0	0	0	0	0	0,0000	0,0000	105,6820
2022-03-20	23:45:00		60	0	0	0	0	0	0	0	0	0	0	0	0	0	0	0	0	0	0	0	0	0,0000	0,0000	105,6820
2022-03-20	23:46:00		60	0	0	0	0	0	0	0	0	0	0	0	0	0	0	0	0	0	0	0	0	0,0000	0,0000	105,6820
2022-03-20	23:47:00		60	0	0	0	0	0	0	0	0	0	0	0	0	0	0	0	0	0	0	0	0	0,0000	0,0000	105,6820
2022-03-20	23:48:00		60	0	0	0	0	0	0	0	0	0	0	0	0	0	0	0	0	0	0	0	0	0,0000	0,0000	105,6820
2022-03-20	23:49:00		60	0	0	0	0	0	0	0	0	0	0	0	0	0	0	0	0	0	0	0	0	0,0000	0,0000	105,6820
2022-03-20	23:50:00		60	0	0	0	0	0	0	0	0	0	0	0	0	0	0	0	0	0	0	0	0	0,0000	0,0000	105,6820
2022-03-20	23:51:00		60	0	0	0	0	0	0	0	0	0	0	0	0	0	0	0	0	0	0	0	0	0,0000	0,0000	105,6820
2022-03-20	23:52:00		60	0	0	0	0	0	0	0	0	0	0	0	0	0	0	0	0	0	0	0	0	0,0000	0,0000	105,6820
2022-03-20	23:53:00		60	0	0	0	0	0	0	0	0	0	0	0	0	0	0	0	0	0	0	0	0	0,0000	0,0000	105,6820
2022-03-20	23:54:00		60	0	0	0	0	0	0	0	0	0	0	0	0	0	0	0	0	0	0	0	0	0,0000	0,0000	105,6820
2022-03-20	23:55:00		60	0	0	0	0	0	0	0	0	0	0	0	0	0	0	0	0	0	0	0	0	0,0000	0,0000	105,6820
2022-03-20	23:56:00		60	0	0	0	0	0	0	0	0	0	0	0	0	0	0	0	0	0	0	0	0	0,0000	0,0000	105,6820
2022-03-20	23:57:00		60	0	0	0	0	0	0	0	0	0	0	0	0	0	0	0	0	0	0	0	0	0,0000	0,0000	105,6820
2022-03-20	23:58:00		60	0	0	0	0	0	0	0	0	0	0	0	0	0	0	0	0	0	0	0	0	0,0000	0,0000	105,6820
2022-03-20	23:59:00		60	0	0	0	0	0	0	0	0	0	0	0	0	0	0	0	0	0	0	0	0	0,0000	0,0000	105,6820
2022-03-21	00:00:00		60	0	0	0	0	0	0	0	0	0	0	0	0	0	0	0	0	0	0	0	0	0,0000	0,0000	105,6820
2022-03-21	00:01:00		60	0	0	0	0	0	0	0	0	0	0	0	0	0	0	0	0	0	0	0	0	0,0000	0,0000	105,6820
2022-03-21	00:02:00		60	0	0	0	0	0	0	0	0	0	0	0	0	0	0	0	0	0	0	0	0	0,0000	0,0000	105,6820
2022-03-21	00:03:00		60	0	0	0	0	0	0	0	0	0	0	0	0	0	0	0	0	0	0	0	0	0,0000	0,0000	105,6820
2022-03-21	00:04:00		60	0	0	0	0	0	0	0	0	0	0	0	0	0	0	0	0	0	0	0	0	0,0000	0,0000	105,6820
2022-03-21	00:05:00		60	0	0	0	0	0	0	0	0	0	0	0	0	0	0	0	0	0	0	0	0	0,0000	0,0000	105,6820
2022-03-21	00:06:00		60	0	0	0	0	0	0	0	0	0	0	0	0	0	0	0	0	0	0	0	0	0,0000	0,0000	105,6820
2022-03-21	00:07:00		60	0	0	0	0	0	0	0	0	0	0	0	0	0	0	0	0	0	0	0	0	0,0000	0,0000	105,6820
2022-03-21	00:08:00		60	0	0	0	0	0	0	0	0	0	0	0	0	0	0	0	0	0	0	0	0	0,0000	0,0000	105,6820
2022-03-21	00:09:00		60	0	0	0	0	0	0	0	0	0	0	0	0	0	0	0	0	0	0	0	0	0,0000	0,0000	105,6820
2022-03-21	00:10:00		60	0	0	0	0	0	0	0	0	0	0	0	0	0	0	0	0	0	0	0	0	0,0000	0,0000	105,6820
2022-03-21	00:11:00		60	0	0	0	0	0	0	0	0	0	0	0	0	0	0	0	0	0	0	0	0	0,0000	0,0000	105,6820
2022-03-21	00:12:00		60	0	0	0	0	0	0	0	0	0	0	0	0	0	0	0	0	0	0	0	0	0,0000	0,0000	105,6820
2022-03-21	00:13:00		60	0	0	0	0	0	0	0	0	0	0	0	0	0	0	0	0	0	0	0	0	0,0000	0,0000	105,6820
2022-03-21	00:14:00		60	0	0	0	0	0	0	0	0	0	0	0	0	0	0	0	0	0	0	0	0	0,0000	0,0000	105,6820
2022-03-21	00:15:00		60	0	0	0	0	0	0	0	0	0	0	0	0	0	0	0	0	0	0	0	0	0,0000	0,0000	105,6820
2022-03-21	00:16:00		60	0	0	0	0	0	0	0	0	0	0	0	0	0	0	0	0	0	0	0	0	0,0000	0,0000	105,6820
2022-03-21	00:17:00		60	0	0	0	0	0	0	0	0	0	0	0	0	0	0	0	0	0	0	0	0	0,0000	0,0000	105,6820
2022-03-21	00:18:00		60	0	0	0	0	0	0	0	0	0	0	0	0	0	0	0	0	0	0	0	0	0,0000	0,0000	105,6820
2022-03-21	00:19:00		60	0	0	0	0	0	0	0	0	0	0	0	0	0	0	0	0	0	0	0	0	0,0000	0,0000	105,6820
2022-03-21	00:20:00		60	0	0	0	0	0	0	0	0	0	0	0	0	0	0	0	0	0	0	0	0	0,0000	0,0000	105,6820
2022-03-21	00:21:00		60	0	0	0	0	0	0	0	0	0	0	0	0	0	0	0	0	0	0	0	0	0,0000	0,0000	105,6820
2022-03-21	00:22:00		60	0	0	0	0	0	0	0	0	0	0	0	0	0	0	0	0	0	0	0	0	0,0000	0,0000	105,6820
2022-03-21	00:23:00		60	0	0	0	0	0	0	0	0	0	0	0	0	0	0	0	0	0	0	0	0	0,0000	0,0000	105,6820
2022-03-21	00:24:00		60	0	0	0	0	0	0	0	0	0	0	0	0	0	0	0	0	0	0	0	0	0,0000	0,0000	105,6820
2022-03-21	00:25:00		60	0	0	0	0	0	0	0	0	0	0	0	0	0	0	0	0	0	0	0	0	0,0000	0,0000	105,6820
2022-03-21	00:26:00		60	0	0	0	0	0	0	0	0	0	0	0	0	0	0	0	0	0	0	0	0	0,0000	0,0000	105,6820
2022-03-21	00:27:00		60	0	0	0	0	0	0	0	0	0	0	0	0	0	0	0	0	0	0	0	0	0,0000	0,0000	105,6820
2022-03-21	00:28:00		60	0	0	0	0	0	0	0	0	0	0	0	0	0	0	0	0	0	0	0	0	0,0000	0,0000	105,6820
2022-03-21	00:29:00		60	0	0	0	0	0	0	0	0	0	0	0	0	0	0	0	0	0	0	0	0	0,0000	0,0000	105,6820
2022-03-21	00:30:00		60	0	0	0	0	0	0	0	0	0	0	0	0	0	0	0	0	0	0	0	0	0,0000	0,0000	105,6820
2022-03-21	00:31:00		60	0	0	0	0	0	0	0	0	0	0	0	0	0	0	0	0	0	0	0	0	0,0000	0,0000	105,6820
2022-03-21	00:32:00		60	0	0	0	0	0	0	0	0	0	0	0	0	0	0	0	0	0	0	0	0	0,0000	0,0000	105,6820
2022-03-21	00:33:00		60	0	0	0	0	0	0	0	0	0	0	0	0	0	0	0	0	0	0	0	0	0,0000	0,0000	105,6820
2022-03-21	00:34:00		60	0	0	0	0	0	0	0	0	0	0	0	0	0	0	0	0	0	0	0	0	0,0000	0,0000	105,6820
2022-03-21	00:35:00		60	0	0	0	0	0	0	0	0	0	0	0	0	0	0	0	0	0	0	0	0	0,0000	0,0000	105,6820
2022-03-21	00:36:00		60	0	0	0	0	0	0	0	0	0	0	0	0	0	0	0	0	0	0	0	0	0,0000	0,0000	105,6820
2022-03-21	00:37:00		60	0	0	0	0	0	0	0	0	0	0	0	0	0	0	0	0	0	0	0	0	0,0000	0,0000	105,6820
2022-03-21	00:38:00		60	0	0	0	0	0	0	0	0	0	0	0	0	0	0	0	0	0	0	0	0	0,0000	0,0000	105,6820
2022-03-21	00:39:00		60	0	0	0	0	0	0	0	0	0	0	0	0	0	0	0	0	0	0	0	0	0,0000	0,0000	105,6820
2022-03-21	00:40:00		60	0	0	0	0	0	0	0	0	0	0	0	0	0	0	0	0	0	0	0	0	0,0000	0,0000	105,6820
2022-03-21	00:41:00		60	0	0	0	0	0	0	0	0	0	0	0	0	0	0	0	0	0	0	0	0	0,0000	0,0000	105,6820
2022-03-21	00:42:00		60	0	0	0	0	0	0	0	0	0	0	0	0	0	0	0	0	0	0	0	0	0,0000	0,0000	105,6820
2022-03-21	00:43:00		60	0	0	0	0	0	0	0	0	0	0	0	0	0	0	0	0	0	0	0	0	0,0000	0,0000	105,6820
2022-03-21	00:44:00		60	0	0	0	0	0	0	0	0	0	0	0	0	0	0	0	0	0	0	0	0	0,0000	0,0000	105,6820
2022-03-21	00:45:00		60	0	0	0	0	0	0	0	0	0	0	0	0	0	0	0	0	0	0	0	0	0,0000	0,0000	105,6820
2022-03-21	00:46:00		60	0	0	0	0	0	0	0	0	0	0	0	0	0	0	0	0	0	0	0	0	0,0000	0,0000	105,6820
2022-03-21	00:47:00		60	0	0	0	0	0	0	0	0	0	0	0	0	0	0	0	0	0	0	0	0	0,0000	0,0000	105,6820
2022-03-21	00:48:00		60	0	0	0	0	0	0	0	0	0	0	0	0	0	0	0	0	0	0	0	0	0,0000	0,0000	105,6820
2022-03-21	00:49:00		60	0	0	0	0	0	0	0	0	0	0	0	0	0	0	0	0	0	0	0	0	0,0000	0,0000	105,6820
2022-03-21	00:50:00		60	0	0	0	0	0	0	0	0	0	0	0	0	0	0	0	0	0	0	0	0	0,0000	0,0000	105,6820
2022-03-21	00:51:00		60	0	0	0	0	0	0	0	0	0	0	0	0	0	0	0	0	0	0	0	0	0,0000	0,0000	105,6820
2022-03-21	00:52:00		60	0	0	0	0	0	0	0	0	0	0	0	0	0	0	0	0	0	0	0	0	0,0000	0,0000	105,6820
2022-03-21	00:53:00		60	0	0	0	0	0	0	0	0	0	0	0	0	0	0	0	0	0	0	0	0	0,0000	0,0000	105,6820
2022-03-21	00:54:00		60	0	0	0	0	0	0	0	0	0	0	0	0	0	0	0	0	0	0	0	0	0,0000	0,0000	105,6820
2022-03-21	00:55:00		60	0	0	0	0	0	0	0	0	0	0	0	0	0	0	0	0	0	0	0	0	0,0000	0,0000	105,6820
2022-03-21	00:56:00		60	0	0	0	0	0	0	0	0	0	0	0	0	0	0	0	0	0	0	0	0	0,0000	0,0000	105,6820
2022-03-21	00:57:00		60	0	0	0	0	0	0	0	0	0	0	0	0	0	0	0	0	0	0	0	0	0,0000	0,0000	105,6820
2022-03-21	00:58:00		60	0	0	0	0	0	0	0	0	0	0	0	0	0	0	0	0	0	0	0	0	0,0000	0,0000	105,6820
2022-03-21	00:59:00		60	0	0	0	0	0	0	0	0	0	0	0	0	0	0	0	0	0	0	0	0	0,0000	0,0000	105,6820
2022-03-21	01:00:00		60	0	0	0	0	0	0	0	0	0	0	0	0	0	0	0	0	0	0	0	0	0,0000	0,0000	105,6820
2022-03-21	01:01:00		60	0	0	0	0	0	0	0	0	0	0	0	0	0	0	0	0	0	0	0	0	0,0000	0,0000	105,6820
2022-03-21	01:02:00		60	0	0	0	0	0	0	0	0	0	0	0	0	0	0	0	0	0	0	0	0	0,0000	0,0000	105,6820
2022-03-21	01:03:00		60	0	0	0	0	0	0	0	0	0	0	0	0	0	0	0	0	0	0	0	0	0,0000	0,0000	105,6820
2022-03-21	01:04:00		60	0	0	0	0	0	0	0	0	0	0	0	0	0	0	0	0	0	0	0	0	0,0000	0,0000	105,6820
2022-03-21	01:05:00		60	0	0	0	0	0	0	0	0	0	0	0	0	0	0	0	0	0	0	0	0	0,0000	0,0000	105,6820
2022-03-21	01:06:00		60	0	0	0	0	0	0	0	0	0	0	0	0	0	0	0	0	0	0	0	0	0,0000	0,0000	105,6820
2022-03-21	01:07:00		60	0	0	0	0	0	0	0	0	0	0	0	0	0	0	0	0	0	0	0	0	0,0000	0,0000	105,6820
2022-03-21	01:08:00		60	0	0	0	0	0	0	0	0	0	0	0	0	0	0	0	0	0	0	0	0	0,0000	0,0000	105,6820
2022-03-21	01:09:00		60	0	0	0	0	0	0	0	0	0	0	0	0	0	0	0	0	0	0	0	0	0,0000	0,0000	105,6820
2022-03-21	01:10:00		60	0	0	0	0	0	0	0	0	0	0	0	0	0	0	0	0	0	0	0	0	0,0000	0,0000	105,6820
2022-03-21	01:11:00		60	0	0	0	0	0	0	0	0	0	0	0	0	0	0	0	0	0	0	0	0	0,0000	0,0000	105,6820
2022-03-21	01:12:00		60	0	0	0	0	0	0	0	0	0	0	0	0	0	0	0	0	0	0	0	0	0,0000	0,0000	105,6820
2022-03-21	01:13:00		60	0	0	0	0	0	0	0	0	0	0	0	0	0	0	0	0	0	0	0	0	0,0000	0,0000	105,6820
2022-03-21	01:14:00		60	0	0	0	0	0	0	0	0	0	0	0	0	0	0	0	0	0	0	0	0	0,0000	0,0000	105,6820
2022-03-21	01:15:00		60	0	0	0	0	0	0	0	0	0	0	0	0	0	0	0	0	0	0	0	0	0,0000	0,0000	105,6820
2022-03-21	01:16:00		60	0	0	0	0	0	0	0	0	0	0	0	0	0	0	0	0	0	0	0	0	0,0000	0,0000	105,6820
2022-03-21	01:17:00		60	0	0	0	0	0	0	0	0	0	0	0	0	0	0	0	0	0	0	0	0	0,0000	0,0000	105,6820
2022-03-21	01:18:00		60	0	0	0	0	0	0	0	0	0	0	0	0	0	0	0	0	0	0	0	0	0,0000	0,0000	105,6820
2022-03-21	01:19:00		60	0	0	0	0	0	0	0	0	0	0	0	0	0	0	0	0	0	0	0	0	0,0000	0,0000	105,6820
2022-03-21	01:20:00		60	0	0	0	0	0	0	0	0	0	0	0	0	0	0	0	0	0	0	0	0	0,0000	0,0000	105,6820
2022-03-21	01:21:00		60	0	0	0	0	0	0	0	0	0	0	0	0	0	0	0	0	0	0	0	0	0,0000	0,0000	105,6820
2022-03-21	01:22:00		60	0	0	0	0	0	0	0	0	0	0	0	0	0	0	0	0	0	0	0	0	0,0000	0,0000	105,6820
2022-03-21	01:23:00		60	0	0	0	0	0	0	0	0	0	0	0	0	0	0	0	0	0	0	0	0	0,0000	0,0000	105,6820
2022-03-21	01:24:00		60	0	0	0	0	0	0	0	0	0	0	0	0	0	0	0	0	0	0	0	0	0,0000	0,0000	105,6820
2022-03-21	01:25:00		60	0	0	0	0	0	0	0	0	0	0	0	0	0	0	0	0	0	0	0	0	0,0000	0,0000	105,6820
2022-03-21	01:26:00		60	0	0	0	0	0	0	0	0	0	0	0	0	0	0	0	0	0	0	0	0	0,0000	0,0000	105,6820
2022-03-21	01:27:00		60	0	0	0	0	0	0	0	0	0	0	0	0	0	0	0	0	0	0	0	0	0,0000	0,0000	105,6820
2022-03-21	01:28:00		60	0	0	0	0	0	0	0	0	0	0	0	0	0	0	0	0	0	0	0	0	0,0000	0,0000	105,6820
2022-03-21	01:29:00		60	0	0	0	0	0	0	0	0	0	0	0	0	0	0	0	0	0	0	0	0	0,0000	0,0000	105,6820
2022-03-21	01:30:00		60	0	0	0	0	0	0	0	0	0	0	0	0	0	0	0	0	0	0	0	0	0,0000	0,0000	105,6820
2022-03-21	01:31:00		60	0	0	0	0	0	0	0	0	0	0	0	0	0	0	0	0	0	0	0	0	0,0000	0,0000	105,6820
2022-03-21	01:32:00		60	0	0	0	0	0	0	0	0	0	0	0	0	0	0	0	0	0	0	0	0	0,0000	0,0000	105,6820
2022-03-21	01:33:00		60	0	0	0	0	0	0	0	0	0	0	0	0	0	0	0	0	0	0	0	0	0,0000	0,0000	105,6820
2022-03-21	01:34:00		60	0	0	0	0	0	0	0	0	0	0	0	0	0	0	0	0	0	0	0	0	0,0000	0,0000	105,6820
2022-03-21	01:35:00		60	0	0	0	0	0	0	0	0	0	0	0	0	0	0	0	0	0	0	0	0	0,0000	0,0000	105,6820
2022-03-21	01:36:00		60	0	0	0	0	0	0	0	0	0	0	0	0	0	0	0	0	0	0	0	0	0,0000	0,0000	105,6820
2022-03-21	01:37:00		60	0	0	0	0	0	0	0	0	0	0	0	0	0	0	0	0	0	0	0	0	0,0000	0,0000	105,6820
2022-03-21	01:38:00		60	0	0	0	0	0	0	0	0	0	0	0	0	0	0	0	0	0	0	0	0	0,0000	0,0000	105,6820
2022-03-21	01:39:00		60	0	0	0	0	0	0	0	0	0	0	0	0	0	0	0	0	0	0	0	0	0,0000	0,0000	105,6820
2022-03-21	01:40:00		60	0	0	0	0	0	0	0	0	0	0	0	0	0	0	0	0	0	0	0	0	0,0000	0,0000	105,6820
2022-03-21	01:41:00		60	0	0	0	0	0	0	0	0	0	0	0	0	0	0	0	0	0	0	0	0	0,0000	0,0000	105,6820
2022-03-21	01:42:00		60	0	0	0	0	0	0	0	0	0	0	0	0	0	0	0	0	0	0	0	0	0,0000	0,0000	105,6820
2022-03-21	01:43:00		60	0	0	0	0	0	0	0	0	0	0	0	0	0	0	0	0	0	0	0	0	0,0000	0,0000	105,6820
2022-03-21	01:44:00		60	0	0	0	0	0	0	0	0	0	0	0	0	0	0	0	0	0	0	0	0	0,0000	0,0000	105,6820
2022-03-21	01:45:00		60	0	0	0	0	0	0	0	0	0	0	0	0	0	0	0	0	0	0	0	0	0,0000	0,0000	105,6820
2022-03-21	01:46:00		60	0	0	0	0	0	0	0	0	0	0	0	0	0	0	0	0	0	0	0	0	0,0000	0,0000	105,6820
2022-03-21	01:47:00		60	0	0	0	0	0	0	0	0	0	0	0	0	0	0	0	0	0	0	0	0	0,0000	0,0000	105,6820
2022-03-21	01:48:00		60	0	0	0	0	0	0	0	0	0	0	0	0	0	0	0	0	0	0	0	0	0,0000	0,0000	105,6820
2022-03-21	01:49:00		60	0	0	0	0	0	0	0	0	0	0	0	0	0	0	0	0	0	0	0	0	0,0000	0,0000	105,6820
2022-03-21	01:50:00		60	0	0	0	0	0	0	0	0	0	0	0	0	0	0	0	0	0	0	0	0	0,0000	0,0000	105,6820
2022-03-21	01:51:00		60	0	0	0	0	0	0	0	0	0	0	0	0	0	0	0	0	0	0	0	0	0,0000	0,0000	105,6820
2022-03-21	01:52:00		60	0	0	0	0	0	0	0	0	0	0	0	0	0	0	0	0	0	0	0	0	0,0000	0,0000	105,6820
2022-03-21	01:53:00		60	0	0	0	0	0	0	0	0	0	0	0	0	0	0	0	0	0	0	0	0	0,0000	0,0000	105,6820
2022-03-21	01:54:00		60	0	0	0	0	0	0	0	0	0	0	0	0	0	0	0	0	0	0	0	0	0,0000	0,0000	105,6820
2022-03-21	01:55:00		60	0	0	0	0	0	0	0	0	0	0	0	0	0	0	0	0	0	0	0	0	0,0000	0,0000	105,6820
2022-03-21	01:56:00		60	0	0	0	0	0	0	0	0	0	0	0	0	0	0	0	0	0	0	0	0	0,0000	0,0000	105,6820
2022-03-21	01:57:00		60	0	0	0	0	0	0	0	0	0	0	0	0	0	0	0	0	0	0	0	0	0,0000	0,0000	105,6820
2022-03-21	01:58:00		60	0	0	0	0	0	0	0	0	0	0	0	0	0	0	0	0	0	0	0	0	0,0000	0,0000	105,6820
2022-03-21	01:59:00		60	0	0	0	0	0	0	0	0	0	0	0	0	0	0	0	0	0	0	0	0	0,0000	0,0000	105,6820
2022-03-21	02:00:00		60	0	0	0	0	0	0	0	0	0	0	0	0	0	0	0	0	0	0	0	0	0,0000	0,0000	105,6820
2022-03-21	02:01:00		60	0	0	0	0	0	0	0	0	0	0	0	0	0	0	0	0	0	0	0	0	0,0000	0,0000	105,6820
2022-03-21	02:02:00		60	0	0	0	0	0	0	0	0	0	0	0	0	0	0	0	0	0	0	0	0	0,0000	0,0000	105,6820
2022-03-21	02:03:00		60	0	0	0	0	0	0	0	0	0	0	0	0	0	0	0	0	0	0	0	0	0,0000	0,0000	105,6820
2022-03-21	02:04:00		60	0	0	0	0	0	0	0	0	0	0	0	0	0	0	0	0	0	0	0	0	0,0000	0,0000	105,6820
2022-03-21	02:05:00		60	0	0	0	0	0	0	0	0	0	0	0	0	0	0	0	0	0	0	0	0	0,0000	0,0000	105,6820
2022-03-21	02:06:00		60	0	0	0	0	0	0	0	0	0	0	0	0	0	0	0	0	0	0	0	0	0,0000	0,0000	105,6820
2022-03-21	02:07:00		60	0	0	0	0	0	0	0	0	0	0	0	0	0	0	0	0	0	0	0	0	0,0000	0,0000	105,6820
2022-03-21	02:08:00		60	0	0	0	0	0	0	0	0	0	0	0	0	0	0	0	0	0	0	0	0	0,0000	0,0000	105,6820
2022-03-21	02:09:00		60	0	0	0	0	0	0	0	0	0	0	0	0	0	0	0	0	0	0	0	0	0,0000	0,0000	105,6820
2022-03-21	02:10:00		60	0	0	0	0	0	0	0	0	0	0	0	0	0	0	0	0	0	0	0	0	0,0000	0,0000	105,6820
2022-03-21	02:11:00		60	0	0	0	0	0	0	0	0	0	0	0	0	0	0	0	0	0	0	0	0	0,0000	0,0000	105,6820
2022-03-21	02:12:00		60	0	0	0	0	0	0	0	0	0	0	0	0	0	0	0	0	0	0	0	0	0,0000	0,0000	105,6820
2022-03-21	02:13:00		60	0	0	0	0	0	0	0	0	0	0	0	0	0	0	0	0	0	0	0	0	0,0000	0,0000	105,6820
2022-03-21	02:14:00		60	0	0	0	0	0	0	0	0	0	0	0	0	0	0	0	0	0	0	0	0	0,0000	0,0000	105,6820
2022-03-21	02:15:00		60	0	0	0	0	0	0	0	0	0	0	0	0	0	0	0	0	0	0	0	0	0,0000	0,0000	105,6820
2022-03-21	02:16:00		60	0	0	0	0	0	0	0	0	0	0	0	0	0	0	0	0	0	0	0	0	0,0000	0,0000	105,6820
2022-03-21	02:17:00		60	0	0	0	0	0	0	0	0	0	0	0	0	0	0	0	0	0	0	0	0	0,0000	0,0000	105,6820
2022-03-21	02:18:00		60	0	0	0	0	0	0	0	0	0	0	0	0	0	0	0	0	0	0	0	0	0,0000	0,0000	105,6820
2022-03-21	02:19:00		60	0	0	0	0	0	0	0	0	0	0	0	0	0	0	0	0	0	0	0	0	0,0000	0,0000	105,6820
2022-03-21	02:20:00		60	0	0	0	0	0	0	0	0	0	0	0	0	0	0	0	0	0	0	0	0	0,0000	0,0000	105,6820
2022-03-21	02:21:00		60	0	0	0	0	0	0	0	0	0	0	0	0	0	0	0	0	0	0	0	0	0,0000	0,0000	105,6820
2022-03-21	02:22:00		60	0	0	0	0	0	1	4	0	0	0	0	0	0	0	0	0	0	0	0	0	0,0397	0,0007	105,6826
2022-03-21	02:23:00		60	0	0	0	0	0	2	0	0	0	0	0	0	0	0	0	0	0	0	0	0	0,0096	0,0002	105,6828
2022-03-21	02:24:00		60	0	0	0	1	1	2	0	0	0	0	0	0	0	0	0	0	0	0	0	0	0,0142	0,0002	105,6830
2022-03-21	02:25:00		60	0	0	1	7	2	0	0	0	0	0	0	0	0	0	0	0	0	0	0	0	0,0192	0,0003	105,6834
2022-03-21	02:26:00		60	0	0	0	0	0	0	0	0	0	0	0	0	0	0	0	0	0	0	0	0	0,0000	0,0000	105,6834
2022-03-21	02:27:00		60	1	0	6	3	0	0	0	0	0	0	0	0	0	0	0	0	0	0	0	0	0,0119	0,0002	105,6836
2022-03-21	02:28:00		60	2	4	3	0	0	0	0	0	0	0	0	0	0	0	0	0	0	0	0	0	0,0061	0,0001	105,6837
2022-03-21	02:29:00		60	0	5	0	0	0	0	0	0	0	0	0	0	0	0	0	0	0	0	0	0	0,0030	0,0000	105,6837
2022-03-21	02:30:00		60	7	16	0	0	0	0	0	0	0	0	0	0	0	0	0	0	0	0	0	0	0,0115	0,0002	105,6839
2022-03-21	02:31:00		60	13	2	0	0	0	0	0	0	0	0	0	0	0	0	0	0	0	0	0	0	0,0050	0,0001	105,6840
2022-03-21	02:32:00		60	12	0	0	0	0	0	0	0	0	0	0	0	0	0	0	0	0	0	0	0	0,0035	0,0001	105,6840
2022-03-21	02:33:00		60	7	0	0	0	0	0	0	0	0	0	0	0	0	0	0	0	0	0	0	0	0,0020	0,0000	105,6841
2022-03-21	02:34:00		60	0	0	0	0	0	0	0	0	0	0	0	0	0	0	0	0	0	0	0	0	0,0000	0,0000	105,6841
2022-03-21	02:35:00		60	0	0	0	0	0	0	0	0	0	0	0	0	0	0	0	0	0	0	0	0	0,0000	0,0000	105,6841
2022-03-21	02:36:00		60	0	0	0	0	0	0	0	0	0	0	0	0	0	0	0	0	0	0	0	0	0,0000	0,0000	105,6841
2022-03-21	02:37:00		60	0	0	0	0	0	0	0	0	0	0	0	0	0	0	0	0	0	0	0	0	0,0000	0,0000	105,6841
2022-03-21	02:38:00		60	0	0	0	0	0	0	0	0	0	0	0	0	0	0	0	0	0	0	0	0	0,0000	0,0000	105,6841
2022-03-21	02:39:00		60	0	0	0	0	0	0	0	0	0	0	0	0	0	0	0	0	0	0	0	0	0,0000	0,0000	105,6841
2022-03-21	02:40:00		60	0	0	0	0	0	0	0	0	0	0	0	0	0	0	0	0	0	0	0	0	0,0000	0,0000	105,6841
2022-03-21	02:41:00		60	0	0	0	0	0	0	0	0	0	0	0	0	0	0	0	0	0	0	0	0	0,0000	0,0000	105,6841
2022-03-21	02:42:00		60	0	0	0	0	0	0	0	0	0	0	0	0	0	0	0	0	0	0	0	0	0,0000	0,0000	105,6841
2022-03-21	02:43:00		60	0	0	0	0	0	0	0	0	0	0	0	0	0	0	0	0	0	0	0	0	0,0000	0,0000	105,6841
2022-03-21	02:44:00		60	0	0	0	0	0	0	0	0	0	0	0	0	0	0	0	0	0	0	0	0	0,0000	0,0000	105,6841
2022-03-21	02:45:00		60	1	0	0	1	1	2	2	0	0	0	0	0	0	0	0	0	0	0	0	0	0,0320	0,0005	105,6846
2022-03-21	02:46:00		60	1	1	0	0	4	16	15	3	0	0	0	0	0	0	0	0	0	0	0	0	0,2644	0,0044	105,6890
2022-03-21	02:47:00		60	3	3	1	10	15	59	63	3	0	0	0	0	0	0	0	0	0	0	0	0	0,9414	0,0157	105,7047
2022-03-21	02:48:00		60	2	1	6	40	44	93	35	1	0	0	0	0	0	0	0	0	0	0	0	0	0,9703	0,0162	105,7209
2022-03-21	02:49:00		60	4	6	19	61	48	66	45	3	0	0	0	0	0	0	0	0	0	0	0	0	1,0241	0,0171	105,7379
2022-03-21	02:50:00		60	4	9	58	75	39	84	118	16	0	0	0	0	0	0	0	0	0	0	0	0	1,9820	0,0330	105,7710
2022-03-21	02:51:00		60	8	42	74	69	40	102	87	7	0	0	0	0	0	0	0	0	0	0	0	0	1,6938	0,0282	105,7992
2022-03-21	02:52:00		60	10	47	86	78	37	60	65	4	0	0	0	0	0	0	0	0	0	0	0	0	1,2798	0,0213	105,8205
2022-03-21	02:53:00		60	19	78	85	104	51	69	34	1	0	0	0	0	0	0	0	0	0	0	0	0	1,1141	0,0186	105,8391
2022-03-21	02:54:00		60	78	60	84	93	40	39	17	0	0	0	0	0	0	0	0	0	0	0	0	0	0,7616	0,0127	105,8518
2022-03-21	02:55:00		60	66	57	79	78	46	24	20	0	0	0	0	0	0	0	0	0	0	0	0	0	0,6962	0,0116	105,8634
2022-03-21	02:56:00		60	90	75	53	86	35	35	15	0	0	0	0	0	0	0	0	0	0	0	0	0	0,6780	0,0113	105,8747
2022-03-21	02:57:00		60	92	37	54	84	36	39	17	0	0	0	0	0	0	0	0	0	0	0	0	0	0,6930	0,0116	105,8862
2022-03-21	02:58:00		60	97	33	78	79	31	30	12	0	0	0	0	0	0	0	0	0	0	0	0	0	0,6074	0,0101	105,8964
2022-03-21	02:59:00		60	111	21	88	55	31	13	4	0	0	0	0	0	0	0	0	0	0	0	0	0	0,4211	0,0070	105,9034
2022-03-21	03:00:00		60	94	18	102	68	25	9	8	0	0	0	0	0	0	0	0	0	0	0	0	0	0,4507	0,0075	105,9109
2022-03-21	03:01:00		60	78	43	71	81	17	2	17	6	2	0	1	0	0	0	0	0	0	0	0	0	0,6491	0,0108	105,9217
2022-03-21	03:02:00		60	63	51	104	85	13	29	135	47	11	3	0	0	0	0	0	0	0	0	0	0	2,6831	0,0447	105,9664
2022-03-21	03:03:00		60	50	65	73	38	24	83	314	44	5	0	0	0	0	0	0	0	0	0	0	0	4,1645	0,0694	106,0358
2022-03-21	03:04:00		60	63	91	60	39	37	138	273	14	0	0	0	0	0	0	0	0	0	0	0	0	3,5624	0,0594	106,0952
2022-03-21	03:05:00		60	71	79	28	30	52	151	199	0	0	0	0	0	0	0	0	0	0	0	0	0	2,7597	0,0460	106,1412
2022-03-21	03:06:00		60	78	61	49	30	30	118	68	0	0	0	0	0	0	0	0	0	0	0	0	0	1,4080	0,0235	106,1647
2022-03-21	03:07:00		60	82	80	51	74	56	41	5	0	0	0	0	0	0	0	0	0	0	0	0	0	0,6570	0,0110	106,1756
2022-03-21	03:08:00		60	116	62	75	94	32	8	2	0	0	0	0	0	0	0	0	0	0	0	0	0	0,4639	0,0077	106,1834
2022-03-21	03:09:00		60	115	59	85	145	24	4	0	0	0	0	0	0	0	0	0	0	0	0	0	0	0,5031	0,0084	106,1917
2022-03-21	03:10:00		60	119	62	96	77	1	2	0	0	0	0	0	0	0	0	0	0	0	0	0	0	0,3212	0,0054	106,1971
2022-03-21	03:11:00		60	96	51	117	54	3	0	0	0	0	0	0	0	0	0	0	0	0	0	0	0	0,2855	0,0048	106,2019
2022-03-21	03:12:00		60	106	60	132	78	1	0	0	0	0	0	0	0	0	0	0	0	0	0	0	0	0,3463	0,0058	106,2076
2022-03-21	03:13:00		60	45	68	136	21	1	0	0	0	0	0	0	0	0	0	0	0	0	0	0	0	0,2364	0,0039	106,2116
2022-03-21	03:14:00		60	51	42	8	0	0	0	0	0	0	0	0	0	1	0	0	1	0	0	0	0	0,4362	0,0073	106,2188
2022-03-21	03:15:00		60	79	18	7	0	0	0	0	0	0	0	2	3	0	0	0	0	0	0	0	0	0,3461	0,0058	106,2246
2022-03-21	03:16:00		60	47	2	1	0	0	0	0	0	3	2	3	0	0	0	0	0	0	0	0	0	0,2700	0,0045	106,2291
2022-03-21	03:17:00		60	23	3	5	1	0	1	0	3	1	0	0	0	0	0	0	0	0	0	0	0	0,0862	0,0014	106,2305
2022-03-21	03:18:00		60	21	14	4	1	1	0	2	4	0	2	1	0	0	0	0	0	0	0	0	0	0,2019	0,0034	106,2339
2022-03-21	03:19:00		60	17	25	3	1	0	0	5	6	0	7	4	1	0	0	0	0	0	0	0	0	0,6083	0,0101	106,2440
2022-03-21	03:20:00		60	14	20	0	0	0	1	13	1	7	3	2	0	0	0	0	0	0	0	0	0	0,4741	0,0079	106,2520
2022-03-21	03:21:00		60	33	8	3	0	1	12	4	9	7	1	0	0	0	0	0	0	0	0	0	0	0,4252	0,0071	106,2590
2022-03-21	03:22:00		60	26	2	0	0	5	17	28	14	1	0	0	0	0	0	0	0	0	0	0	0	0,5778	0,0096	106,2687
2022-03-21	03:23:00		60	26	2	0	0	14	22	53	1	0	0	0	0	0	0	0	0	0	0	0	0	0,6319	0,0105	106,2792
2022-03-21	03:24:00		60	3	1	5	6	26	41	66	0	0	0	0	0	0	0	0	0	0	0	0	0	0,8647	0,0144	106,2936
2022-03-21	03:25:00		60	10	1	1	33	46	39	17	0	0	0	0	0	0	0	0	0	0	0	0	0	0,5305	0,0088	106,3025
2022-03-21	03:26:00		60	7	4	2	60	58	33	5	0	0	0	0	0	0	0	0	0	0	0	0	0	0,4814	0,0080	106,3105
2022-03-21	03:27:00		60	7	3	40	97	39	5	1	0	0	0	0	0	0	0	0	0	0	0	0	0	0,3629	0,0060	106,3165
2022-03-21	03:28:00		60	5	7	79	85	9	17	10	0	0	0	0	0	0	0	0	0	0	0	0	0	0,4339	0,0072	106,3238
2022-03-21	03:29:00		60	7	14	118	103	18	10	21	0	0	0	0	0	0	0	0	0	0	0	0	0	0,6001	0,0100	106,3338
2022-03-21	03:30:00		60	11	15	119	102	26	32	48	4	0	0	0	0	0	0	0	0	0	0	0	0	1,0244	0,0171	106,3508
2022-03-21	03:31:00		60	8	51	111	70	40	51	56	3	0	0	0	0	0	0	0	0	0	0	0	0	1,1659	0,0194	106,3703
2022-03-21	03:32:00		60	8	81	128	99	93	68	74	3	0	0	0	0	0	0	0	0	0	0	0	0	1,6441	0,0274	106,3977
2022-03-21	03:33:00		60	24	88	122	155	77	46	62	1	0	0	0	0	0	0	0	0	0	0	0	0	1,4602	0,0243	106,4220
2022-03-21	03:34:00		60	40	101	122	208	75	83	56	2	0	0	0	0	0	0	0	0	0	0	0	0	1,7001	0,0283	106,4503
2022-03-21	03:35:00		60	35	112	126	219	87	51	15	1	0	0	0	0	0	0	0	0	0	0	0	0	1,2376	0,0206	106,4710
2022-03-21	03:36:00		60	50	96	164	166	81	31	21	9	0	0	0	0	0	0	0	0	0	0	0	0	1,2364	0,0206	106,4916
2022-03-21	03:37:00		60	45	130	162	168	65	39	88	16	0	0	0	0	0	0	0	0	0	0	0	0	1,9375	0,0323	106,5239
2022-03-21	03:38:00		60	44	171	140	197	36	58	69	0	0	0	0	0	0	0	0	0	0	0	0	0	1,5942	0,0266	106,5504
2022-03-21	03:39:00		60	56	131	171	164	46	48	29	1	0	0	0	0	0	0	0	0	0	0	0	0	1,1945	0,0199	106,5703
2022-03-21	03:40:00		60	76	105	186	116	58	34	3	0	0	0	0	0	0	0	0	0	0	0	0	0	0,8413	0,0140	106,5844
2022-03-21	03:41:00		60	66	100	195	152	53	11	3	0	0	0	0	0	0	0	0	0	0	0	0	0	0,7844	0,0131	106,5974
2022-03-21	03:42:00		60	91	139	148	179	20	1	0	0	0	0	0	0	0	0	0	0	0	0	0	0	0,6442	0,0107	106,6082
2022-03-21	03:43:00		60	90	132	133	58	6	0	0	0	0	0	0	0	0	0	0	0	0	0	0	0	0,3642	0,0061	106,6142
2022-03-21	03:44:00		60	99	161	100	57	2	0	1	1	0	0	0	0	0	0	0	0	0	0	0	0	0,3596	0,0060	106,6202
2022-03-21	03:45:00		60	105	162	78	12	2	4	6	0	0	0	0	0	0	0	0	0	0	0	0	0	0,3070	0,0051	106,6254
2022-03-21	03:46:00		60	116	129	38	0	4	7	5	0	0	0	0	0	0	0	0	0	0	0	0	0	0,2387	0,0040	106,6293
2022-03-21	03:47:00		60	91	126	14	4	2	18	2	0	0	0	0	0	0	0	0	0	0	0	0	0	0,2321	0,0039	106,6332
2022-03-21	03:48:00		60	106	118	6	1	9	10	3	0	0	0	0	0	0	0	0	0	0	0	0	0	0,2087	0,0035	106,6367
2022-03-21	03:49:00		60	106	104	5	1	6	8	0	0	0	0	0	0	0	0	0	0	0	0	0	0	0,1549	0,0026	106,6393
2022-03-21	03:50:00		60	102	11	0	23	11	1	0	0	0	0	0	0	0	0	0	0	0	0	0	0	0,1134	0,0019	106,6411
2022-03-21	03:51:00		60	83	5	6	23	7	3	0	0	0	0	0	0	0	0	0	0	0	0	0	0	0,1087	0,0018	106,6430
2022-03-21	03:52:00		60	34	2	38	19	7	0	0	0	0	0	0	0	0	0	0	0	0	0	0	0	0,1049	0,0017	106,6447
2022-03-21	03:53:00		60	59	31	67	20	4	3	2	0	0	0	0	0	0	0	0	0	0	0	0	0	0,1847	0,0031	106,6478
2022-03-21	03:54:00		60	28	85	34	24	9	19	23	0	0	0	0	0	0	0	0	0	0	0	0	0	0,4544	0,0076	106,6554
2022-03-21	03:55:00		60	47	90	73	35	11	39	16	0	0	0	0	0	0	0	0	0	0	0	0	0	0,5636	0,0094	106,6648
2022-03-21	03:56:00		60	55	101	72	28	64	25	2	0	0	0	0	0	0	0	0	0	0	0	0	0	0,5224	0,0087	106,6735
2022-03-21	03:57:00		60	123	99	112	51	61	9	0	0	0	0	0	0	0	0	0	0	0	0	0	0	0,5212	0,0087	106,6821
2022-03-21	03:58:00		60	165	134	82	132	17	2	0	0	0	0	0	0	0	0	0	0	0	0	0	0	0,5061	0,0084	106,6906
2022-03-21	03:59:00		60	184	177	101	116	5	1	0	0	0	0	0	0	0	0	0	0	0	0	0	0	0,4893	0,0082	106,6987
2022-03-21	04:00:00		60	182	221	96	45	0	0	0	0	0	0	0	0	0	0	0	0	0	0	0	0	0,3644	0,0061	106,7048
2022-03-21	04:01:00		60	153	174	95	35	3	0	0	0	0	0	0	0	0	0	0	0	0	0	0	0	0,3180	0,0053	106,7101
2022-03-21	04:02:00		60	141	123	87	12	0	1	0	1	0	1	0	0	0	0	0	0	0	0	0	0	0,2751	0,0046	106,7147
2022-03-21	04:03:00		60	132	151	70	5	0	1	0	5	2	1	2	0	0	0	0	0	0	0	0	0	0,4488	0,0075	106,7222
2022-03-21	04:04:00		60	100	144	45	3	2	4	1	14	12	3	1	0	0	0	0	0	0	0	0	0	0,7964	0,0133	106,7355
2022-03-21	04:05:00		60	116	86	10	4	1	6	22	15	6	5	0	0	0	0	0	0	0	0	0	0	0,8219	0,0137	106,7492
2022-03-21	04:06:00		60	91	51	11	4	0	10	30	16	8	1	1	0	0	0	0	0	0	0	0	0	0,8668	0,0144	106,7636
2022-03-21	04:07:00		60	82	16	8	5	3	15	37	15	10	5	3	0	0	0	0	0	0	0	0	0	1,1677	0,0195	106,7831
2022-03-21	04:08:00		60	63	10	5	3	3	8	28	19	11	3	6	5	0	0	0	0	0	0	0	0	1,5565	0,0259	106,8090
2022-03-21	04:09:00		60	24	6	1	5	5	7	25	21	2	6	3	0	0	0	0	0	0	0	0	0	0,9465	0,0158	106,8248
2022-03-21	04:10:00		60	17	6	3	6	3	12	44	24	6	1	0	1	0	0	0	0	0	0	0	0	1,0583	0,0176	106,8424
2022-03-21	04:11:00		60	11	5	2	5	4	27	32	12	0	2	2	0	0	0	0	0	0	0	0	0	0,7608	0,0127	106,8551
2022-03-21	04:12:00		60	10	5	1	7	12	32	37	8	6	9	2	0	0	0	0	0	0	0	0	0	1,1262	0,0188	106,8739
2022-03-21	04:13:00		60	11	6	12	33	18	16	39	32	11	0	3	0	0	0	0	0	0	0	0	0	1,3888	0,0231	106,8970
2022-03-21	04:14:00		60	10	10	38	31	20	33	50	14	10	5	3	0	0	0	0	0	0	0	0	0	1,4546	0,0242	106,9213
2022-03-21	04:15:00		60	13	15	38	26	12	29	56	15	17	4	0	0	0	0	0	0	0	0	0	0	1,4641	0,0244	106,9457
2022-03-21	04:16:00		60	26	43	36	24	16	28	71	41	12	1	5	5	0	0	0	0	0	0	0	0	2,3892	0,0398	106,9855
2022-03-21	04:17:00		60	33	56	17	27	17	52	92	44	9	10	22	5	1	0	0	0	0	0	0	0	3,7814	0,0630	107,0485
2022-03-21	04:18:00		60	29	42	18	16	28	71	87	45	41	15	17	4	0	0	0	0	0	0	0	0	4,2785	0,0713	107,1198
2022-03-21	04:19:00		60	42	28	15	29	21	55	123	47	18	16	14	3	0	0	0	0	0	0	0	0	3,8724	0,0645	107,1843
2022-03-21	04:20:00		60	52	24	22	34	29	69	126	41	19	15	18	7	1	0	0	0	0	0	0	0	4,4828	0,0747	107,2591
2022-03-21	04:21:00		60	70	26	12	35	24	69	120	44	26	17	17	3	1	2	0	0	0	0	0	0	4,6294	0,0772	107,3362
2022-03-21	04:22:00		60	50	26	19	42	31	54	90	42	15	14	15	2	1	0	0	0	0	0	0	0	3,5201	0,0587	107,3949
2022-03-21	04:23:00		60	35	20	17	41	25	35	67	29	17	14	16	5	0	0	1	0	0	0	0	0	3,4079	0,0568	107,4517
2022-03-21	04:24:00		60	37	26	32	42	22	51	60	32	16	17	14	5	0	1	0	0	0	0	0	0	3,4014	0,0567	107,5084
2022-03-21	04:25:00		60	39	22	33	30	29	38	53	30	19	9	11	2	0	0	0	0	0	0	0	0	2,5815	0,0430	107,5514
2022-03-21	04:26:00		60	26	26	37	22	25	24	49	37	19	9	11	5	0	1	0	0	0	0	0	0	2,9261	0,0488	107,6002
2022-03-21	04:27:00		60	44	34	24	36	19	40	53	25	10	4	14	3	1	0	0	0	0	0	0	0	2,4724	0,0412	107,6414
2022-03-21	04:28:00		60	38	36	27	21	20	35	37	34	15	24	27	7	0	1	0	0	0	0	0	0	4,0089	0,0668	107,7082
2022-03-21	04:29:00		60	34	30	22	26	15	27	34	28	15	16	15	3	1	0	0	0	0	0	0	0	2,7514	0,0459	107,7540
2022-03-21	04:30:00		60	46	20	15	20	17	22	37	23	10	11	19	7	0	0	0	0	0	0	0	0	2,7696	0,0462	107,8002
2022-03-21	04:31:00		60	55	22	17	21	9	32	53	36	16	8	14	7	0	0	0	0	0	0	0	0	2,9565	0,0493	107,8495
2022-03-21	04:32:00		60	46	24	18	22	13	23	29	34	13	22	13	1	0	0	0	0	0	0	0	0	2,5503	0,0425	107,8920
2022-03-21	04:33:00		60	21	28	16	16	8	22	49	28	28	12	9	3	0	0	0	0	0	0	0	0	2,6004	0,0433	107,9353
2022-03-21	04:34:00		60	28	17	23	23	13	17	45	19	10	10	1	1	0	0	0	0	0	0	0	0	1,4974	0,0250	107,9603
2022-03-21	04:35:00		60	29	30	19	23	19	34	50	27	7	6	4	4	1	0	0	0	0	0	0	0	2,0390	0,0340	107,9943
2022-03-21	04:36:00		60	91	32	21	24	12	39	48	20	15	11	31	22	1	1	0	0	0	0	0	0	4,8993	0,0817	108,0759
2022-03-21	04:37:00		60	50	19	26	28	23	37	40	34	18	18	56	6	0	0	0	0	0	0	0	0	5,0013	0,0834	108,1593
2022-03-21	04:38:00		60	47	17	14	35	19	26	54	40	32	35	27	6	0	0	0	0	0	0	0	0	4,6660	0,0778	108,2370
2022-03-21	04:39:00		60	33	22	17	29	18	48	157	86	24	21	17	2	0	0	0	0	0	0	0	0	5,0341	0,0839	108,3209
2022-03-21	04:40:00		60	24	19	19	31	24	83	221	58	18	12	10	1	0	0	0	0	0	0	0	0	4,5944	0,0766	108,3975
2022-03-21	04:41:00		60	26	26	23	32	45	151	127	36	13	5	4	3	0	0	0	0	0	0	0	0	3,4150	0,0569	108,4544
2022-03-21	04:42:00		60	59	38	36	63	75	95	66	24	25	11	20	16	2	0	0	0	0	0	0	0	4,9011	0,0817	108,5361
2022-03-21	04:43:00		60	47	29	29	109	60	46	69	34	26	56	71	16	3	0	0	0	0	0	0	0	8,5381	0,1423	108,6784
2022-03-21	04:44:00		60	43	31	34	74	43	48	81	139	112	113	90	26	4	1	1	0	0	0	0	0	15,6221	0,2604	108,9388
2022-03-21	04:45:00		60	31	20	43	43	40	39	159	208	114	112	102	46	6	0	0	0	0	0	0	0	19,0709	0,3178	109,2566
2022-03-21	04:46:00		60	18	33	45	53	43	50	243	167	109	90	78	28	1	0	0	0	0	0	0	0	15,6369	0,2606	109,5172
2022-03-21	04:47:00		60	23	26	57	46	22	69	247	196	120	66	43	10	2	0	0	0	0	0	0	0	12,9369	0,2156	109,7329
2022-03-21	04:48:00		60	29	34	30	33	30	93	272	192	81	49	25	9	2	0	0	0	0	0	0	0	10,9958	0,1833	109,9161
2022-03-21	04:49:00		60	42	50	53	38	44	95	257	143	37	25	27	18	4	0	1	0	0	0	0	0	9,7567	0,1626	110,0787
2022-03-21	04:50:00		60	30	45	44	49	35	99	297	76	37	22	39	5	1	0	0	0	0	0	0	0	8,0779	0,1346	110,2134
2022-03-21	04:51:00		60	21	58	50	63	37	131	211	71	44	27	21	4	0	0	0	0	0	0	0	0	6,7716	0,1129	110,3262
2022-03-21	04:52:00		60	34	56	56	68	71	106	179	68	30	17	16	1	0	0	0	0	0	0	0	0	5,4165	0,0903	110,4165
2022-03-21	04:53:00		60	43	58	65	61	38	77	139	80	32	22	30	5	1	0	0	0	0	0	0	0	6,2130	0,1036	110,5201
2022-03-21	04:54:00		60	31	52	52	75	46	72	177	110	52	37	22	5	0	0	0	0	0	0	0	0	7,3971	0,1233	110,6433
2022-03-21	04:55:00		60	51	54	49	63	51	65	137	96	43	18	33	9	0	0	0	0	0	0	0	0	6,8325	0,1139	110,7572
2022-03-21	04:56:00		60	52	45	39	54	37	58	179	170	87	60	59	66	18	4	0	0	0	0	0	0	18,1680	0,3028	111,0600
2022-03-21	04:57:00		60	18	19	55	60	43	91	194	188	103	73	118	33	3	0	0	0	0	0	0	0	17,4446	0,2907	111,3508
2022-03-21	04:58:00		60	27	47	43	69	49	89	180	186	95	79	91	48	5	1	0	0	0	0	0	0	17,5912	0,2932	111,6439
2022-03-21	04:59:00		60	14	44	50	73	44	110	251	186	98	95	87	14	0	0	0	0	0	0	0	0	15,5058	0,2584	111,9024
2022-03-21	05:00:00		60	32	61	74	84	46	105	315	175	60	58	44	9	0	0	0	0	0	0	0	0	11,8044	0,1967	112,0991
2022-03-21	05:01:00		60	50	45	65	69	64	116	205	95	37	21	15	11	3	0	0	0	0	0	0	0	7,3525	0,1225	112,2217
2022-03-21	05:02:00		60	32	74	59	51	44	93	145	61	23	21	16	1	0	0	0	0	0	0	0	0	4,8248	0,0804	112,3021
2022-03-21	05:03:00		60	37	65	54	63	35	81	149	52	18	13	6	0	0	0	0	0	0	0	0	0	3,8043	0,0634	112,3655
2022-03-21	05:04:00		60	22	56	59	45	27	88	132	60	31	17	6	0	0	0	0	0	0	0	0	0	4,1435	0,0691	112,4345
2022-03-21	05:05:00		60	28	45	51	64	53	77	128	76	28	12	16	0	0	0	0	0	0	0	0	0	4,6182	0,0770	112,5115
2022-03-21	05:06:00		60	28	54	35	42	51	50	141	70	24	19	7	1	1	0	0	0	0	0	0	0	4,3602	0,0727	112,5842
2022-03-21	05:07:00		60	51	39	35	60	51	67	125	74	18	7	5	3	0	0	0	0	0	0	0	0	3,8626	0,0644	112,6486
2022-03-21	05:08:00		60	38	41	48	61	43	71	109	54	14	9	20	4	0	0	0	0	0	0	0	0	4,1388	0,0690	112,7175
2022-03-21	05:09:00		60	38	35	36	74	52	78	116	55	33	18	26	0	0	0	0	0	0	0	0	0	4,9236	0,0821	112,7996
2022-03-21	05:10:00		60	43	44	45	66	46	64	121	56	25	17	5	3	1	0	1	0	0	0	0	0	4,3081	0,0718	112,8714
2022-03-21	05:11:00		60	45	43	58	56	38	68	87	45	15	12	25	9	2	1	0	1	0	0	0	0	5,1245	0,0854	112,9568
2022-03-21	05:12:00		60	41	38	32	58	47	63	130	59	43	24	28	4	2	0	2	0	0	0	0	0	6,3831	0,1064	113,0632
2022-03-21	05:13:00		60	49	33	47	57	32	62	132	61	28	15	19	7	0	0	0	0	0	0	0	0	5,0068	0,0834	113,1466
2022-03-21	05:14:00		60	25	42	41	50	28	70	157	81	24	24	27	0	0	0	0	0	0	0	0	0	5,5473	0,0925	113,2391
2022-03-21	05:15:00		60	20	40	32	55	40	90	163	59	40	30	23	2	0	0	0	0	0	0	0	0	5,8873	0,0981	113,3372
2022-03-21	05:16:00		60	28	33	35	45	25	78	152	104	36	20	10	0	0	0	0	0	0	0	0	0	5,2493	0,0875	113,4247
2022-03-21	05:17:00		60	26	47	48	58	61	82	162	65	17	8	7	0	0	0	0	0	0	0	0	0	4,0385	0,0673	113,4920
2022-03-21	05:18:00		60	22	44	54	62	77	98	225	119	50	23	23	1	0	0	0	0	0	0	0	0	7,4402	0,1240	113,6160
2022-03-21	05:19:00		60	28	38	43	62	48	104	216	89	34	26	15	0	1	0	0	0	0	0	0	0	6,2772	0,1046	113,7206
2022-03-21	05:20:00		60	25	38	43	65	45	92	168	70	23	24	14	2	1	0	0	0	0	0	0	0	5,3218	0,0887	113,8093
2022-03-21	05:21:00		60	44	47	45	107	72	77	106	46	16	16	10	3	0	0	0	0	0	0	0	0	3,9243	0,0654	113,8747
2022-03-21	05:22:00		60	46	50	57	106	53	50	69	45	28	12	22	6	1	0	0	0	0	0	0	0	4,4100	0,0735	113,9482
2022-03-21	05:23:00		60	51	49	74	69	46	53	72	37	26	13	19	2	1	0	0	0	0	0	0	0	3,8296	0,0638	114,0121
2022-03-21	05:24:00		60	43	50	59	51	21	47	49	46	21	17	17	3	1	0	0	0	0	0	0	0	3,6052	0,0601	114,0721
2022-03-21	05:25:00		60	55	42	31	29	16	29	83	61	49	26	33	20	4	2	0	0	0	0	0	0	7,3722	0,1229	114,1950
2022-03-21	05:26:00		60	33	57	40	40	21	68	375	127	50	42	37	16	4	1	0	0	0	0	0	0	11,3555	0,1893	114,3843
2022-03-21	05:27:00		60	33	42	38	38	35	177	339	67	42	27	36	10	2	0	1	0	0	0	0	0	9,4542	0,1576	114,5418
2022-03-21	05:28:00		60	58	50	68	78	58	96	109	51	26	26	18	9	0	1	0	0	0	0	0	0	5,4927	0,0915	114,6334
2022-03-21	05:29:00		60	49	76	127	133	37	49	62	52	16	19	14	6	3	0	0	0	0	0	0	0	4,3504	0,0725	114,7059
2022-03-21	05:30:00		60	56	117	163	88	36	32	52	35	23	7	19	6	2	1	0	0	0	0	0	0	3,9731	0,0662	114,7721
2022-03-21	05:31:00		60	56	136	84	41	23	29	71	37	20	15	12	6	0	0	0	0	0	0	0	0	3,4568	0,0576	114,8297
2022-03-21	05:32:00		60	56	113	36	34	14	46	62	27	17	11	15	5	2	0	0	0	0	0	0	0	3,3047	0,0551	114,8848
2022-03-21	05:33:00		60	77	91	36	24	14	36	35	24	11	9	16	7	2	0	0	0	0	0	0	0	2,9540	0,0492	114,9340
2022-03-21	05:34:00		60	70	45	26	28	26	26	36	25	8	8	12	7	2	1	0	0	0	0	0	0	2,8109	0,0468	114,9809
2022-03-21	05:35:00		60	67	26	23	33	24	25	27	22	17	6	7	13	0	1	0	0	0	0	0	0	2,8042	0,0467	115,0276
2022-03-21	05:36:00		60	53	37	23	21	16	20	41	34	13	12	20	3	5	1	0	0	0	0	0	0	3,5153	0,0586	115,0862
2022-03-21	05:37:00		60	68	34	14	18	26	22	32	21	16	6	15	5	2	0	0	0	0	0	0	0	2,6123	0,0435	115,1298
2022-03-21	05:38:00		60	40	25	23	17	15	25	46	23	16	18	10	4	0	0	0	0	0	0	0	0	2,5803	0,0430	115,1728
2022-03-21	05:39:00		60	40	16	18	14	18	33	38	24	10	8	8	1	0	0	0	0	0	0	0	0	1,8323	0,0305	115,2033
2022-03-21	05:40:00		60	27	20	14	26	19	17	35	22	9	8	13	3	0	0	0	0	0	0	0	0	2,0615	0,0344	115,2377
2022-03-21	05:41:00		60	23	11	13	19	23	23	21	15	8	4	8	1	0	0	0	0	0	0	0	0	1,3539	0,0226	115,2602
2022-03-21	05:42:00		60	21	24	18	24	12	22	12	8	3	2	3	0	0	0	0	0	0	0	0	0	0,6990	0,0117	115,2719
2022-03-21	05:43:00		60	31	22	18	17	11	18	12	17	4	10	12	4	2	0	0	0	0	0	0	0	1,9549	0,0326	115,3045
2022-03-21	05:44:00		60	42	20	15	21	7	15	37	26	11	14	10	5	0	0	0	0	0	0	0	0	2,3207	0,0387	115,3431
2022-03-21	05:45:00		60	41	28	21	16	15	29	44	39	12	12	10	3	0	1	0	0	0	0	0	0	2,6333	0,0439	115,3870
2022-03-21	05:46:00		60	45	22	16	18	13	47	73	28	21	8	11	4	1	2	3	1	0	0	0	0	4,1463	0,0691	115,4561
2022-03-21	05:47:00		60	38	22	25	24	26	88	116	29	22	9	15	6	4	0	0	0	0	0	0	0	4,2914	0,0715	115,5276
2022-03-21	05:48:00		60	38	24	41	51	44	98	68	25	20	18	26	11	1	0	0	0	0	0	0	0	4,7167	0,0786	115,6063
2022-03-21	05:49:00		60	29	21	37	73	40	57	130	69	52	35	28	4	0	0	0	0	0	0	0	0	6,3850	0,1064	115,7127
2022-03-21	05:50:00		60	31	45	63	37	33	63	113	90	37	28	28	9	1	0	1	0	0	0	0	0	6,6856	0,1114	115,8241
2022-03-21	05:51:00		60	33	42	108	46	35	98	263	70	18	14	18	4	1	0	1	0	0	0	0	0	6,3194	0,1053	115,9294
2022-03-21	05:52:00		60	37	84	84	53	45	238	159	20	8	3	10	4	1	0	0	0	0	0	0	0	4,2913	0,0715	116,0009
2022-03-21	05:53:00		60	39	64	56	46	72	156	96	18	9	12	10	0	0	0	0	0	0	0	0	0	3,2284	0,0538	116,0548
2022-03-21	05:54:00		60	28	61	28	47	52	121	54	11	7	7	4	1	1	0	0	0	0	0	0	0	2,2297	0,0372	116,0919
2022-03-21	05:55:00		60	42	37	29	37	46	62	38	14	5	4	5	0	0	0	0	0	0	0	0	0	1,5413	0,0257	116,1176
2022-03-21	05:56:00		60	34	57	39	83	30	49	23	8	7	4	1	0	0	0	0	0	0	0	0	0	1,1821	0,0197	116,1373
2022-03-21	05:57:00		60	21	39	32	87	27	41	35	10	4	2	2	0	0	0	0	0	0	0	0	0	1,1764	0,0196	116,1569
2022-03-21	05:58:00		60	33	42	42	74	28	31	25	11	3	2	5	3	0	0	0	0	0	0	0	0	1,3793	0,0230	116,1799
2022-03-21	05:59:00		60	44	49	37	59	14	22	39	16	9	6	2	0	0	0	0	0	0	0	0	0	1,3635	0,0227	116,2026
2022-03-21	06:00:00		60	32	50	33	45	23	28	35	19	8	2	1	0	0	0	0	0	0	0	0	0	1,2143	0,0202	116,2229
2022-03-21	06:01:00		60	25	42	27	24	22	39	47	12	1	0	0	0	0	0	0	0	0	0	0	0	0,9626	0,0160	116,2389
2022-03-21	06:02:00		60	23	24	17	28	26	44	40	5	0	0	0	0	0	0	0	0	0	0	0	0	0,7971	0,0133	116,2522
2022-03-21	06:03:00		60	29	20	14	32	34	31	25	7	0	0	0	0	0	0	0	0	0	0	0	0	0,6599	0,0110	116,2632
2022-03-21	06:04:00		60	21	12	27	47	23	36	20	0	0	0	0	0	0	0	0	0	0	0	0	0	0,5380	0,0090	116,2722
2022-03-21	06:05:00		60	11	27	29	29	18	32	13	0	0	0	0	0	0	0	0	0	0	0	0	0	0,4195	0,0070	116,2791
2022-03-21	06:06:00		60	13	32	29	34	20	24	6	0	0	0	0	0	0	0	0	0	0	0	0	0	0,3383	0,0056	116,2848
2022-03-21	06:07:00		60	16	18	23	25	14	20	3	1	0	0	0	0	0	0	0	0	0	0	0	0	0,2608	0,0043	116,2891
2022-03-21	06:08:00		60	20	20	21	20	17	20	5	0	0	0	0	0	0	0	0	0	0	0	0	0	0,2635	0,0044	116,2935
2022-03-21	06:09:00		60	12	30	27	26	14	18	2	0	0	0	0	0	0	0	0	0	0	0	0	0	0,2396	0,0040	116,2975
2022-03-21	06:10:00		60	19	28	20	26	24	14	0	0	0	0	0	0	0	0	0	0	0	0	0	0	0,2253	0,0038	116,3013
2022-03-21	06:11:00		60	23	36	11	31	7	1	1	0	0	0	0	0	0	0	0	0	0	0	0	0	0,1282	0,0021	116,3034
2022-03-21	06:12:00		60	24	28	23	57	9	0	0	0	0	0	0	0	0	0	0	0	0	0	0	0	0,1747	0,0029	116,3063
2022-03-21	06:13:00		60	23	22	38	36	10	5	1	0	0	0	0	0	0	0	0	0	0	0	0	0	0,1849	0,0031	116,3094
2022-03-21	06:14:00		60	24	35	31	27	17	3	0	0	0	0	0	0	0	0	0	0	0	0	0	0	0,1715	0,0029	116,3123
2022-03-21	06:15:00		60	26	33	31	45	14	3	1	0	0	0	0	0	0	0	0	0	0	0	0	0	0,2029	0,0034	116,3156
2022-03-21	06:16:00		60	30	44	45	42	3	10	0	0	0	0	0	0	0	0	0	0	0	0	0	0	0,2130	0,0036	116,3192
2022-03-21	06:17:00		60	33	44	37	32	5	0	0	0	0	0	0	0	0	0	0	0	0	0	0	0	0,1457	0,0024	116,3216
2022-03-21	06:18:00		60	34	49	36	46	3	1	0	0	0	0	0	0	0	0	0	0	0	0	0	0	0,1717	0,0029	116,3245
2022-03-21	06:19:00		60	32	54	53	41	0	0	0	0	0	0	0	0	0	0	0	0	0	0	0	0	0,1697	0,0028	116,3273
2022-03-21	06:20:00		60	42	107	70	14	0	0	0	0	0	0	0	0	0	0	0	0	0	0	0	0	0,1739	0,0029	116,3302
2022-03-21	06:21:00		60	53	79	49	1	0	0	0	0	0	0	0	0	0	0	0	0	0	0	0	0	0,1154	0,0019	116,3321
2022-03-21	06:22:00		60	41	71	43	1	0	0	0	0	0	0	0	0	0	0	0	0	0	0	0	0	0,1009	0,0017	116,3338
2022-03-21	06:23:00		60	35	73	26	1	0	0	0	0	0	0	0	0	0	0	0	0	0	0	0	0	0,0825	0,0014	116,3352
2022-03-21	06:24:00		60	28	72	34	1	0	0	0	0	0	0	0	0	0	0	0	0	0	0	0	0	0,0883	0,0015	116,3367
2022-03-21	06:25:00		60	34	57	10	0	0	0	0	0	0	0	0	0	0	0	0	0	0	0	0	0	0,0541	0,0009	116,3376
2022-03-21	06:26:00		60	45	47	2	0	0	0	0	0	0	0	0	0	0	0	0	0	0	0	0	0	0,0430	0,0007	116,3383
2022-03-21	06:27:00		60	43	37	0	0	0	4	1	0	0	0	0	0	0	0	0	0	0	0	0	0	0,0623	0,0010	116,3393
2022-03-21	06:28:00		60	37	31	0	0	3	3	1	0	0	0	0	0	0	0	0	0	0	0	0	0	0,0608	0,0010	116,3403
2022-03-21	06:29:00		60	42	17	1	3	29	3	0	0	0	0	0	0	0	0	0	0	0	0	0	0	0,1265	0,0021	116,3424
2022-03-21	06:30:00		60	43	6	0	14	21	0	0	0	0	0	0	0	0	0	0	0	0	0	0	0	0,1014	0,0017	116,3441
2022-03-21	06:31:00		60	50	0	2	17	0	0	0	0	0	0	0	0	0	0	0	0	0	0	0	0	0,0468	0,0008	116,3449
2022-03-21	06:32:00		60	36	0	0	0	0	0	0	0	0	0	0	0	0	0	0	0	0	0	0	0	0,0105	0,0002	116,3451
2022-03-21	06:33:00		60	28	0	0	0	0	0	0	0	0	0	0	0	0	0	0	0	0	0	0	0	0,0081	0,0001	116,3452
2022-03-21	06:34:00		60	18	0	1	0	0	0	0	0	0	0	0	0	0	0	0	0	0	0	0	0	0,0063	0,0001	116,3453
2022-03-21	06:35:00		60	13	0	1	0	0	0	0	0	0	0	0	0	0	0	0	0	0	0	0	0	0,0048	0,0001	116,3454
2022-03-21	06:36:00		60	4	0	0	0	0	0	0	0	0	0	0	0	0	0	0	0	0	0	0	0	0,0012	0,0000	116,3454
2022-03-21	06:37:00		60	4	0	0	0	0	0	0	0	0	0	0	0	0	0	0	0	0	0	0	0	0,0012	0,0000	116,3454
2022-03-21	06:38:00		60	8	0	0	0	0	0	0	0	0	0	0	0	0	0	0	0	0	0	0	0	0,0023	0,0000	116,3455
2022-03-21	06:39:00		60	0	0	0	0	0	0	0	0	0	0	0	0	0	0	0	0	0	0	0	0	0,0000	0,0000	116,3455
2022-03-21	06:40:00		60	5	0	0	0	0	0	0	0	0	0	0	0	0	0	0	0	0	0	0	0	0,0015	0,0000	116,3455
2022-03-21	06:41:00		60	0	0	0	0	0	0	0	0	0	0	0	0	0	0	0	0	0	0	0	0	0,0000	0,0000	116,3455
2022-03-21	06:42:00		60	0	0	0	0	0	0	0	0	0	0	0	0	0	0	0	0	0	0	0	0	0,0000	0,0000	116,3455
2022-03-21	06:43:00		60	0	0	0	0	0	0	0	0	0	0	0	0	0	0	0	0	0	0	0	0	0,0000	0,0000	116,3455
2022-03-21	06:44:00		60	0	0	0	0	0	0	0	0	0	0	0	0	0	0	0	0	0	0	0	0	0,0000	0,0000	116,3455
2022-03-21	06:45:00		60	6	0	0	0	0	0	0	0	0	0	0	0	0	0	0	0	0	0	0	0	0,0017	0,0000	116,3455
2022-03-21	06:46:00		60	0	0	0	0	0	0	0	0	0	0	0	0	0	0	0	0	0	0	0	0	0,0000	0,0000	116,3455
2022-03-21	06:47:00		60	5	0	0	0	0	0	0	0	0	0	0	0	0	0	0	0	0	0	0	0	0,0015	0,0000	116,3456
2022-03-21	06:48:00		60	0	0	0	0	0	0	0	0	0	0	0	0	0	0	0	0	0	0	0	0	0,0000	0,0000	116,3456
2022-03-21	06:49:00		60	4	0	0	0	0	0	0	0	0	0	0	0	0	0	0	0	0	0	0	0	0,0012	0,0000	116,3456
2022-03-21	06:50:00		60	7	0	0	0	0	0	0	0	0	0	0	0	0	0	0	0	0	0	0	0	0,0020	0,0000	116,3456
2022-03-21	06:51:00		60	0	0	0	0	0	0	0	0	0	0	0	0	0	0	0	0	0	0	0	0	0,0000	0,0000	116,3456
2022-03-21	06:52:00		60	7	0	0	0	0	0	0	0	0	0	0	0	0	0	0	0	0	0	0	0	0,0020	0,0000	116,3456
2022-03-21	06:53:00		60	6	0	0	0	0	0	0	0	0	0	0	0	0	0	0	0	0	0	0	0	0,0017	0,0000	116,3457
2022-03-21	06:54:00		60	0	0	0	0	0	0	0	0	0	0	0	0	0	0	0	0	0	0	0	0	0,0000	0,0000	116,3457
2022-03-21	06:55:00		60	0	0	0	0	0	0	0	0	0	0	0	0	0	0	0	0	0	0	0	0	0,0000	0,0000	116,3457
2022-03-21	06:56:00		60	0	0	0	0	0	0	0	0	0	0	0	0	0	0	0	0	0	0	0	0	0,0000	0,0000	116,3457
2022-03-21	06:57:00		60	4	0	0	0	0	0	0	0	0	0	0	0	0	0	0	0	0	0	0	0	0,0012	0,0000	116,3457
2022-03-21	06:58:00		60	6	0	0	0	0	0	0	0	0	0	0	0	0	0	0	0	0	0	0	0	0,0017	0,0000	116,3457
2022-03-21	06:59:00		60	33	0	0	0	0	0	0	0	0	0	0	0	0	0	0	0	0	0	0	0	0,0096	0,0002	116,3459
2022-03-21	07:00:00		60	16	0	0	0	0	0	0	0	0	0	0	0	0	0	0	0	0	0	0	0	0,0047	0,0001	116,3460
2022-03-21	07:01:00		60	0	0	0	0	0	0	0	0	0	0	0	0	0	0	0	0	0	0	0	0	0,0000	0,0000	116,3460
2022-03-21	07:02:00		60	4	0	0	0	0	0	0	0	0	0	0	0	0	0	0	0	0	0	0	0	0,0012	0,0000	116,3460
2022-03-21	07:03:00		60	0	0	0	0	0	0	0	0	0	0	0	0	0	0	0	0	0	0	0	0	0,0000	0,0000	116,3460
2022-03-21	07:04:00		60	0	0	0	0	0	0	0	0	0	0	0	0	0	0	0	0	0	0	0	0	0,0000	0,0000	116,3460
2022-03-21	07:05:00		60	0	0	0	0	0	0	0	0	0	0	0	0	0	0	0	0	0	0	0	0	0,0000	0,0000	116,3460
2022-03-21	07:06:00		60	8	0	0	0	0	0	0	0	0	0	0	0	0	0	0	0	0	0	0	0	0,0023	0,0000	116,3460
2022-03-21	07:07:00		60	6	0	0	0	0	0	0	0	0	0	0	0	0	0	0	0	0	0	0	0	0,0017	0,0000	116,3460
2022-03-21	07:08:00		60	0	0	0	0	0	0	0	0	0	0	0	0	0	0	0	0	0	0	0	0	0,0000	0,0000	116,3460
2022-03-21	07:09:00		60	8	0	0	0	0	0	0	0	0	0	0	0	0	0	0	0	0	0	0	0	0,0023	0,0000	116,3461
2022-03-21	07:10:00		60	0	0	0	0	0	0	0	0	0	0	0	0	0	0	0	0	0	0	0	0	0,0000	0,0000	116,3461
2022-03-21	07:11:00		60	0	0	0	0	0	0	0	0	0	0	0	0	0	0	0	0	0	0	0	0	0,0000	0,0000	116,3461
2022-03-21	07:12:00		60	0	0	0	0	0	0	0	0	0	0	0	0	0	0	0	0	0	0	0	0	0,0000	0,0000	116,3461
2022-03-21	07:13:00		60	4	0	0	0	0	0	0	0	0	0	0	0	0	0	0	0	0	0	0	0	0,0012	0,0000	116,3461
2022-03-21	07:14:00		60	0	0	0	0	0	0	0	0	0	0	0	0	0	0	0	0	0	0	0	0	0,0000	0,0000	116,3461
2022-03-21	07:15:00		60	0	0	0	0	0	0	0	0	0	0	0	0	0	0	0	0	0	0	0	0	0,0000	0,0000	116,3461
2022-03-21	07:16:00		60	0	0	0	0	0	0	0	0	0	0	0	0	0	0	0	0	0	0	0	0	0,0000	0,0000	116,3461
2022-03-21	07:17:00		60	4	0	0	0	0	0	0	0	0	0	0	0	0	0	0	0	0	0	0	0	0,0012	0,0000	116,3461
2022-03-21	07:18:00		60	7	0	0	0	0	0	0	0	0	0	0	0	0	0	0	0	0	0	0	0	0,0020	0,0000	116,3462
2022-03-21	07:19:00		60	6	0	0	0	0	0	0	0	0	0	0	0	0	0	0	0	0	0	0	0	0,0017	0,0000	116,3462
2022-03-21	07:20:00		60	5	0	0	0	0	0	0	0	0	0	0	0	0	0	0	0	0	0	0	0	0,0015	0,0000	116,3462
2022-03-21	07:21:00		60	4	0	0	0	0	0	0	0	0	0	0	0	0	0	0	0	0	0	0	0	0,0012	0,0000	116,3462
2022-03-21	07:22:00		60	5	0	0	0	0	0	0	0	0	0	0	0	0	0	0	0	0	0	0	0	0,0015	0,0000	116,3463
2022-03-21	07:23:00		60	0	0	0	0	0	0	0	0	0	0	0	0	0	0	0	0	0	0	0	0	0,0000	0,0000	116,3463
2022-03-21	07:24:00		60	6	0	0	0	0	0	0	0	0	0	0	0	0	0	0	0	0	0	0	0	0,0017	0,0000	116,3463
2022-03-21	07:25:00		60	5	0	0	0	0	0	0	0	0	0	0	0	0	0	0	0	0	0	0	0	0,0015	0,0000	116,3463
2022-03-21	07:26:00		60	4	0	0	0	0	0	0	0	0	0	0	0	0	0	0	0	0	0	0	0	0,0012	0,0000	116,3463
2022-03-21	07:27:00		60	4	0	0	0	0	0	0	0	0	0	0	0	0	0	0	0	0	0	0	0	0,0012	0,0000	116,3463
2022-03-21	07:28:00		60	6	0	0	0	0	0	0	0	0	0	0	0	0	0	0	0	0	0	0	0	0,0017	0,0000	116,3464
2022-03-21	07:29:00		60	4	0	0	0	0	0	0	0	0	0	0	0	0	0	0	0	0	0	0	0	0,0012	0,0000	116,3464
2022-03-21	07:30:00		60	0	0	0	0	0	0	0	0	0	0	0	0	0	0	0	0	0	0	0	0	0,0000	0,0000	116,3464
2022-03-21	07:31:00		60	0	0	0	0	0	0	0	0	0	0	0	0	0	0	0	0	0	0	0	0	0,0000	0,0000	116,3464
2022-03-21	07:32:00		60	4	0	0	0	0	0	0	0	0	0	0	0	0	0	0	0	0	0	0	0	0,0012	0,0000	116,3464
2022-03-21	07:33:00		60	0	0	0	0	0	0	0	0	0	0	0	0	0	0	0	0	0	0	0	0	0,0000	0,0000	116,3464
2022-03-21	07:34:00		60	0	0	0	0	0	0	0	0	0	0	0	0	0	0	0	0	0	0	0	0	0,0000	0,0000	116,3464
2022-03-21	07:35:00		60	9	0	0	0	0	0	0	0	0	0	0	0	0	0	0	0	0	0	0	0	0,0026	0,0000	116,3465
2022-03-21	07:36:00		60	9	0	0	0	0	0	0	0	0	0	0	0	0	0	0	0	0	0	0	0	0,0026	0,0000	116,3465
2022-03-21	07:37:00		60	0	0	0	0	0	0	0	0	0	0	0	0	0	0	0	0	0	0	0	0	0,0000	0,0000	116,3465
2022-03-21	07:38:00		60	0	0	0	0	0	0	0	0	0	0	0	0	0	0	0	0	0	0	0	0	0,0000	0,0000	116,3465
2022-03-21	07:39:00		60	0	0	0	0	0	0	0	0	0	0	0	0	0	0	0	0	0	0	0	0	0,0000	0,0000	116,3465
2022-03-21	07:40:00		60	0	0	0	0	0	0	0	0	0	0	0	0	0	0	0	0	0	0	0	0	0,0000	0,0000	116,3465
2022-03-21	07:41:00		60	0	0	0	0	0	0	0	0	0	0	0	0	0	0	0	0	0	0	0	0	0,0000	0,0000	116,3465
2022-03-21	07:42:00		60	0	0	0	0	0	0	0	0	0	0	0	0	0	0	0	0	0	0	0	0	0,0000	0,0000	116,3465
2022-03-21	07:43:00		60	0	0	0	0	0	0	0	0	0	0	0	0	0	0	0	0	0	0	0	0	0,0000	0,0000	116,3465
2022-03-21	07:44:00		60	5	0	0	0	0	0	0	0	0	0	0	0	0	0	0	0	0	0	0	0	0,0015	0,0000	116,3465
2022-03-21	07:45:00		60	0	0	0	0	0	0	0	0	0	0	0	0	0	0	0	0	0	0	0	0	0,0000	0,0000	116,3465
2022-03-21	07:46:00		60	4	0	0	0	0	0	0	0	0	0	0	0	0	0	0	0	0	0	0	0	0,0012	0,0000	116,3465
2022-03-21	07:47:00		60	0	0	0	0	0	0	0	0	0	0	0	0	0	0	0	0	0	0	0	0	0,0000	0,0000	116,3465
2022-03-21	07:48:00		60	11	0	0	0	0	0	0	0	0	0	0	0	0	0	0	0	0	0	0	0	0,0032	0,0001	116,3466
2022-03-21	07:49:00		60	7	0	0	0	0	0	0	0	0	0	0	0	0	0	0	0	0	0	0	0	0,0020	0,0000	116,3466
2022-03-21	07:50:00		60	6	0	0	0	0	0	0	0	0	0	0	0	0	0	0	0	0	0	0	0	0,0017	0,0000	116,3467
2022-03-21	07:51:00		60	5	0	0	0	0	0	0	0	0	0	0	0	0	0	0	0	0	0	0	0	0,0015	0,0000	116,3467
2022-03-21	07:52:00		60	0	0	0	0	0	0	0	0	0	0	0	0	0	0	0	0	0	0	0	0	0,0000	0,0000	116,3467
2022-03-21	07:53:00		60	4	0	0	0	0	0	0	0	0	0	0	0	0	0	0	0	0	0	0	0	0,0012	0,0000	116,3467
2022-03-21	07:54:00		60	4	0	0	0	0	0	0	0	0	0	0	0	0	0	0	0	0	0	0	0	0,0012	0,0000	116,3467
2022-03-21	07:55:00		60	4	0	0	0	0	0	0	0	0	0	0	0	0	0	0	0	0	0	0	0	0,0012	0,0000	116,3467
2022-03-21	07:56:00		60	0	0	0	0	0	0	0	0	0	0	0	0	0	0	0	0	0	0	0	0	0,0000	0,0000	116,3467
2022-03-21	07:57:00		60	0	0	0	0	0	0	0	0	0	0	0	0	0	0	0	0	0	0	0	0	0,0000	0,0000	116,3467
2022-03-21	07:58:00		60	0	0	0	0	0	0	0	0	0	0	0	0	0	0	0	0	0	0	0	0	0,0000	0,0000	116,3467
2022-03-21	07:59:00		60	33	0	0	0	0	0	0	0	0	0	0	0	0	0	0	0	0	0	0	0	0,0096	0,0002	116,3469
2022-03-21	08:00:00		60	0	0	0	0	0	0	0	0	0	0	0	0	0	0	0	0	0	0	0	0	0,0000	0,0000	116,3469
2022-03-21	08:01:00		60	0	0	0	0	0	0	0	0	0	0	0	0	0	0	0	0	0	0	0	0	0,0000	0,0000	116,3469
2022-03-21	08:02:00		60	4	0	0	0	0	0	0	0	0	0	0	0	0	0	0	0	0	0	0	0	0,0012	0,0000	116,3469
2022-03-21	08:03:00		60	10	0	0	0	0	0	0	0	0	0	0	0	0	0	0	0	0	0	0	0	0,0029	0,0000	116,3470
2022-03-21	08:04:00		60	22	0	0	0	0	0	0	0	0	0	0	0	0	0	0	0	0	0	0	0	0,0064	0,0001	116,3471
2022-03-21	08:05:00		60	4	0	0	0	0	0	0	0	0	0	0	0	0	0	0	0	0	0	0	0	0,0012	0,0000	116,3471
2022-03-21	08:06:00		60	0	0	0	0	0	0	0	0	0	0	0	0	0	0	0	0	0	0	0	0	0,0000	0,0000	116,3471
2022-03-21	08:07:00		60	0	0	0	0	0	0	0	0	0	0	0	0	0	0	0	0	0	0	0	0	0,0000	0,0000	116,3471
2022-03-21	08:08:00		60	0	0	0	0	0	0	0	0	0	0	0	0	0	0	0	0	0	0	0	0	0,0000	0,0000	116,3471
2022-03-21	08:09:00		60	0	0	0	0	0	0	0	0	0	0	0	0	0	0	0	0	0	0	0	0	0,0000	0,0000	116,3471
2022-03-21	08:10:00		60	0	0	0	0	0	0	0	0	0	0	0	0	0	0	0	0	0	0	0	0	0,0000	0,0000	116,3471
2022-03-21	08:11:00		60	4	0	0	0	0	0	0	0	0	0	0	0	0	0	0	0	0	0	0	0	0,0012	0,0000	116,3471
2022-03-21	08:12:00		60	0	0	0	0	0	0	0	0	0	0	0	0	0	0	0	0	0	0	0	0	0,0000	0,0000	116,3471
2022-03-21	08:13:00		60	5	0	0	0	0	0	0	0	0	0	0	0	0	0	0	0	0	0	0	0	0,0015	0,0000	116,3471
2022-03-21	08:14:00		60	0	0	0	0	0	0	0	0	0	0	0	0	0	0	0	0	0	0	0	0	0,0000	0,0000	116,3471
2022-03-21	08:15:00		60	7	0	0	0	0	0	0	0	0	0	0	0	0	0	0	0	0	0	0	0	0,0020	0,0000	116,3472
2022-03-21	08:16:00		60	0	0	0	0	0	0	0	0	0	0	0	0	0	0	0	0	0	0	0	0	0,0000	0,0000	116,3472
2022-03-21	08:17:00		60	8	0	0	0	0	0	0	0	0	0	0	0	0	0	0	0	0	0	0	0	0,0023	0,0000	116,3472
2022-03-21	08:18:00		60	4	0	0	0	0	0	0	0	0	0	0	0	0	0	0	0	0	0	0	0	0,0012	0,0000	116,3472
2022-03-21	08:19:00		60	5	0	0	0	0	0	0	0	0	0	0	0	0	0	0	0	0	0	0	0	0,0015	0,0000	116,3473
2022-03-21	08:20:00		60	0	0	0	0	0	0	0	0	0	0	0	0	0	0	0	0	0	0	0	0	0,0000	0,0000	116,3473
2022-03-21	08:21:00		60	0	0	0	0	0	0	0	0	0	0	0	0	0	0	0	0	0	0	0	0	0,0000	0,0000	116,3473
2022-03-21	08:22:00		60	8	0	0	0	0	0	0	0	0	0	0	0	0	0	0	0	0	0	0	0	0,0023	0,0000	116,3473
2022-03-21	08:23:00		60	6	0	0	0	0	0	0	0	0	0	0	0	0	0	0	0	0	0	0	0	0,0017	0,0000	116,3473
2022-03-21	08:24:00		60	0	0	0	0	0	0	0	0	0	0	0	0	0	0	0	0	0	0	0	0	0,0000	0,0000	116,3473
2022-03-21	08:25:00		60	4	0	0	0	0	0	0	0	0	0	0	0	0	0	0	0	0	0	0	0	0,0012	0,0000	116,3473
2022-03-21	08:26:00		60	4	0	0	0	0	0	0	0	0	0	0	0	0	0	0	0	0	0	0	0	0,0012	0,0000	116,3474
2022-03-21	08:27:00		60	0	0	0	0	0	0	0	0	0	0	0	0	0	0	0	0	0	0	0	0	0,0000	0,0000	116,3474
2022-03-21	08:28:00		60	0	0	0	0	0	0	0	0	0	0	0	0	0	0	0	0	0	0	0	0	0,0000	0,0000	116,3474
2022-03-21	08:29:00		60	4	0	0	0	0	0	0	0	0	0	0	0	0	0	0	0	0	0	0	0	0,0012	0,0000	116,3474
2022-03-21	08:30:00		60	0	0	0	0	0	0	0	0	0	0	0	0	0	0	0	0	0	0	0	0	0,0000	0,0000	116,3474
2022-03-21	08:31:00		60	0	0	0	0	0	0	0	0	0	0	0	0	0	0	0	0	0	0	0	0	0,0000	0,0000	116,3474
2022-03-21	08:32:00		60	6	0	0	0	0	0	0	0	0	0	0	0	0	0	0	0	0	0	0	0	0,0017	0,0000	116,3474
2022-03-21	08:33:00		60	0	0	0	0	0	0	0	0	0	0	0	0	0	0	0	0	0	0	0	0	0,0000	0,0000	116,3474
2022-03-21	08:34:00		60	6	0	0	0	0	0	0	0	0	0	0	0	0	0	0	0	0	0	0	0	0,0017	0,0000	116,3474
2022-03-21	08:35:00		60	9	0	0	0	0	0	0	0	0	0	0	0	0	0	0	0	0	0	0	0	0,0026	0,0000	116,3475
2022-03-21	08:36:00		60	0	0	0	0	0	0	0	0	0	0	0	0	0	0	0	0	0	0	0	0	0,0000	0,0000	116,3475
2022-03-21	08:37:00		60	4	0	0	0	0	0	0	0	0	0	0	0	0	0	0	0	0	0	0	0	0,0012	0,0000	116,3475
2022-03-21	08:38:00		60	5	0	0	0	1	0	0	0	0	0	0	0	0	0	0	0	0	0	0	0	0,0043	0,0001	116,3476
2022-03-21	08:39:00		60	24	0	0	0	0	0	0	0	0	0	0	0	0	0	0	0	0	0	0	0	0,0070	0,0001	116,3477
2022-03-21	08:40:00		60	4	0	0	0	0	0	0	0	0	0	0	0	0	0	0	0	0	0	0	0	0,0012	0,0000	116,3477
2022-03-21	08:41:00		60	5	0	0	0	0	0	0	0	0	0	0	0	0	0	0	0	0	0	0	0	0,0015	0,0000	116,3477
2022-03-21	08:42:00		60	6	0	0	0	0	0	0	0	0	0	0	0	0	0	0	0	0	0	0	0	0,0017	0,0000	116,3478
2022-03-21	08:43:00		60	6	0	0	0	0	0	0	0	0	0	0	0	0	0	0	0	0	0	0	0	0,0017	0,0000	116,3478
2022-03-21	08:44:00		60	8	0	0	0	0	0	0	0	0	0	0	0	0	0	0	0	0	0	0	0	0,0023	0,0000	116,3478
2022-03-21	08:45:00		60	0	0	0	0	0	0	0	0	0	0	0	0	0	0	0	0	0	0	0	0	0,0000	0,0000	116,3478
2022-03-21	08:46:00		60	4	0	0	0	0	0	0	0	0	0	0	0	0	0	0	0	0	0	0	0	0,0012	0,0000	116,3479
2022-03-21	08:47:00		60	4	0	2	4	0	0	0	0	0	0	0	0	0	0	0	0	0	0	0	0	0,0104	0,0002	116,3480
2022-03-21	08:48:00		60	5	0	21	0	0	0	0	0	0	0	0	0	0	0	0	0	0	0	0	0	0,0235	0,0004	116,3484
2022-03-21	08:49:00		60	5	12	4	0	0	0	0	0	0	0	0	0	0	0	0	0	0	0	0	0	0,0128	0,0002	116,3486
2022-03-21	08:50:00		60	2	17	1	0	0	0	0	0	0	0	0	0	0	0	0	0	0	0	0	0	0,0117	0,0002	116,3488
2022-03-21	08:51:00		60	5	4	0	0	0	0	0	0	0	0	0	0	0	0	0	0	0	0	0	0	0,0038	0,0001	116,3489
2022-03-21	08:52:00		60	12	1	0	0	0	0	0	0	0	0	0	0	0	0	0	0	0	0	0	0	0,0041	0,0001	116,3490
2022-03-21	08:53:00		60	14	5	0	0	0	0	0	0	0	0	0	0	0	0	0	0	0	0	0	0	0,0070	0,0001	116,3491
2022-03-21	08:54:00		60	12	0	0	0	0	0	0	0	0	0	0	0	0	0	0	0	0	0	0	0	0,0035	0,0001	116,3491
2022-03-21	08:55:00		60	10	0	0	0	0	0	0	0	0	0	0	0	0	0	0	0	0	0	0	0	0,0029	0,0000	116,3492
2022-03-21	08:56:00		60	0	0	0	0	0	0	0	0	0	0	0	0	0	0	0	0	0	0	0	0	0,0000	0,0000	116,3492
2022-03-21	08:57:00		60	0	0	0	0	0	0	0	0	0	0	0	0	0	0	0	0	0	0	0	0	0,0000	0,0000	116,3492
2022-03-21	08:58:00		60	5	0	0	0	0	0	0	0	0	0	0	0	0	0	0	0	0	0	0	0	0,0015	0,0000	116,3492
2022-03-21	08:59:00		60	32	0	0	0	0	0	0	0	0	0	0	0	0	0	0	0	0	0	0	0	0,0093	0,0002	116,3494
2022-03-21	09:00:00		60	0	0	0	0	0	0	0	0	0	0	0	0	0	0	0	0	0	0	0	0	0,0000	0,0000	116,3494
2022-03-21	09:01:00		60	4	0	0	0	0	0	0	0	0	0	0	0	0	0	0	0	0	0	0	0	0,0012	0,0000	116,3494
2022-03-21	09:02:00		60	5	0	0	0	0	0	0	0	0	0	0	0	0	0	0	0	0	0	0	0	0,0015	0,0000	116,3494
2022-03-21	09:03:00		60	4	0	0	0	0	0	0	0	0	0	0	0	0	0	0	0	0	0	0	0	0,0012	0,0000	116,3494
2022-03-21	09:04:00		60	6	0	0	0	0	0	0	0	0	0	0	0	0	0	0	0	0	0	0	0	0,0017	0,0000	116,3495
2022-03-21	09:05:00		60	0	0	0	0	0	0	0	0	0	0	0	0	0	0	0	0	0	0	0	0	0,0000	0,0000	116,3495
2022-03-21	09:06:00		60	0	0	0	0	0	0	0	0	0	0	0	0	0	0	0	0	0	0	0	0	0,0000	0,0000	116,3495
2022-03-21	09:07:00		60	5	0	0	0	0	0	0	0	0	0	0	0	0	0	0	0	0	0	0	0	0,0015	0,0000	116,3495
2022-03-21	09:08:00		60	0	0	0	0	0	0	0	0	0	0	0	0	0	0	0	0	0	0	0	0	0,0000	0,0000	116,3495
2022-03-21	09:09:00		60	6	0	0	0	0	0	0	0	0	0	0	0	0	0	0	0	0	0	0	0	0,0017	0,0000	116,3495
2022-03-21	09:10:00		60	0	0	0	0	0	0	0	0	0	0	0	0	0	0	0	0	0	0	0	0	0,0000	0,0000	116,3495
