YYYY-MM-DD	hh:mm:ss	Status	Interval [s]	n1	n2	n3	n4	n5	n6	n7	n8	n9	n10	n11	n12	n13	n14	n15	n16	n17	n18	n19	n20	RI [mm/h]	RA [mm]	RAT [mm]
2021-12-12	15:46:00		60	51	123	175	207	90	142	97	1	0	0	0	0	0	0	0	0	0	0	0	0	2,4388	0,0406	440,8631
2021-12-12	15:47:00		60	70	169	152	140	46	137	104	3	0	0	0	0	0	0	0	0	0	0	0	0	2,2687	0,0378	440,9009
2021-12-12	15:48:00		60	67	169	178	103	46	58	89	1	0	0	2	0	0	0	0	0	0	0	0	0	1,7790	0,0297	440,9305
2021-12-12	15:49:00		60	65	194	187	164	33	14	18	1	0	0	0	0	0	0	0	0	0	0	0	0	0,9551	0,0159	440,9465
2021-12-12	15:50:00		60	76	193	191	190	43	16	2	0	0	0	0	0	0	0	0	0	0	0	0	0	0,8919	0,0149	440,9613
2021-12-12	15:51:00		60	73	180	186	214	61	26	2	0	0	0	0	0	0	0	0	0	0	0	0	0	1,0203	0,0170	440,9783
2021-12-12	15:52:00		60	62	146	195	161	47	60	12	0	0	0	0	0	0	0	0	0	0	0	0	0	1,1220	0,0187	440,9970
2021-12-12	15:53:00		60	69	144	206	98	62	72	9	0	0	0	0	0	0	0	0	0	0	0	0	0	1,0971	0,0183	441,0153
2021-12-12	15:54:00		60	49	107	99	161	28	17	1	0	0	0	0	0	0	0	0	0	0	0	0	0	0,6379	0,0106	441,0259
2021-12-12	15:55:00		60	35	127	94	137	41	6	1	0	0	0	0	0	0	0	0	0	0	0	0	0	0,5826	0,0097	441,0356
2021-12-12	15:56:00		60	31	55	64	151	29	16	6	0	0	0	0	0	0	0	0	0	0	0	0	0	0,5891	0,0098	441,0455
2021-12-12	15:57:00		60	37	99	84	181	99	144	152	4	0	0	0	0	0	0	0	0	0	0	0	0	2,8391	0,0473	441,0928
2021-12-12	15:58:00		60	35	92	86	110	63	143	260	21	1	0	0	0	0	0	0	0	0	0	0	0	3,8186	0,0636	441,1564
2021-12-12	15:59:00		60	39	75	82	124	86	117	161	12	1	0	0	0	0	0	0	0	0	0	0	0	2,7743	0,0462	441,2027
2021-12-12	16:00:00		60	47	64	67	145	94	193	77	1	0	0	0	0	0	0	0	0	0	0	0	0	2,2600	0,0377	441,2403
2021-12-12	16:01:00		60	37	65	100	106	112	232	102	2	0	0	0	0	0	0	0	0	0	0	0	0	2,6947	0,0449	441,2852
2021-12-12	16:02:00		60	32	103	133	120	66	61	31	0	0	0	0	0	0	0	0	0	0	0	0	0	1,1754	0,0196	441,3048
2021-12-12	16:03:00		60	31	79	126	111	58	6	0	0	0	0	0	0	0	0	0	0	0	0	0	0	0,5808	0,0097	441,3145
2021-12-12	16:04:00		60	35	119	72	142	34	4	0	0	0	0	0	0	0	0	0	0	0	0	0	0	0,5252	0,0088	441,3233
2021-12-12	16:05:00		60	43	140	118	107	35	1	0	0	0	0	0	0	0	0	0	0	0	0	0	0	0,5147	0,0086	441,3318
2021-12-12	16:06:00		60	29	156	191	109	50	5	0	0	0	0	0	0	0	0	0	0	0	0	0	0	0,6627	0,0110	441,3429
2021-12-12	16:07:00		60	28	123	157	159	59	14	4	0	0	0	0	0	0	0	0	0	0	0	0	0	0,7998	0,0133	441,3562
2021-12-12	16:08:00		60	38	128	106	98	35	88	81	3	0	0	0	0	0	0	0	0	0	0	0	0	1,6455	0,0274	441,3836
2021-12-12	16:09:00		60	25	100	96	60	7	119	223	7	0	0	0	0	0	0	0	0	0	0	0	0	2,9142	0,0486	441,4322
2021-12-12	16:10:00		60	24	144	84	27	6	100	203	10	0	0	0	0	0	0	0	0	0	0	0	0	2,6448	0,0441	441,4763
2021-12-12	16:11:00		60	20	158	107	50	1	35	160	18	0	1	0	0	0	0	0	0	0	0	0	0	2,1637	0,0361	441,5124
2021-12-12	16:12:00		60	15	181	128	99	8	18	93	10	1	0	0	0	0	0	0	0	0	0	0	0	1,5125	0,0252	441,5376
2021-12-12	16:13:00		60	7	197	214	58	4	39	43	4	0	0	0	0	0	0	0	0	0	0	0	0	1,0792	0,0180	441,5556
2021-12-12	16:14:00		60	16	232	143	104	2	27	16	3	0	0	0	0	0	0	0	0	0	0	0	0	0,7958	0,0133	441,5688
2021-12-12	16:15:00		60	5	136	168	94	3	1	10	1	0	0	0	0	0	0	0	0	0	0	0	0	0,5408	0,0090	441,5778
2021-12-12	16:16:00		60	8	112	154	122	8	2	12	0	0	0	1	0	0	0	0	0	0	0	0	0	0,6282	0,0105	441,5883
2021-12-12	16:17:00		60	7	69	87	137	2	7	20	2	2	1	1	0	0	0	0	0	0	0	0	0	0,7367	0,0123	441,6006
2021-12-12	16:18:00		60	3	17	49	95	5	12	15	2	2	2	0	0	0	0	0	0	0	0	0	0	0,5643	0,0094	441,6100
2021-12-12	16:19:00		60	2	45	107	66	7	24	13	2	0	1	0	0	0	0	0	0	0	0	0	0	0,5638	0,0094	441,6194
2021-12-12	16:20:00		60	6	91	138	26	6	17	23	1	1	0	0	0	0	0	0	0	0	0	0	0	0,5825	0,0097	441,6291
2021-12-12	16:21:00		60	6	69	168	32	4	15	29	7	0	0	0	0	0	0	0	0	0	0	0	0	0,7161	0,0119	441,6410
2021-12-12	16:22:00		60	6	65	77	7	6	37	34	3	0	0	0	0	0	0	0	0	0	0	0	0	0,6691	0,0112	441,6522
2021-12-12	16:23:00		60	1	47	13	1	9	50	38	2	0	0	0	0	0	0	0	0	0	0	0	0	0,6700	0,0112	441,6633
2021-12-12	16:24:00		60	13	31	4	12	16	46	26	0	0	0	0	0	0	0	0	0	0	0	0	0	0,5407	0,0090	441,6724
2021-12-12	16:25:00		60	5	22	0	24	23	27	14	0	0	0	0	0	0	0	0	0	0	0	0	0	0,3747	0,0062	441,6786
2021-12-12	16:26:00		60	2	7	5	42	16	20	15	0	0	0	0	0	0	0	0	0	0	0	0	0	0,3572	0,0060	441,6846
2021-12-12	16:27:00		60	3	19	6	27	18	27	10	0	1	0	0	0	0	0	0	0	0	0	0	0	0,3561	0,0059	441,6905
2021-12-12	16:28:00		60	1	8	5	25	17	14	2	0	2	0	0	0	0	0	0	0	0	0	0	0	0,2309	0,0038	441,6943
2021-12-12	16:29:00		60	3	8	7	27	19	11	3	2	1	1	0	0	0	0	0	0	0	0	0	0	0,2745	0,0046	441,6989
2021-12-12	16:30:00		60	2	3	4	25	10	12	3	11	1	0	0	0	0	0	0	0	0	0	0	0	0,3477	0,0058	441,7047
2021-12-12	16:31:00		60	1	1	4	15	11	4	33	15	1	0	0	0	0	0	0	0	0	0	0	0	0,6144	0,0102	441,7149
2021-12-12	16:32:00		60	3	1	4	16	17	3	57	21	5	1	0	0	0	0	0	0	0	0	0	0	1,0426	0,0174	441,7323
2021-12-12	16:33:00		60	2	2	8	17	29	11	51	17	6	2	0	0	0	0	0	0	0	0	0	0	1,0605	0,0177	441,7500
2021-12-12	16:34:00		60	2	1	2	24	38	19	66	39	11	1	0	0	0	0	0	0	0	0	0	0	1,6654	0,0278	441,7778
2021-12-12	16:35:00		60	3	4	7	11	11	22	106	28	6	2	0	0	0	0	0	0	0	0	0	0	1,6943	0,0282	441,8060
2021-12-12	16:36:00		60	5	4	9	28	18	49	80	23	1	0	0	0	0	0	0	0	0	0	0	0	1,4100	0,0235	441,8295
2021-12-12	16:37:00		60	2	4	12	49	9	67	54	11	2	0	0	0	0	0	0	0	0	0	0	0	1,1263	0,0188	441,8483
2021-12-12	16:38:00		60	1	7	7	22	12	72	43	3	0	1	0	0	0	0	0	0	0	0	0	0	0,8786	0,0146	441,8629
2021-12-12	16:39:00		60	8	12	17	23	17	48	56	2	1	1	0	0	0	0	0	0	0	0	0	0	0,9157	0,0153	441,8782
2021-12-12	16:40:00		60	3	15	38	24	33	66	46	3	0	0	0	0	0	0	0	0	0	0	0	0	0,9491	0,0158	441,8940
2021-12-12	16:41:00		60	6	24	40	11	33	87	30	3	2	1	0	0	0	0	0	0	0	0	0	0	0,9669	0,0161	441,9101
2021-12-12	16:42:00		60	10	28	20	7	33	77	48	5	1	0	0	0	0	0	0	0	0	0	0	0	1,0309	0,0172	441,9273
2021-12-12	16:43:00		60	15	30	6	16	54	69	98	12	4	0	1	0	0	0	0	0	0	0	0	0	1,7056	0,0284	441,9557
2021-12-12	16:44:00		60	14	29	5	19	53	85	101	39	6	6	3	0	0	0	0	0	0	0	0	0	2,5137	0,0419	441,9976
2021-12-12	16:45:00		60	25	21	10	18	36	66	124	45	8	22	5	0	0	0	0	0	0	0	0	0	3,2603	0,0543	442,0519
2021-12-12	16:46:00		60	17	14	5	20	21	91	88	29	24	14	6	0	0	0	0	0	0	0	0	0	2,9323	0,0489	442,1008
2021-12-12	16:47:00		60	17	21	17	45	33	72	110	51	12	3	0	0	0	0	0	0	0	0	0	0	2,6152	0,0436	442,1444
2021-12-12	16:48:00		60	11	15	20	55	14	90	129	53	15	7	1	0	0	0	0	0	0	0	0	0	3,0820	0,0514	442,1958
2021-12-12	16:49:00		60	11	20	27	27	31	145	217	49	12	0	0	0	0	0	0	0	0	0	0	0	3,7525	0,0625	442,2583
2021-12-12	16:50:00		60	1	17	34	26	26	159	281	33	2	0	0	0	0	0	0	0	0	0	0	0	3,9132	0,0652	442,3235
2021-12-12	16:51:00		60	11	16	19	21	33	191	207	21	1	0	0	0	0	0	0	0	0	0	0	0	3,2186	0,0536	442,3772
2021-12-12	16:52:00		60	11	30	22	29	57	188	208	11	3	0	0	0	0	0	0	0	0	0	0	0	3,2025	0,0534	442,4305
2021-12-12	16:53:00		60	14	23	21	42	43	137	186	12	0	0	0	0	0	0	0	0	0	0	0	0	2,6953	0,0449	442,4755
2021-12-12	16:54:00		60	13	42	21	43	40	131	157	8	0	0	0	0	0	0	0	0	0	0	0	0	2,3582	0,0393	442,5148
2021-12-12	16:55:00		60	13	40	32	48	42	101	132	3	1	0	0	0	0	0	0	0	0	0	0	0	1,9688	0,0328	442,5476
2021-12-12	16:56:00		60	9	32	28	51	29	131	147	5	0	0	0	0	0	0	0	0	0	0	0	0	2,2092	0,0368	442,5844
2021-12-12	16:57:00		60	9	30	19	58	34	125	96	4	0	0	0	0	0	0	0	0	0	0	0	0	1,7365	0,0289	442,6133
2021-12-12	16:58:00		60	11	23	26	54	38	127	69	2	0	0	0	0	0	0	0	0	0	0	0	0	1,4889	0,0248	442,6382
2021-12-12	16:59:00		60	11	26	52	76	37	130	52	3	0	0	0	0	0	0	0	0	0	0	0	0	1,4348	0,0239	442,6621
2021-12-12	17:00:00		60	8	27	51	61	42	75	51	9	1	0	0	0	0	0	0	0	0	0	0	0	1,2599	0,0210	442,6831
2021-12-12	17:01:00		60	13	39	37	62	25	43	95	19	0	0	0	0	0	0	0	0	0	0	0	0	1,5645	0,0261	442,7091
2021-12-12	17:02:00		60	16	42	72	69	22	68	184	14	0	0	0	0	0	0	0	0	0	0	0	0	2,4304	0,0405	442,7497
2021-12-12	17:03:00		60	14	57	50	46	20	114	136	6	2	0	0	0	0	0	0	0	0	0	0	0	2,0942	0,0349	442,7846
2021-12-12	17:04:00		60	27	45	69	47	29	155	153	12	1	0	0	0	0	0	0	0	0	0	0	0	2,5505	0,0425	442,8271
2021-12-12	17:05:00		60	21	50	54	38	40	155	78	8	2	1	0	0	0	0	0	0	0	0	0	0	1,8879	0,0315	442,8585
2021-12-12	17:06:00		60	28	61	64	47	34	84	56	6	0	0	0	0	0	0	0	0	0	0	0	0	1,2724	0,0212	442,8797
2021-12-12	17:07:00		60	35	55	53	33	30	68	53	9	1	0	0	0	0	0	0	0	0	0	0	0	1,1862	0,0198	442,8995
2021-12-12	17:08:00		60	21	62	46	44	28	71	46	9	1	0	0	0	0	0	0	0	0	0	0	0	1,1459	0,0191	442,9186
2021-12-12	17:09:00		60	21	60	64	48	42	67	57	5	1	0	0	0	0	0	0	0	0	0	0	0	1,2287	0,0205	442,9391
2021-12-12	17:10:00		60	25	66	53	41	28	35	46	0	1	0	0	0	0	0	0	0	0	0	0	0	0,8459	0,0141	442,9532
2021-12-12	17:11:00		60	42	69	54	38	27	63	42	2	0	0	0	0	0	0	0	0	0	0	0	0	0,9526	0,0159	442,9691
2021-12-12	17:12:00		60	38	60	48	37	41	56	46	2	0	0	0	0	0	0	0	0	0	0	0	0	0,9798	0,0163	442,9854
2021-12-12	17:13:00		60	32	53	53	53	28	48	42	2	0	0	0	0	0	0	0	0	0	0	0	0	0,8970	0,0149	443,0003
2021-12-12	17:14:00		60	46	53	53	49	19	47	33	0	0	0	0	0	0	0	0	0	0	0	0	0	0,7550	0,0126	443,0129
2021-12-12	17:15:00		60	39	65	52	34	23	51	35	0	0	0	0	0	0	0	0	0	0	0	0	0	0,7805	0,0130	443,0259
2021-12-12	17:16:00		60	37	64	40	28	12	51	19	0	0	0	0	0	0	0	0	0	0	0	0	0	0,5847	0,0097	443,0357
2021-12-12	17:17:00		60	28	74	26	50	23	44	8	0	0	0	0	0	0	0	0	0	0	0	0	0	0,5144	0,0086	443,0443
2021-12-12	17:18:00		60	31	53	25	45	14	26	1	0	0	0	0	0	0	0	0	0	0	0	0	0	0,3199	0,0053	443,0496
2021-12-12	17:19:00		60	30	40	22	32	29	15	2	0	0	0	0	0	0	0	0	0	0	0	0	0	0,2850	0,0047	443,0543
2021-12-12	17:20:00		60	31	35	26	32	25	10	0	0	0	0	0	0	0	0	0	0	0	0	0	0	0,2336	0,0039	443,0582
2021-12-12	17:21:00		60	16	29	34	28	25	13	2	0	0	0	0	0	0	0	0	0	0	0	0	0	0,2588	0,0043	443,0625
2021-12-12	17:22:00		60	31	41	41	38	13	13	0	0	0	0	0	0	0	0	0	0	0	0	0	0	0,2434	0,0041	443,0666
2021-12-12	17:23:00		60	33	39	32	37	13	22	1	0	0	0	0	0	0	0	0	0	0	0	0	0	0,2833	0,0047	443,0713
2021-12-12	17:24:00		60	19	38	39	25	6	17	2	0	1	0	0	0	0	0	0	0	0	0	0	0	0,2508	0,0042	443,0755
2021-12-12	17:25:00		60	22	51	23	25	18	7	1	1	0	0	0	0	0	0	0	0	0	0	0	0	0,2140	0,0036	443,0791
2021-12-12	17:26:00		60	27	48	40	23	15	11	3	3	0	0	0	0	0	0	0	0	0	0	0	0	0,2855	0,0048	443,0838
2021-12-12	17:27:00		60	28	46	26	29	17	6	0	5	0	0	0	0	0	0	0	0	0	0	0	0	0,2659	0,0044	443,0883
2021-12-12	17:28:00		60	28	44	32	29	15	4	0	3	0	0	0	0	0	0	0	0	0	0	0	0	0,2260	0,0038	443,0920
2021-12-12	17:29:00		60	26	31	41	25	15	10	5	0	0	0	0	0	0	0	0	0	0	0	0	0	0,2480	0,0041	443,0962
2021-12-12	17:30:00		60	18	49	25	37	11	9	5	1	0	0	0	0	0	0	0	0	0	0	0	0	0,2593	0,0043	443,1005
2021-12-12	17:31:00		60	20	36	41	38	14	5	1	0	0	0	0	0	0	0	0	0	0	0	0	0	0,2106	0,0035	443,1040
2021-12-12	17:32:00		60	20	42	46	33	14	1	5	0	0	0	0	0	0	0	0	0	0	0	0	0	0,2263	0,0038	443,1078
2021-12-12	17:33:00		60	26	43	40	22	5	2	0	0	0	0	0	0	0	0	0	0	0	0	0	0	0,1380	0,0023	443,1101
2021-12-12	17:34:00		60	32	49	33	19	0	2	0	0	0	0	0	0	0	0	0	0	0	0	0	0	0,1163	0,0019	443,1120
2021-12-12	17:35:00		60	28	39	26	13	1	3	1	0	0	0	0	0	0	0	0	0	0	0	0	0	0,1076	0,0018	443,1138
2021-12-12	17:36:00		60	17	32	16	11	1	3	0	0	0	0	0	0	0	0	0	0	0	0	0	0	0,0774	0,0013	443,1151
2021-12-12	17:37:00		60	12	45	13	3	2	0	0	0	0	0	0	0	0	0	0	0	0	0	0	0	0,0549	0,0009	443,1160
2021-12-12	17:38:00		60	19	30	23	8	3	0	0	0	0	0	0	0	0	0	0	0	0	0	0	0	0,0703	0,0012	443,1172
2021-12-12	17:39:00		60	11	29	15	4	3	0	1	0	0	0	0	0	0	0	0	0	0	0	0	0	0,0606	0,0010	443,1182
2021-12-12	17:40:00		60	20	26	16	4	2	1	0	0	0	0	0	0	0	0	0	0	0	0	0	0	0,0557	0,0009	443,1191
2021-12-12	17:41:00		60	20	25	6	5	1	0	2	0	0	0	1	0	0	0	0	0	0	0	0	0	0,1000	0,0017	443,1208
2021-12-12	17:42:00		60	19	22	9	10	0	0	4	0	0	0	3	0	0	0	0	0	0	0	0	0	0,2124	0,0035	443,1243
2021-12-12	17:43:00		60	16	19	11	21	0	1	12	2	1	1	0	0	0	0	0	0	0	0	0	0	0,2544	0,0042	443,1286
2021-12-12	17:44:00		60	14	18	3	5	0	18	27	2	1	3	2	0	0	0	0	0	0	0	0	0	0,5745	0,0096	443,1381
2021-12-12	17:45:00		60	13	9	6	3	1	24	14	7	0	3	0	0	0	0	0	0	0	0	0	0	0,4514	0,0075	443,1456
2021-12-12	17:46:00		60	13	7	4	1	0	31	23	13	4	0	0	0	0	0	0	0	0	0	0	0	0,6414	0,0107	443,1563
2021-12-12	17:47:00		60	11	14	3	1	2	41	27	5	2	1	0	0	0	0	0	0	0	0	0	0	0,6000	0,0100	443,1663
2021-12-12	17:48:00		60	10	8	0	2	5	25	24	4	0	0	0	0	0	0	0	0	0	0	0	0	0,4140	0,0069	443,1732
2021-12-12	17:49:00		60	12	8	1	0	15	31	15	2	0	0	0	0	0	0	0	0	0	0	0	0	0,3613	0,0060	443,1793
2021-12-12	17:50:00		60	12	5	1	1	20	23	20	2	0	0	0	0	0	0	0	0	0	0	0	0	0,3811	0,0064	443,1856
2021-12-12	17:51:00		60	13	5	1	6	11	25	15	0	0	0	0	0	0	0	0	0	0	0	0	0	0,3007	0,0050	443,1906
2021-12-12	17:52:00		60	14	4	0	2	18	31	8	1	0	0	0	0	0	0	0	0	0	0	0	0	0,2947	0,0049	443,1955
2021-12-12	17:53:00		60	11	3	2	5	18	20	10	0	0	0	0	0	0	0	0	0	0	0	0	0	0,2507	0,0042	443,1997
2021-12-12	17:54:00		60	9	2	2	7	11	27	11	0	0	0	0	0	0	0	0	0	0	0	0	0	0,2752	0,0046	443,2043
2021-12-12	17:55:00		60	3	0	0	10	17	10	3	0	0	0	0	0	0	0	0	0	0	0	0	0	0,1416	0,0024	443,2067
2021-12-12	17:56:00		60	3	1	4	19	9	16	1	0	0	0	0	0	0	0	0	0	0	0	0	0	0,1505	0,0025	443,2092
2021-12-12	17:57:00		60	6	0	3	17	11	8	1	0	0	0	0	0	0	0	0	0	0	0	0	0	0,1137	0,0019	443,2111
2021-12-12	17:58:00		60	1	0	5	9	9	4	1	0	0	0	0	0	0	0	0	0	0	0	0	0	0,0753	0,0013	443,2123
2021-12-12	17:59:00		60	4	1	7	7	9	6	0	0	0	0	0	0	0	0	0	0	0	0	0	0	0,0761	0,0013	443,2136
2021-12-12	18:00:00		60	1	2	13	6	4	1	0	0	0	0	0	0	0	0	0	0	0	0	0	0	0,0421	0,0007	443,2143
2021-12-12	18:01:00		60	0	0	6	6	0	0	0	0	0	0	0	0	0	0	0	0	0	0	0	0	0,0169	0,0003	443,2146
2021-12-12	18:02:00		60	0	1	9	9	2	0	0	0	0	0	0	0	0	0	0	0	0	0	0	0	0,0318	0,0005	443,2151
2021-12-12	18:03:00		60	0	3	7	4	0	0	0	0	0	0	0	0	0	0	0	0	0	0	0	0	0,0162	0,0003	443,2154
2021-12-12	18:04:00		60	1	9	3	1	0	0	0	0	0	0	0	0	0	0	0	0	0	0	0	0	0,0105	0,0002	443,2156
2021-12-12	18:05:00		60	1	6	9	1	0	0	0	0	0	0	0	0	0	0	0	0	0	0	0	0	0,0151	0,0003	443,2158
2021-12-12	18:06:00		60	0	8	5	3	0	1	0	0	0	0	0	0	0	0	0	0	0	0	0	0	0,0201	0,0003	443,2161
2021-12-12	18:07:00		60	0	7	5	2	0	2	1	0	0	0	0	0	0	0	0	0	0	0	0	0	0,0312	0,0005	443,2167
2021-12-12	18:08:00		60	6	10	1	0	2	1	0	0	1	0	0	0	0	0	0	0	0	0	0	0	0,0407	0,0007	443,2173
2021-12-12	18:09:00		60	1	11	3	0	0	0	0	0	0	0	0	0	0	0	0	0	0	0	0	0	0,0100	0,0002	443,2175
2021-12-12	18:10:00		60	2	6	6	1	2	0	1	0	0	1	3	0	0	0	0	0	0	0	0	0	0,1875	0,0031	443,2206
2021-12-12	18:11:00		60	10	9	5	1	2	1	0	0	0	1	0	0	0	0	0	0	0	0	0	0	0,0548	0,0009	443,2215
2021-12-12	18:12:00		60	6	8	2	0	2	2	0	3	0	0	2	0	0	0	0	0	0	0	0	0	0,1562	0,0026	443,2241
2021-12-12	18:13:00		60	2	2	0	2	1	4	1	0	2	0	0	0	0	0	0	0	0	0	0	0	0,0790	0,0013	443,2255
2021-12-12	18:14:00		60	5	3	0	3	3	2	2	0	0	0	1	0	0	0	0	0	0	0	0	0	0,0881	0,0015	443,2269
2021-12-12	18:15:00		60	4	3	1	1	1	1	0	0	2	2	1	0	0	0	0	0	0	0	0	0	0,1583	0,0026	443,2296
2021-12-12	18:16:00		60	2	1	0	2	2	0	6	3	2	0	0	0	0	0	0	0	0	0	0	0	0,1502	0,0025	443,2321
2021-12-12	18:17:00		60	3	6	1	1	0	2	3	3	1	0	0	0	0	0	0	0	0	0	0	0	0,1089	0,0018	443,2339
2021-12-12	18:18:00		60	4	4	1	4	0	0	4	1	2	1	0	0	0	0	0	0	0	0	0	0	0,1333	0,0022	443,2361
2021-12-12	18:19:00		60	3	6	1	2	2	3	6	5	0	0	1	0	0	0	0	0	0	0	0	0	0,1995	0,0033	443,2394
2021-12-12	18:20:00		60	4	3	2	2	0	6	5	2	0	0	0	0	0	0	0	0	0	0	0	0	0,1106	0,0018	443,2413
2021-12-12	18:21:00		60	0	4	1	2	0	5	10	1	1	0	0	0	0	0	0	0	0	0	0	0	0,1545	0,0026	443,2439
2021-12-12	18:22:00		60	2	2	0	0	1	2	5	0	2	0	0	0	0	0	0	0	0	0	0	0	0,1008	0,0017	443,2455
2021-12-12	18:23:00		60	2	0	0	1	1	3	2	1	0	0	0	0	0	0	0	0	0	0	0	0	0,0519	0,0009	443,2464
2021-12-12	18:24:00		60	0	0	0	0	0	3	3	1	0	0	0	0	0	0	0	0	0	0	0	0	0,0554	0,0009	443,2473
2021-12-12	18:25:00		60	3	0	0	0	0	0	0	1	0	0	0	0	0	0	0	0	0	0	0	0	0,0157	0,0003	443,2476
2021-12-12	18:26:00		60	0	0	2	2	2	4	0	0	0	0	0	0	0	0	0	0	0	0	0	0	0,0305	0,0005	443,2481
2021-12-12	18:27:00		60	0	1	0	1	0	1	0	0	0	0	0	0	0	0	0	0	0	0	0	0	0,0071	0,0001	443,2482
2021-12-12	18:28:00		60	0	0	1	2	1	0	1	0	0	0	0	0	0	0	0	0	0	0	0	0	0,0162	0,0003	443,2485
2021-12-12	18:29:00		60	1	0	1	2	1	0	0	0	0	0	0	0	0	0	0	0	0	0	0	0	0,0078	0,0001	443,2486
2021-12-12	18:30:00		60	0	1	1	4	3	1	0	0	0	0	0	0	0	0	0	0	0	0	0	0	0,0222	0,0004	443,2490
2021-12-12	18:31:00		60	0	0	0	1	0	0	0	0	0	0	0	0	0	0	0	0	0	0	0	0	0,0018	0,0000	443,2490
2021-12-12	18:32:00		60	0	0	1	1	0	0	0	0	0	0	0	0	0	0	0	0	0	0	0	0	0,0028	0,0000	443,2491
2021-12-12	18:33:00		60	1	0	0	2	1	0	0	0	0	0	0	0	0	0	0	0	0	0	0	0	0,0067	0,0001	443,2492
2021-12-12	18:34:00		60	0	0	1	1	0	0	0	0	0	0	0	0	0	0	0	0	0	0	0	0	0,0028	0,0000	443,2492
2021-12-12	18:35:00		60	0	1	2	0	0	0	0	0	0	0	0	0	0	0	0	0	0	0	0	0	0,0027	0,0000	443,2493
2021-12-12	18:36:00		60	0	1	2	0	0	0	0	0	0	0	0	0	0	0	0	0	0	0	0	0	0,0027	0,0000	443,2493
2021-12-12	18:37:00		60	0	1	1	1	0	0	0	0	0	0	0	0	0	0	0	0	0	0	0	0	0,0034	0,0001	443,2494
2021-12-12	18:38:00		60	0	0	0	0	0	0	0	0	0	0	0	0	0	0	0	0	0	0	0	0	0,0000	0,0000	443,2494
2021-12-12	18:39:00		60	0	0	0	0	0	0	0	0	0	0	0	0	0	0	0	0	0	0	0	0	0,0000	0,0000	443,2494
2021-12-12	18:40:00		60	0	1	1	0	0	0	0	0	0	0	0	0	0	0	0	0	0	0	0	0	0,0016	0,0000	443,2494
2021-12-12	18:41:00		60	0	0	0	0	0	0	0	0	0	0	0	0	0	0	0	0	0	0	0	0	0,0000	0,0000	443,2494
2021-12-12	18:42:00		60	0	0	0	0	0	0	0	0	0	0	0	0	0	0	0	0	0	0	0	0	0,0000	0,0000	443,2494
2021-12-12	18:43:00		60	0	1	1	0	0	0	0	0	0	0	0	0	0	0	0	0	0	0	0	0	0,0016	0,0000	443,2494
2021-12-12	18:44:00		60	0	0	0	0	0	0	0	0	0	0	0	0	0	0	0	0	0	0	0	0	0,0000	0,0000	443,2494
2021-12-12	18:45:00		60	0	0	0	0	0	0	0	0	0	0	0	0	0	0	0	0	0	0	0	0	0,0000	0,0000	443,2494
2021-12-12	18:46:00		60	0	0	0	0	0	0	0	0	0	0	0	0	0	0	0	0	0	0	0	0	0,0000	0,0000	443,2494
2021-12-12	18:47:00		60	0	0	0	0	0	0	0	0	0	0	0	0	0	0	0	0	0	0	0	0	0,0000	0,0000	443,2494
2021-12-12	18:48:00		60	0	0	0	0	0	0	0	0	0	0	0	0	0	0	0	0	0	0	0	0	0,0000	0,0000	443,2494
2021-12-12	18:49:00		60	0	0	0	0	0	0	0	0	0	0	0	0	0	0	0	0	0	0	0	0	0,0000	0,0000	443,2494
2021-12-12	18:50:00		60	0	0	0	0	0	0	0	0	0	0	0	0	0	0	0	0	0	0	0	0	0,0000	0,0000	443,2494
2021-12-12	18:51:00		60	0	0	0	0	0	0	0	0	0	0	0	0	0	0	0	0	0	0	0	0	0,0000	0,0000	443,2494
2021-12-12	18:52:00		60	0	0	0	0	0	0	0	0	0	0	0	0	0	0	0	0	0	0	0	0	0,0000	0,0000	443,2494
2021-12-12	18:53:00		60	0	0	0	0	0	0	0	0	0	0	0	0	0	0	0	0	0	0	0	0	0,0000	0,0000	443,2494
2021-12-12	18:54:00		60	0	0	0	0	0	0	0	0	0	0	0	0	0	0	0	0	0	0	0	0	0,0000	0,0000	443,2494
2021-12-12	18:55:00		60	0	0	0	0	0	0	0	0	0	0	0	0	0	0	0	0	0	0	0	0	0,0000	0,0000	443,2494
2021-12-12	18:56:00		60	0	0	0	0	0	0	0	0	0	0	0	0	0	0	0	0	0	0	0	0	0,0000	0,0000	443,2494
2021-12-12	18:57:00		60	0	0	0	0	0	0	0	0	0	0	0	0	0	0	0	0	0	0	0	0	0,0000	0,0000	443,2494
2021-12-12	18:58:00		60	0	0	0	0	0	0	0	0	0	0	0	0	0	0	0	0	0	0	0	0	0,0000	0,0000	443,2494
2021-12-12	18:59:00		60	0	0	0	0	0	0	0	0	0	0	0	0	0	0	0	0	0	0	0	0	0,0000	0,0000	443,2494
2021-12-12	19:00:00		60	0	0	0	0	0	0	0	0	0	0	0	0	0	0	0	0	0	0	0	0	0,0000	0,0000	443,2494
2021-12-12	19:01:00		60	0	0	0	0	0	0	0	0	0	0	0	0	0	0	0	0	0	0	0	0	0,0000	0,0000	443,2494
2021-12-12	19:02:00		60	0	0	0	0	0	0	0	0	0	0	0	0	0	0	0	0	0	0	0	0	0,0000	0,0000	443,2494
2021-12-12	19:03:00		60	0	0	0	0	0	0	0	0	0	0	0	0	0	0	0	0	0	0	0	0	0,0000	0,0000	443,2494
2021-12-12	19:04:00		60	0	0	0	0	0	0	0	0	0	0	0	0	0	0	0	0	0	0	0	0	0,0000	0,0000	443,2494
2021-12-12	19:05:00		60	0	0	0	0	0	0	0	0	0	0	0	0	0	0	0	0	0	0	0	0	0,0000	0,0000	443,2494
2021-12-12	19:06:00		60	0	0	0	0	0	0	0	0	0	0	0	0	0	0	0	0	0	0	0	0	0,0000	0,0000	443,2494
2021-12-12	19:07:00		60	0	0	0	0	0	0	0	0	0	0	0	0	0	0	0	0	0	0	0	0	0,0000	0,0000	443,2494
2021-12-12	19:08:00		60	5	4	0	0	0	1	0	0	0	0	0	0	0	0	0	0	0	0	0	0	0,0086	0,0001	443,2496
2021-12-12	19:09:00		60	0	0	0	0	0	0	0	0	0	0	0	0	0	0	0	0	0	0	0	0	0,0000	0,0000	443,2496
2021-12-12	19:10:00		60	0	0	0	0	0	0	0	0	0	0	0	0	0	0	0	0	0	0	0	0	0,0000	0,0000	443,2496
2021-12-12	19:11:00		60	0	0	0	0	0	0	0	0	0	0	0	0	0	0	0	0	0	0	0	0	0,0000	0,0000	443,2496
2021-12-12	19:12:00		60	0	0	0	0	0	0	0	0	0	0	0	0	0	0	0	0	0	0	0	0	0,0000	0,0000	443,2496
2021-12-12	19:13:00		60	0	0	0	0	0	0	0	0	0	0	0	0	0	0	0	0	0	0	0	0	0,0000	0,0000	443,2496
2021-12-12	19:14:00		60	0	0	0	0	0	0	0	0	0	0	0	0	0	0	0	0	0	0	0	0	0,0000	0,0000	443,2496
2021-12-12	19:15:00		60	0	0	0	0	0	0	0	0	0	0	0	0	0	0	0	0	0	0	0	0	0,0000	0,0000	443,2496
2021-12-12	19:16:00		60	0	0	0	0	0	0	0	0	0	0	0	0	0	0	0	0	0	0	0	0	0,0000	0,0000	443,2496
2021-12-12	19:17:00		60	0	0	0	0	0	0	0	0	0	0	0	0	0	0	0	0	0	0	0	0	0,0000	0,0000	443,2496
2021-12-12	19:18:00		60	0	0	0	0	0	0	0	0	0	0	0	0	0	0	0	0	0	0	0	0	0,0000	0,0000	443,2496
2021-12-12	19:19:00		60	0	0	0	0	0	0	0	0	0	0	0	0	0	0	0	0	0	0	0	0	0,0000	0,0000	443,2496
2021-12-12	19:20:00		60	0	0	0	0	0	0	0	0	0	0	0	0	0	0	0	0	0	0	0	0	0,0000	0,0000	443,2496
2021-12-12	19:21:00		60	0	0	0	0	0	0	0	0	0	0	0	0	0	0	0	0	0	0	0	0	0,0000	0,0000	443,2496
2021-12-12	19:22:00		60	0	0	0	0	0	0	0	0	0	0	0	0	0	0	0	0	0	0	0	0	0,0000	0,0000	443,2496
2021-12-12	19:23:00		60	0	0	0	0	0	0	0	0	0	0	0	0	0	0	0	0	0	0	0	0	0,0000	0,0000	443,2496
2021-12-12	19:24:00		60	0	0	0	0	0	0	0	0	0	0	0	0	0	0	0	0	0	0	0	0	0,0000	0,0000	443,2496
2021-12-12	19:25:00		60	0	0	0	0	0	0	0	0	0	0	0	0	0	0	0	0	0	0	0	0	0,0000	0,0000	443,2496
2021-12-12	19:26:00		60	0	0	0	0	0	0	0	0	0	0	0	0	0	0	0	0	0	0	0	0	0,0000	0,0000	443,2496
2021-12-12	19:27:00		60	0	0	0	0	0	0	0	0	0	0	0	0	0	0	0	0	0	0	0	0	0,0000	0,0000	443,2496
2021-12-12	19:28:00		60	0	0	0	0	0	0	0	0	0	0	0	0	0	0	0	0	0	0	0	0	0,0000	0,0000	443,2496
2021-12-12	19:29:00		60	0	0	0	0	0	0	0	0	0	0	0	0	0	0	0	0	0	0	0	0	0,0000	0,0000	443,2496
2021-12-12	19:30:00		60	0	0	0	0	0	0	0	0	0	0	0	0	0	0	0	0	0	0	0	0	0,0000	0,0000	443,2496
2021-12-12	19:31:00		60	0	0	0	0	0	0	0	0	0	0	0	0	0	0	0	0	0	0	0	0	0,0000	0,0000	443,2496
2021-12-12	19:32:00		60	0	0	0	0	0	0	0	0	0	0	0	0	0	0	0	0	0	0	0	0	0,0000	0,0000	443,2496
2021-12-12	19:33:00		60	0	0	0	0	0	0	0	0	0	0	0	0	0	0	0	0	0	0	0	0	0,0000	0,0000	443,2496
2021-12-12	19:34:00		60	0	0	0	0	0	0	0	0	0	0	0	0	0	0	0	0	0	0	0	0	0,0000	0,0000	443,2496
2021-12-12	19:35:00		60	0	0	0	0	0	0	0	0	0	0	0	0	0	0	0	0	0	0	0	0	0,0000	0,0000	443,2496
2021-12-12	19:36:00		60	0	0	0	0	0	0	0	0	0	0	0	0	0	0	0	0	0	0	0	0	0,0000	0,0000	443,2496
2021-12-12	19:37:00		60	0	0	0	0	0	0	0	0	0	0	0	0	0	0	0	0	0	0	0	0	0,0000	0,0000	443,2496
2021-12-12	19:38:00		60	0	0	0	0	0	0	0	0	0	0	0	0	0	0	0	0	0	0	0	0	0,0000	0,0000	443,2496
2021-12-12	19:39:00		60	0	0	0	0	0	0	0	0	0	0	0	0	0	0	0	0	0	0	0	0	0,0000	0,0000	443,2496
2021-12-12	19:40:00		60	0	0	0	0	0	0	0	0	0	0	0	0	0	0	0	0	0	0	0	0	0,0000	0,0000	443,2496
2021-12-12	19:41:00		60	0	0	0	0	0	0	0	0	0	0	0	0	0	0	0	0	0	0	0	0	0,0000	0,0000	443,2496
2021-12-12	19:42:00		60	0	0	0	0	0	0	0	0	0	0	0	0	0	0	0	0	0	0	0	0	0,0000	0,0000	443,2496
2021-12-12	19:43:00		60	0	0	0	0	0	0	0	0	0	0	0	0	0	0	0	0	0	0	0	0	0,0000	0,0000	443,2496
2021-12-12	19:44:00		60	0	0	0	0	0	0	0	0	0	0	0	0	0	0	0	0	0	0	0	0	0,0000	0,0000	443,2496
2021-12-12	19:45:00		60	0	0	0	0	0	0	0	0	0	0	0	0	0	0	0	0	0	0	0	0	0,0000	0,0000	443,2496
2021-12-12	19:46:00		60	0	0	0	0	0	0	0	0	0	0	0	0	0	0	0	0	0	0	0	0	0,0000	0,0000	443,2496
2021-12-12	19:47:00		60	0	0	0	0	0	0	0	0	0	0	0	0	0	0	0	0	0	0	0	0	0,0000	0,0000	443,2496
2021-12-12	19:48:00		60	0	0	0	0	0	0	0	0	0	0	0	0	0	0	0	0	0	0	0	0	0,0000	0,0000	443,2496
2021-12-12	19:49:00		60	0	0	0	0	0	0	0	0	0	0	0	0	0	0	0	0	0	0	0	0	0,0000	0,0000	443,2496
2021-12-12	19:50:00		60	0	0	0	0	0	0	0	0	0	0	0	0	0	0	0	0	0	0	0	0	0,0000	0,0000	443,2496
2021-12-12	19:51:00		60	0	0	0	0	0	0	0	0	0	0	0	0	0	0	0	0	0	0	0	0	0,0000	0,0000	443,2496
2021-12-12	19:52:00		60	0	0	0	0	0	0	0	0	0	0	0	0	0	0	0	0	0	0	0	0	0,0000	0,0000	443,2496
2021-12-12	19:53:00		60	0	0	0	0	0	0	0	0	0	0	0	0	0	0	0	0	0	0	0	0	0,0000	0,0000	443,2496
2021-12-12	19:54:00		60	0	0	0	0	0	0	0	0	0	0	0	0	0	0	0	0	0	0	0	0	0,0000	0,0000	443,2496
2021-12-12	19:55:00		60	0	0	0	0	0	0	0	0	0	0	0	0	0	0	0	0	0	0	0	0	0,0000	0,0000	443,2496
2021-12-12	19:56:00		60	0	0	0	0	0	0	0	0	0	0	0	0	0	0	0	0	0	0	0	0	0,0000	0,0000	443,2496
2021-12-12	19:57:00		60	0	0	0	0	0	0	0	0	0	0	0	0	0	0	0	0	0	0	0	0	0,0000	0,0000	443,2496
2021-12-12	19:58:00		60	0	0	0	0	0	0	0	0	0	0	0	0	0	0	0	0	0	0	0	0	0,0000	0,0000	443,2496
2021-12-12	19:59:00		60	0	0	0	0	0	0	0	0	0	0	0	0	0	0	0	0	0	0	0	0	0,0000	0,0000	443,2496
2021-12-12	20:00:00		60	0	0	0	0	0	0	0	0	0	0	0	0	0	0	0	0	0	0	0	0	0,0000	0,0000	443,2496
2021-12-12	20:01:00		60	0	0	0	0	0	0	0	0	0	0	0	0	0	0	0	0	0	0	0	0	0,0000	0,0000	443,2496
2021-12-12	20:02:00		60	0	0	0	0	0	0	0	0	0	0	0	0	0	0	0	0	0	0	0	0	0,0000	0,0000	443,2496
2021-12-12	20:03:00		60	0	0	0	0	0	0	0	0	0	0	0	0	0	0	0	0	0	0	0	0	0,0000	0,0000	443,2496
2021-12-12	20:04:00		60	0	0	0	0	0	0	0	0	0	0	0	0	0	0	0	0	0	0	0	0	0,0000	0,0000	443,2496
2021-12-12	20:05:00		60	0	0	0	0	0	0	0	0	0	0	0	0	0	0	0	0	0	0	0	0	0,0000	0,0000	443,2496
2021-12-12	20:06:00		60	0	0	0	0	0	0	0	0	0	0	0	0	0	0	0	0	0	0	0	0	0,0000	0,0000	443,2496
2021-12-12	20:07:00		60	0	0	0	0	0	0	0	0	0	0	0	0	0	0	0	0	0	0	0	0	0,0000	0,0000	443,2496
2021-12-12	20:08:00		60	0	0	0	0	0	0	0	0	0	0	0	0	0	0	0	0	0	0	0	0	0,0000	0,0000	443,2496
2021-12-12	20:09:00		60	0	0	0	0	0	0	0	0	0	0	0	0	0	0	0	0	0	0	0	0	0,0000	0,0000	443,2496
2021-12-12	20:10:00		60	0	0	0	0	0	0	0	0	0	0	0	0	0	0	0	0	0	0	0	0	0,0000	0,0000	443,2496
2021-12-12	20:11:00		60	0	0	0	0	0	0	0	0	0	0	0	0	0	0	0	0	0	0	0	0	0,0000	0,0000	443,2496
2021-12-12	20:12:00		60	0	0	0	0	0	0	0	0	0	0	0	0	0	0	0	0	0	0	0	0	0,0000	0,0000	443,2496
2021-12-12	20:13:00		60	0	0	0	0	0	0	0	0	0	0	0	0	0	0	0	0	0	0	0	0	0,0000	0,0000	443,2496
2021-12-12	20:14:00		60	0	0	0	0	0	0	0	0	0	0	0	0	0	0	0	0	0	0	0	0	0,0000	0,0000	443,2496
2021-12-12	20:15:00		60	0	0	0	0	0	0	0	0	0	0	0	0	0	0	0	0	0	0	0	0	0,0000	0,0000	443,2496
2021-12-12	20:16:00		60	0	0	0	0	0	0	0	0	0	0	0	0	0	0	0	0	0	0	0	0	0,0000	0,0000	443,2496
2021-12-12	20:17:00		60	0	0	0	0	0	0	0	0	0	0	0	0	0	0	0	0	0	0	0	0	0,0000	0,0000	443,2496
2021-12-12	20:18:00		60	0	0	0	0	0	0	0	0	0	0	0	0	0	0	0	0	0	0	0	0	0,0000	0,0000	443,2496
2021-12-12	20:19:00		60	0	0	0	0	0	0	0	0	0	0	0	0	0	0	0	0	0	0	0	0	0,0000	0,0000	443,2496
2021-12-12	20:20:00		60	0	0	0	0	0	0	0	0	0	0	0	0	0	0	0	0	0	0	0	0	0,0000	0,0000	443,2496
2021-12-12	20:21:00		60	0	0	0	0	0	0	0	0	0	0	0	0	0	0	0	0	0	0	0	0	0,0000	0,0000	443,2496
2021-12-12	20:22:00		60	0	0	0	0	0	0	0	0	0	0	0	0	0	0	0	0	0	0	0	0	0,0000	0,0000	443,2496
2021-12-12	20:23:00		60	0	0	0	0	0	0	0	0	0	0	0	0	0	0	0	0	0	0	0	0	0,0000	0,0000	443,2496
2021-12-12	20:24:00		60	0	0	0	0	0	0	0	0	0	0	0	0	0	0	0	0	0	0	0	0	0,0000	0,0000	443,2496
2021-12-12	20:25:00		60	0	0	0	0	0	0	0	0	0	0	0	0	0	0	0	0	0	0	0	0	0,0000	0,0000	443,2496
2021-12-12	20:26:00		60	0	0	0	0	0	0	0	0	0	0	0	0	0	0	0	0	0	0	0	0	0,0000	0,0000	443,2496
2021-12-12	20:27:00		60	0	0	0	0	0	0	0	0	0	0	0	0	0	0	0	0	0	0	0	0	0,0000	0,0000	443,2496
2021-12-12	20:28:00		60	0	0	0	0	0	0	0	0	0	0	0	0	0	0	0	0	0	0	0	0	0,0000	0,0000	443,2496
2021-12-12	20:29:00		60	0	0	0	0	0	0	0	0	0	0	0	0	0	0	0	0	0	0	0	0	0,0000	0,0000	443,2496
2021-12-12	20:30:00		60	0	0	0	0	0	0	0	0	0	0	0	0	0	0	0	0	0	0	0	0	0,0000	0,0000	443,2496
2021-12-12	20:31:00		60	0	0	0	0	0	0	0	0	0	0	0	0	0	0	0	0	0	0	0	0	0,0000	0,0000	443,2496
2021-12-12	20:32:00		60	0	0	0	0	0	1	0	0	0	0	0	0	0	0	0	0	0	0	0	0	0,0048	0,0001	443,2496
2021-12-12	20:33:00		60	0	0	0	0	0	0	0	0	0	0	0	0	0	0	0	0	0	0	0	0	0,0000	0,0000	443,2496
2021-12-12	20:34:00		60	0	0	0	0	0	0	0	0	0	0	0	0	0	0	0	0	0	0	0	0	0,0000	0,0000	443,2496
2021-12-12	20:35:00		60	0	0	0	0	0	0	0	0	0	0	0	0	0	0	0	0	0	0	0	0	0,0000	0,0000	443,2496
2021-12-12	20:36:00		60	0	0	0	0	0	0	0	0	0	0	0	0	0	0	0	0	0	0	0	0	0,0000	0,0000	443,2496
2021-12-12	20:37:00		60	0	0	0	0	0	0	0	0	0	0	0	0	0	0	0	0	0	0	0	0	0,0000	0,0000	443,2496
2021-12-12	20:38:00		60	0	0	0	0	0	0	0	0	0	0	0	0	0	0	0	0	0	0	0	0	0,0000	0,0000	443,2496
2021-12-12	20:39:00		60	0	0	0	0	0	0	0	0	0	0	0	0	0	0	0	0	0	0	0	0	0,0000	0,0000	443,2496
2021-12-12	20:40:00		60	0	0	0	0	0	0	0	0	0	0	0	0	0	0	0	0	0	0	0	0	0,0000	0,0000	443,2496
2021-12-12	20:41:00		60	0	0	0	0	0	0	0	0	0	0	0	0	0	0	0	0	0	0	0	0	0,0000	0,0000	443,2496
2021-12-12	20:42:00		60	0	0	0	0	0	0	0	0	0	0	0	0	0	0	0	0	0	0	0	0	0,0000	0,0000	443,2496
2021-12-12	20:43:00		60	0	0	0	0	0	0	0	0	0	0	0	0	0	0	0	0	0	0	0	0	0,0000	0,0000	443,2496
2021-12-12	20:44:00		60	0	0	0	0	0	0	0	0	0	0	0	0	0	0	0	0	0	0	0	0	0,0000	0,0000	443,2496
2021-12-12	20:45:00		60	0	0	0	0	0	0	0	0	0	0	0	0	0	0	0	0	0	0	0	0	0,0000	0,0000	443,2496
2021-12-12	20:46:00		60	0	0	0	0	0	0	0	0	0	0	0	0	0	0	0	0	0	0	0	0	0,0000	0,0000	443,2496
2021-12-12	20:47:00		60	0	0	0	0	0	0	0	0	0	0	0	0	0	0	0	0	0	0	0	0	0,0000	0,0000	443,2496
2021-12-12	20:48:00		60	0	0	0	0	0	0	0	0	0	0	0	0	0	0	0	0	0	0	0	0	0,0000	0,0000	443,2496
2021-12-12	20:49:00		60	0	0	0	0	0	0	0	0	0	0	0	0	0	0	0	0	0	0	0	0	0,0000	0,0000	443,2496
2021-12-12	20:50:00		60	0	0	0	0	0	0	0	0	0	0	0	0	0	0	0	0	0	0	0	0	0,0000	0,0000	443,2496
2021-12-12	20:51:00		60	0	0	0	0	0	0	0	0	0	0	0	0	0	0	0	0	0	0	0	0	0,0000	0,0000	443,2496
2021-12-12	20:52:00		60	0	0	0	0	0	0	0	0	0	0	0	0	0	0	0	0	0	0	0	0	0,0000	0,0000	443,2496
2021-12-12	20:53:00		60	0	0	0	0	0	0	0	0	0	0	0	0	0	0	0	0	0	0	0	0	0,0000	0,0000	443,2496
2021-12-12	20:54:00		60	0	0	0	0	0	0	0	0	0	0	0	0	0	0	0	0	0	0	0	0	0,0000	0,0000	443,2496
2021-12-12	20:55:00		60	0	0	0	0	0	0	0	0	0	0	0	0	0	0	0	0	0	0	0	0	0,0000	0,0000	443,2496
2021-12-12	20:56:00		60	0	0	0	0	0	0	0	0	0	0	0	0	0	0	0	0	0	0	0	0	0,0000	0,0000	443,2496
2021-12-12	20:57:00		60	0	0	0	0	0	0	0	0	0	0	0	0	0	0	0	0	0	0	0	0	0,0000	0,0000	443,2496
2021-12-12	20:58:00		60	0	0	0	0	0	0	0	0	0	0	0	0	0	0	0	0	0	0	0	0	0,0000	0,0000	443,2496
2021-12-12	20:59:00		60	0	0	0	0	0	0	0	0	0	0	0	0	0	0	0	0	0	0	0	0	0,0000	0,0000	443,2496
2021-12-12	21:00:00		60	0	0	0	0	0	0	0	0	0	0	0	0	0	0	0	0	0	0	0	0	0,0000	0,0000	443,2496
2021-12-12	21:01:00		60	0	0	0	0	0	0	0	0	0	0	0	0	0	0	0	0	0	0	0	0	0,0000	0,0000	443,2496
2021-12-12	21:02:00		60	0	0	0	0	0	0	0	0	0	0	0	0	0	0	0	0	0	0	0	0	0,0000	0,0000	443,2496
2021-12-12	21:03:00		60	0	0	0	0	0	0	0	0	0	0	0	0	0	0	0	0	0	0	0	0	0,0000	0,0000	443,2496
2021-12-12	21:04:00		60	0	0	0	0	0	0	0	0	0	0	0	0	0	0	0	0	0	0	0	0	0,0000	0,0000	443,2496
2021-12-12	21:05:00		60	0	0	0	0	0	0	0	0	0	0	0	0	0	0	0	0	0	0	0	0	0,0000	0,0000	443,2496
2021-12-12	21:06:00		60	0	0	0	0	0	0	0	0	0	0	0	0	0	0	0	0	0	0	0	0	0,0000	0,0000	443,2496
2021-12-12	21:07:00		60	0	0	0	0	0	0	0	0	0	0	0	0	0	0	0	0	0	0	0	0	0,0000	0,0000	443,2496
2021-12-12	21:08:00		60	0	0	0	0	0	0	0	0	0	0	0	0	0	0	0	0	0	0	0	0	0,0000	0,0000	443,2496
2021-12-12	21:09:00		60	0	0	0	0	0	0	0	0	0	0	0	0	0	0	0	0	0	0	0	0	0,0000	0,0000	443,2496
2021-12-12	21:10:00		60	0	0	0	0	0	0	0	0	0	0	0	0	0	0	0	0	0	0	0	0	0,0000	0,0000	443,2496
2021-12-12	21:11:00		60	0	0	0	0	0	0	0	0	0	0	0	0	0	0	0	0	0	0	0	0	0,0000	0,0000	443,2496
2021-12-12	21:12:00		60	0	0	0	0	0	0	0	0	0	0	0	0	0	0	0	0	0	0	0	0	0,0000	0,0000	443,2496
2021-12-12	21:13:00		60	0	0	0	0	0	0	0	0	0	0	0	0	0	0	0	0	0	0	0	0	0,0000	0,0000	443,2496
2021-12-12	21:14:00		60	0	0	0	0	0	0	0	0	0	0	0	0	0	0	0	0	0	0	0	0	0,0000	0,0000	443,2496
2021-12-12	21:15:00		60	0	0	0	0	0	0	0	0	0	0	0	0	0	0	0	0	0	0	0	0	0,0000	0,0000	443,2496
2021-12-12	21:16:00		60	0	0	0	0	0	0	0	0	0	0	0	0	0	0	0	0	0	0	0	0	0,0000	0,0000	443,2496
2021-12-12	21:17:00		60	0	0	0	0	0	0	0	0	0	0	0	0	0	0	0	0	0	0	0	0	0,0000	0,0000	443,2496
2021-12-12	21:18:00		60	0	0	0	0	0	0	0	0	0	0	0	0	0	0	0	0	0	0	0	0	0,0000	0,0000	443,2496
2021-12-12	21:19:00		60	0	0	0	0	0	0	0	0	0	0	0	0	0	0	0	0	0	0	0	0	0,0000	0,0000	443,2496
2021-12-12	21:20:00		60	0	0	0	0	0	0	0	0	0	0	0	0	0	0	0	0	0	0	0	0	0,0000	0,0000	443,2496
2021-12-12	21:21:00		60	0	0	0	0	0	0	0	0	0	0	0	0	0	0	0	0	0	0	0	0	0,0000	0,0000	443,2496
2021-12-12	21:22:00		60	0	0	0	0	0	0	0	0	0	0	0	0	0	0	0	0	0	0	0	0	0,0000	0,0000	443,2496
2021-12-12	21:23:00		60	0	0	0	0	0	0	0	0	0	0	0	0	0	0	0	0	0	0	0	0	0,0000	0,0000	443,2496
2021-12-12	21:24:00		60	0	0	0	0	0	0	0	0	0	0	0	0	0	0	0	0	0	0	0	0	0,0000	0,0000	443,2496
2021-12-12	21:25:00		60	0	0	0	0	0	0	0	0	0	0	0	0	0	0	0	0	0	0	0	0	0,0000	0,0000	443,2496
2021-12-12	21:26:00		60	0	0	0	0	0	0	0	0	0	0	0	0	0	0	0	0	0	0	0	0	0,0000	0,0000	443,2496
2021-12-12	21:27:00		60	0	0	0	0	0	0	0	0	0	0	0	0	0	0	0	0	0	0	0	0	0,0000	0,0000	443,2496
2021-12-12	21:28:00		60	0	0	0	0	0	0	0	0	0	0	0	0	0	0	0	0	0	0	0	0	0,0000	0,0000	443,2496
2021-12-12	21:29:00		60	0	0	0	0	0	0	0	0	0	0	0	0	0	0	0	0	0	0	0	0	0,0000	0,0000	443,2496
2021-12-12	21:30:00		60	0	0	0	0	0	0	0	0	0	0	0	0	0	0	0	0	0	0	0	0	0,0000	0,0000	443,2496
2021-12-12	21:31:00		60	0	0	0	0	0	0	0	0	0	0	0	0	0	0	0	0	0	0	0	0	0,0000	0,0000	443,2496
2021-12-12	21:32:00		60	0	0	0	0	0	0	0	0	0	0	0	0	0	0	0	0	0	0	0	0	0,0000	0,0000	443,2496
2021-12-12	21:33:00		60	0	0	0	0	0	0	0	0	0	0	0	0	0	0	0	0	0	0	0	0	0,0000	0,0000	443,2496
2021-12-12	21:34:00		60	0	0	0	0	0	0	0	0	0	0	0	0	0	0	0	0	0	0	0	0	0,0000	0,0000	443,2496
2021-12-12	21:35:00		60	0	0	0	0	0	0	0	0	0	0	0	0	0	0	0	0	0	0	0	0	0,0000	0,0000	443,2496
2021-12-12	21:36:00		60	0	0	0	0	0	0	0	0	0	0	0	0	0	0	0	0	0	0	0	0	0,0000	0,0000	443,2496
2021-12-12	21:37:00		60	0	0	0	0	0	0	0	0	0	0	0	0	0	0	0	0	0	0	0	0	0,0000	0,0000	443,2496
2021-12-12	21:38:00		60	0	0	0	0	0	0	0	0	0	0	0	0	0	0	0	0	0	0	0	0	0,0000	0,0000	443,2496
2021-12-12	21:39:00		60	0	0	0	0	0	0	0	0	0	0	0	0	0	0	0	0	0	0	0	0	0,0000	0,0000	443,2496
2021-12-12	21:40:00		60	0	0	0	0	0	0	0	0	0	0	0	0	0	0	0	0	0	0	0	0	0,0000	0,0000	443,2496
2021-12-12	21:41:00		60	0	0	0	0	0	0	0	0	0	0	0	0	0	0	0	0	0	0	0	0	0,0000	0,0000	443,2496
2021-12-12	21:42:00		60	0	0	0	0	0	0	0	0	0	0	0	0	0	0	0	0	0	0	0	0	0,0000	0,0000	443,2496
2021-12-12	21:43:00		60	0	0	0	0	0	0	0	0	0	0	0	0	0	0	0	0	0	0	0	0	0,0000	0,0000	443,2496
2021-12-12	21:44:00		60	0	0	0	0	0	0	0	0	0	0	0	0	0	0	0	0	0	0	0	0	0,0000	0,0000	443,2496
2021-12-12	21:45:00		60	0	0	0	0	0	0	0	0	0	0	0	0	0	0	0	0	0	0	0	0	0,0000	0,0000	443,2496
2021-12-12	21:46:00		60	0	0	0	0	0	0	0	0	0	0	0	0	0	0	0	0	0	0	0	0	0,0000	0,0000	443,2496
2021-12-12	21:47:00		60	0	0	0	0	0	0	0	0	0	0	0	0	0	0	0	0	0	0	0	0	0,0000	0,0000	443,2496
2021-12-12	21:48:00		60	0	0	0	0	0	0	0	0	0	0	0	0	0	0	0	0	0	0	0	0	0,0000	0,0000	443,2496
2021-12-12	21:49:00		60	0	0	0	0	0	0	0	0	0	0	0	0	0	0	0	0	0	0	0	0	0,0000	0,0000	443,2496
2021-12-12	21:50:00		60	0	0	0	0	0	0	0	0	0	0	0	0	0	0	0	0	0	0	0	0	0,0000	0,0000	443,2496
2021-12-12	21:51:00		60	0	0	0	0	0	0	0	0	0	0	0	0	0	0	0	0	0	0	0	0	0,0000	0,0000	443,2496
2021-12-12	21:52:00		60	0	0	0	0	0	0	0	0	0	0	0	0	0	0	0	0	0	0	0	0	0,0000	0,0000	443,2496
2021-12-12	21:53:00		60	0	0	0	0	0	0	0	0	0	0	0	0	0	0	0	0	0	0	0	0	0,0000	0,0000	443,2496
2021-12-12	21:54:00		60	0	0	0	0	0	0	0	0	0	0	0	0	0	0	0	0	0	0	0	0	0,0000	0,0000	443,2496
2021-12-12	21:55:00		60	0	0	0	0	0	0	0	0	0	0	0	0	0	0	0	0	0	0	0	0	0,0000	0,0000	443,2496
2021-12-12	21:56:00		60	0	0	0	0	0	0	0	0	0	0	0	0	0	0	0	0	0	0	0	0	0,0000	0,0000	443,2496
2021-12-12	21:57:00		60	0	0	0	0	0	0	0	0	0	0	0	0	0	0	0	0	0	0	0	0	0,0000	0,0000	443,2496
2021-12-12	21:58:00		60	0	0	0	0	0	0	0	0	0	0	0	0	0	0	0	0	0	0	0	0	0,0000	0,0000	443,2496
2021-12-12	21:59:00		60	0	0	0	0	0	0	0	0	0	0	0	0	0	0	0	0	0	0	0	0	0,0000	0,0000	443,2496
2021-12-12	22:00:00		60	0	0	0	0	0	0	0	0	0	0	0	0	0	0	0	0	0	0	0	0	0,0000	0,0000	443,2496
2021-12-12	22:01:00		60	0	0	0	0	0	0	0	0	0	0	0	0	0	0	0	0	0	0	0	0	0,0000	0,0000	443,2496
2021-12-12	22:02:00		60	0	0	0	0	0	0	0	0	0	0	0	0	0	0	0	0	0	0	0	0	0,0000	0,0000	443,2496
2021-12-12	22:03:00		60	0	0	0	0	0	0	0	0	0	0	0	0	0	0	0	0	0	0	0	0	0,0000	0,0000	443,2496
2021-12-12	22:04:00		60	0	0	0	0	0	0	0	0	0	0	0	0	0	0	0	0	0	0	0	0	0,0000	0,0000	443,2496
2021-12-12	22:05:00		60	0	0	0	0	0	0	0	0	0	0	0	0	0	0	0	0	0	0	0	0	0,0000	0,0000	443,2496
2021-12-12	22:06:00		60	0	0	0	0	0	0	0	0	0	0	0	0	0	0	0	0	0	0	0	0	0,0000	0,0000	443,2496
2021-12-12	22:07:00		60	0	0	0	0	0	0	0	0	0	0	0	0	0	0	0	0	0	0	0	0	0,0000	0,0000	443,2496
2021-12-12	22:08:00		60	0	0	0	0	0	0	0	0	0	0	0	0	0	0	0	0	0	0	0	0	0,0000	0,0000	443,2496
2021-12-12	22:09:00		60	0	0	0	0	0	0	0	0	0	0	0	0	0	0	0	0	0	0	0	0	0,0000	0,0000	443,2496
2021-12-12	22:10:00		60	0	0	0	0	0	0	0	0	0	0	0	0	0	0	0	0	0	0	0	0	0,0000	0,0000	443,2496
2021-12-12	22:11:00		60	0	0	0	0	0	0	0	0	0	0	0	0	0	0	0	0	0	0	0	0	0,0000	0,0000	443,2496
2021-12-12	22:12:00		60	0	0	0	0	0	0	0	0	0	0	0	0	0	0	0	0	0	0	0	0	0,0000	0,0000	443,2496
2021-12-12	22:13:00		60	0	0	0	0	0	0	0	0	0	0	0	0	0	0	0	0	0	0	0	0	0,0000	0,0000	443,2496
2021-12-12	22:14:00		60	0	0	0	0	0	0	0	0	0	0	0	0	0	0	0	0	0	0	0	0	0,0000	0,0000	443,2496
2021-12-12	22:15:00		60	0	0	0	0	0	0	0	0	0	0	0	0	0	0	0	0	0	0	0	0	0,0000	0,0000	443,2496
2021-12-12	22:16:00		60	0	0	0	0	0	0	0	0	0	0	0	0	0	0	0	0	0	0	0	0	0,0000	0,0000	443,2496
2021-12-12	22:17:00		60	0	0	0	0	0	0	0	0	0	0	0	0	0	0	0	0	0	0	0	0	0,0000	0,0000	443,2496
2021-12-12	22:18:00		60	0	0	0	0	0	0	0	0	0	0	0	0	0	0	0	0	0	0	0	0	0,0000	0,0000	443,2496
2021-12-12	22:19:00		60	0	0	0	0	0	0	0	0	0	0	0	0	0	0	0	0	0	0	0	0	0,0000	0,0000	443,2496
2021-12-12	22:20:00		60	0	0	0	0	0	0	0	0	0	0	0	0	0	0	0	0	0	0	0	0	0,0000	0,0000	443,2496
2021-12-12	22:21:00		60	0	0	0	0	0	0	0	0	0	0	0	0	0	0	0	0	0	0	0	0	0,0000	0,0000	443,2496
2021-12-12	22:22:00		60	0	0	0	0	0	0	0	0	0	0	0	0	0	0	0	0	0	0	0	0	0,0000	0,0000	443,2496
2021-12-12	22:23:00		60	0	0	0	0	0	0	0	0	0	0	0	0	0	0	0	0	0	0	0	0	0,0000	0,0000	443,2496
2021-12-12	22:24:00		60	0	0	0	0	0	0	0	0	0	0	0	0	0	0	0	0	0	0	0	0	0,0000	0,0000	443,2496
2021-12-12	22:25:00		60	0	0	0	0	0	0	0	0	0	0	0	0	0	0	0	0	0	0	0	0	0,0000	0,0000	443,2496
2021-12-12	22:26:00		60	0	0	0	0	0	0	0	0	0	0	0	0	0	0	0	0	0	0	0	0	0,0000	0,0000	443,2496
2021-12-12	22:27:00		60	0	0	0	0	0	0	0	0	0	0	0	0	0	0	0	0	0	0	0	0	0,0000	0,0000	443,2496
2021-12-12	22:28:00		60	0	0	0	0	0	0	0	0	0	0	0	0	0	0	0	0	0	0	0	0	0,0000	0,0000	443,2496
2021-12-12	22:29:00		60	0	0	0	0	0	0	0	0	0	0	0	0	0	0	0	0	0	0	0	0	0,0000	0,0000	443,2496
2021-12-12	22:30:00		60	0	0	0	0	0	0	0	0	0	0	0	0	0	0	0	0	0	0	0	0	0,0000	0,0000	443,2496
2021-12-12	22:31:00		60	0	0	0	0	0	0	0	0	0	0	0	0	0	0	0	0	0	0	0	0	0,0000	0,0000	443,2496
2021-12-12	22:32:00		60	0	0	0	0	0	0	0	0	0	0	0	0	0	0	0	0	0	0	0	0	0,0000	0,0000	443,2496
2021-12-12	22:33:00		60	0	0	0	0	0	0	0	0	0	0	0	0	0	0	0	0	0	0	0	0	0,0000	0,0000	443,2496
2021-12-12	22:34:00		60	0	0	0	0	0	0	0	0	0	0	0	0	0	0	0	0	0	0	0	0	0,0000	0,0000	443,2496
2021-12-12	22:35:00		60	0	0	0	0	0	0	0	0	0	0	0	0	0	0	0	0	0	0	0	0	0,0000	0,0000	443,2496
2021-12-12	22:36:00		60	0	0	0	0	0	0	0	0	0	0	0	0	0	0	0	0	0	0	0	0	0,0000	0,0000	443,2496
2021-12-12	22:37:00		60	0	0	0	0	0	0	0	0	0	0	0	0	0	0	0	0	0	0	0	0	0,0000	0,0000	443,2496
2021-12-12	22:38:00		60	0	0	0	0	0	0	0	0	0	0	0	0	0	0	0	0	0	0	0	0	0,0000	0,0000	443,2496
2021-12-12	22:39:00		60	0	0	0	0	0	0	0	0	0	0	0	0	0	0	0	0	0	0	0	0	0,0000	0,0000	443,2496
2021-12-12	22:40:00		60	0	0	0	0	0	0	0	0	0	0	0	0	0	0	0	0	0	0	0	0	0,0000	0,0000	443,2496
2021-12-12	22:41:00		60	0	0	0	0	0	0	0	0	0	0	0	0	0	0	0	0	0	0	0	0	0,0000	0,0000	443,2496
2021-12-12	22:42:00		60	0	0	0	0	0	0	0	0	0	0	0	0	0	0	0	0	0	0	0	0	0,0000	0,0000	443,2496
2021-12-12	22:43:00		60	0	0	0	0	0	0	0	0	0	0	0	0	0	0	0	0	0	0	0	0	0,0000	0,0000	443,2496
2021-12-12	22:44:00		60	0	0	0	0	0	0	0	0	0	0	0	0	0	0	0	0	0	0	0	0	0,0000	0,0000	443,2496
2021-12-12	22:45:00		60	0	0	0	0	0	0	0	0	0	0	0	0	0	0	0	0	0	0	0	0	0,0000	0,0000	443,2496
2021-12-12	22:46:00		60	0	0	0	0	0	0	0	0	0	0	0	0	0	0	0	0	0	0	0	0	0,0000	0,0000	443,2496
2021-12-12	22:47:00		60	0	0	0	0	0	0	0	0	0	0	0	0	0	0	0	0	0	0	0	0	0,0000	0,0000	443,2496
2021-12-12	22:48:00		60	0	0	0	0	0	0	0	0	0	0	0	0	0	0	0	0	0	0	0	0	0,0000	0,0000	443,2496
2021-12-12	22:49:00		60	0	0	0	0	0	0	0	0	0	0	0	0	0	0	0	0	0	0	0	0	0,0000	0,0000	443,2496
2021-12-12	22:50:00		60	0	0	0	0	0	0	0	0	0	0	0	0	0	0	0	0	0	0	0	0	0,0000	0,0000	443,2496
2021-12-12	22:51:00		60	0	0	0	0	0	0	0	0	0	0	0	0	0	0	0	0	0	0	0	0	0,0000	0,0000	443,2496
2021-12-12	22:52:00		60	0	0	0	0	0	0	0	0	0	0	0	0	0	0	0	0	0	0	0	0	0,0000	0,0000	443,2496
2021-12-12	22:53:00		60	0	0	0	0	0	0	0	0	0	0	0	0	0	0	0	0	0	0	0	0	0,0000	0,0000	443,2496
2021-12-12	22:54:00		60	0	0	0	0	0	0	0	0	0	0	0	0	0	0	0	0	0	0	0	0	0,0000	0,0000	443,2496
2021-12-12	22:55:00		60	0	0	0	0	0	0	0	0	0	0	0	0	0	0	0	0	0	0	0	0	0,0000	0,0000	443,2496
2021-12-12	22:56:00		60	0	0	0	0	0	0	0	0	0	0	0	0	0	0	0	0	0	0	0	0	0,0000	0,0000	443,2496
2021-12-12	22:57:00		60	0	0	0	0	0	0	0	0	0	0	0	0	0	0	0	0	0	0	0	0	0,0000	0,0000	443,2496
2021-12-12	22:58:00		60	0	0	0	0	0	0	0	0	0	0	0	0	0	0	0	0	0	0	0	0	0,0000	0,0000	443,2496
2021-12-12	22:59:00		60	0	0	0	0	0	0	0	0	0	0	0	0	0	0	0	0	0	0	0	0	0,0000	0,0000	443,2496
2021-12-12	23:00:00		60	0	0	0	0	0	0	0	0	0	0	0	0	0	0	0	0	0	0	0	0	0,0000	0,0000	443,2496
2021-12-12	23:01:00		60	0	0	0	0	0	0	0	0	0	0	0	0	0	0	0	0	0	0	0	0	0,0000	0,0000	443,2496
2021-12-12	23:02:00		60	0	0	0	0	0	0	0	0	0	0	0	0	0	0	0	0	0	0	0	0	0,0000	0,0000	443,2496
2021-12-12	23:03:00		60	0	0	0	0	0	0	0	0	0	0	0	0	0	0	0	0	0	0	0	0	0,0000	0,0000	443,2496
2021-12-12	23:04:00		60	0	0	0	0	0	0	0	0	0	0	0	0	0	0	0	0	0	0	0	0	0,0000	0,0000	443,2496
2021-12-12	23:05:00		60	0	0	0	0	0	0	0	0	0	0	0	0	0	0	0	0	0	0	0	0	0,0000	0,0000	443,2496
2021-12-12	23:06:00		60	0	0	0	0	0	0	0	0	0	0	0	0	0	0	0	0	0	0	0	0	0,0000	0,0000	443,2496
2021-12-12	23:07:00		60	0	0	0	0	0	0	0	0	0	0	0	0	0	0	0	0	0	0	0	0	0,0000	0,0000	443,2496
2021-12-12	23:08:00		60	0	0	0	0	0	0	0	0	0	0	0	0	0	0	0	0	0	0	0	0	0,0000	0,0000	443,2496
2021-12-12	23:09:00		60	0	0	0	0	0	0	0	0	0	0	0	0	0	0	0	0	0	0	0	0	0,0000	0,0000	443,2496
2021-12-12	23:10:00		60	0	0	0	0	0	0	0	0	0	0	0	0	0	0	0	0	0	0	0	0	0,0000	0,0000	443,2496
2021-12-12	23:11:00		60	0	0	0	0	0	0	0	0	0	0	0	0	0	0	0	0	0	0	0	0	0,0000	0,0000	443,2496
2021-12-12	23:12:00		60	0	0	0	0	0	0	0	0	0	0	0	0	0	0	0	0	0	0	0	0	0,0000	0,0000	443,2496
2021-12-12	23:13:00		60	0	0	0	0	0	0	0	0	0	0	0	0	0	0	0	0	0	0	0	0	0,0000	0,0000	443,2496
2021-12-12	23:14:00		60	0	0	0	0	0	0	0	0	0	0	0	0	0	0	0	0	0	0	0	0	0,0000	0,0000	443,2496
2021-12-12	23:15:00		60	0	0	0	0	0	0	0	0	0	0	0	0	0	0	0	0	0	0	0	0	0,0000	0,0000	443,2496
2021-12-12	23:16:00		60	0	0	0	0	0	0	0	0	0	0	0	0	0	0	0	0	0	0	0	0	0,0000	0,0000	443,2496
2021-12-12	23:17:00		60	0	0	0	0	0	0	0	0	0	0	0	0	0	0	0	0	0	0	0	0	0,0000	0,0000	443,2496
2021-12-12	23:18:00		60	0	0	0	0	0	0	0	0	0	0	0	0	0	0	0	0	0	0	0	0	0,0000	0,0000	443,2496
2021-12-12	23:19:00		60	0	0	0	0	0	0	0	0	0	0	0	0	0	0	0	0	0	0	0	0	0,0000	0,0000	443,2496
2021-12-12	23:20:00		60	0	0	0	0	0	0	0	0	0	0	0	0	0	0	0	0	0	0	0	0	0,0000	0,0000	443,2496
2021-12-12	23:21:00		60	0	0	0	0	0	0	0	0	0	0	0	0	0	0	0	0	0	0	0	0	0,0000	0,0000	443,2496
2021-12-12	23:22:00		60	0	0	0	0	0	0	0	0	0	0	0	0	0	0	0	0	0	0	0	0	0,0000	0,0000	443,2496
2021-12-12	23:23:00		60	0	0	0	0	0	0	0	0	0	0	0	0	0	0	0	0	0	0	0	0	0,0000	0,0000	443,2496
2021-12-12	23:24:00		60	0	0	0	0	0	0	0	0	0	0	0	0	0	0	0	0	0	0	0	0	0,0000	0,0000	443,2496
2021-12-12	23:25:00		60	0	0	0	0	0	0	0	0	0	0	0	0	0	0	0	0	0	0	0	0	0,0000	0,0000	443,2496
2021-12-12	23:26:00		60	0	0	0	0	0	0	0	0	0	0	0	0	0	0	0	0	0	0	0	0	0,0000	0,0000	443,2496
2021-12-12	23:27:00		60	0	0	0	0	0	0	0	0	0	0	0	0	0	0	0	0	0	0	0	0	0,0000	0,0000	443,2496
2021-12-12	23:28:00		60	0	0	0	0	0	0	0	0	0	0	0	0	0	0	0	0	0	0	0	0	0,0000	0,0000	443,2496
2021-12-12	23:29:00		60	0	0	0	0	0	0	0	0	0	0	0	0	0	0	0	0	0	0	0	0	0,0000	0,0000	443,2496
2021-12-12	23:30:00		60	0	0	0	0	0	0	0	0	0	0	0	0	0	0	0	0	0	0	0	0	0,0000	0,0000	443,2496
2021-12-12	23:31:00		60	0	0	0	0	0	0	0	0	0	0	0	0	0	0	0	0	0	0	0	0	0,0000	0,0000	443,2496
2021-12-12	23:32:00		60	0	0	0	0	0	0	0	0	0	0	0	0	0	0	0	0	0	0	0	0	0,0000	0,0000	443,2496
2021-12-12	23:33:00		60	0	0	0	0	0	0	0	0	0	0	0	0	0	0	0	0	0	0	0	0	0,0000	0,0000	443,2496
2021-12-12	23:34:00		60	0	0	0	0	0	0	0	0	0	0	0	0	0	0	0	0	0	0	0	0	0,0000	0,0000	443,2496
2021-12-12	23:35:00		60	0	0	0	0	0	0	0	0	0	0	0	0	0	0	0	0	0	0	0	0	0,0000	0,0000	443,2496
2021-12-12	23:36:00		60	0	0	0	0	0	0	0	0	0	0	0	0	0	0	0	0	0	0	0	0	0,0000	0,0000	443,2496
2021-12-12	23:37:00		60	0	0	0	0	0	0	0	0	0	0	0	0	0	0	0	0	0	0	0	0	0,0000	0,0000	443,2496
2021-12-12	23:38:00		60	0	0	0	0	0	0	0	0	0	0	0	0	0	0	0	0	0	0	0	0	0,0000	0,0000	443,2496
2021-12-12	23:39:00		60	0	0	0	0	0	0	0	0	0	0	0	0	0	0	0	0	0	0	0	0	0,0000	0,0000	443,2496
2021-12-12	23:40:00		60	0	0	0	0	0	0	0	0	0	0	0	0	0	0	0	0	0	0	0	0	0,0000	0,0000	443,2496
2021-12-12	23:41:00		60	0	0	0	0	0	0	0	0	0	0	0	0	0	0	0	0	0	0	0	0	0,0000	0,0000	443,2496
2021-12-12	23:42:00		60	0	0	0	0	0	0	0	0	0	0	0	0	0	0	0	0	0	0	0	0	0,0000	0,0000	443,2496
2021-12-12	23:43:00		60	0	0	0	0	0	0	0	0	0	0	0	0	0	0	0	0	0	0	0	0	0,0000	0,0000	443,2496
2021-12-12	23:44:00		60	0	0	0	0	0	0	0	0	0	0	0	0	0	0	0	0	0	0	0	0	0,0000	0,0000	443,2496
2021-12-12	23:45:00		60	0	0	0	0	0	0	0	0	0	0	0	0	0	0	0	0	0	0	0	0	0,0000	0,0000	443,2496
2021-12-12	23:46:00		60	0	0	0	0	0	0	0	0	0	0	0	0	0	0	0	0	0	0	0	0	0,0000	0,0000	443,2496
2021-12-12	23:47:00		60	0	0	0	0	0	0	0	0	0	0	0	0	0	0	0	0	0	0	0	0	0,0000	0,0000	443,2496
2021-12-12	23:48:00		60	0	0	0	0	0	0	0	0	0	0	0	0	0	0	0	0	0	0	0	0	0,0000	0,0000	443,2496
2021-12-12	23:49:00		60	0	0	0	0	0	0	0	0	0	0	0	0	0	0	0	0	0	0	0	0	0,0000	0,0000	443,2496
2021-12-12	23:50:00		60	0	0	0	0	0	0	0	0	0	0	0	0	0	0	0	0	0	0	0	0	0,0000	0,0000	443,2496
2021-12-12	23:51:00		60	0	0	0	0	0	0	0	0	0	0	0	0	0	0	0	0	0	0	0	0	0,0000	0,0000	443,2496
2021-12-12	23:52:00		60	0	0	0	0	0	0	0	0	0	0	0	0	0	0	0	0	0	0	0	0	0,0000	0,0000	443,2496
2021-12-12	23:53:00		60	0	0	0	0	0	0	0	0	0	0	0	0	0	0	0	0	0	0	0	0	0,0000	0,0000	443,2496
2021-12-12	23:54:00		60	0	0	0	0	0	0	0	0	0	0	0	0	0	0	0	0	0	0	0	0	0,0000	0,0000	443,2496
2021-12-12	23:55:00		60	0	0	0	0	0	0	0	0	0	0	0	0	0	0	0	0	0	0	0	0	0,0000	0,0000	443,2496
2021-12-12	23:56:00		60	0	0	0	0	0	0	0	0	0	0	0	0	0	0	0	0	0	0	0	0	0,0000	0,0000	443,2496
2021-12-12	23:57:00		60	0	0	0	0	0	0	0	0	0	0	0	0	0	0	0	0	0	0	0	0	0,0000	0,0000	443,2496
2021-12-12	23:58:00		60	0	0	0	0	0	0	0	0	0	0	0	0	0	0	0	0	0	0	0	0	0,0000	0,0000	443,2496
2021-12-12	23:59:00		60	0	0	0	0	0	0	0	0	0	0	0	0	0	0	0	0	0	0	0	0	0,0000	0,0000	443,2496
2021-12-13	00:00:00		60	0	0	0	0	0	0	0	0	0	0	0	0	0	0	0	0	0	0	0	0	0,0000	0,0000	443,2496
2021-12-13	00:01:00		60	0	0	0	0	0	0	0	0	0	0	0	0	0	0	0	0	0	0	0	0	0,0000	0,0000	443,2496
2021-12-13	00:02:00		60	0	0	0	0	0	0	0	0	0	0	0	0	0	0	0	0	0	0	0	0	0,0000	0,0000	443,2496
2021-12-13	00:03:00		60	0	0	0	0	0	0	0	0	0	0	0	0	0	0	0	0	0	0	0	0	0,0000	0,0000	443,2496
2021-12-13	00:04:00		60	0	0	0	0	0	0	0	0	0	0	0	0	0	0	0	0	0	0	0	0	0,0000	0,0000	443,2496
2021-12-13	00:05:00		60	0	0	0	0	0	0	0	0	0	0	0	0	0	0	0	0	0	0	0	0	0,0000	0,0000	443,2496
2021-12-13	00:06:00		60	0	0	0	0	0	0	0	0	0	0	0	0	0	0	0	0	0	0	0	0	0,0000	0,0000	443,2496
2021-12-13	00:07:00		60	0	0	0	0	0	0	0	0	0	0	0	0	0	0	0	0	0	0	0	0	0,0000	0,0000	443,2496
2021-12-13	00:08:00		60	0	0	0	0	0	0	0	0	0	0	0	0	0	0	0	0	0	0	0	0	0,0000	0,0000	443,2496
2021-12-13	00:09:00		60	0	0	0	0	0	0	0	0	0	0	0	0	0	0	0	0	0	0	0	0	0,0000	0,0000	443,2496
2021-12-13	00:10:00		60	0	0	0	0	0	0	0	0	0	0	0	0	0	0	0	0	0	0	0	0	0,0000	0,0000	443,2496
2021-12-13	00:11:00		60	0	0	0	0	0	0	0	0	0	0	0	0	0	0	0	0	0	0	0	0	0,0000	0,0000	443,2496
2021-12-13	00:12:00		60	0	0	0	0	0	0	0	0	0	0	0	0	0	0	0	0	0	0	0	0	0,0000	0,0000	443,2496
2021-12-13	00:13:00		60	0	0	0	0	0	0	0	0	0	0	0	0	0	0	0	0	0	0	0	0	0,0000	0,0000	443,2496
2021-12-13	00:14:00		60	0	0	0	0	0	0	0	0	0	0	0	0	0	0	0	0	0	0	0	0	0,0000	0,0000	443,2496
2021-12-13	00:15:00		60	0	0	0	0	0	0	0	0	0	0	0	0	0	0	0	0	0	0	0	0	0,0000	0,0000	443,2496
2021-12-13	00:16:00		60	0	0	0	0	0	0	0	0	0	0	0	0	0	0	0	0	0	0	0	0	0,0000	0,0000	443,2496
2021-12-13	00:17:00		60	0	0	0	0	0	0	0	0	0	0	0	0	0	0	0	0	0	0	0	0	0,0000	0,0000	443,2496
2021-12-13	00:18:00		60	0	0	0	0	0	0	0	0	0	0	0	0	0	0	0	0	0	0	0	0	0,0000	0,0000	443,2496
2021-12-13	00:19:00		60	0	0	0	0	0	0	0	0	0	0	0	0	0	0	0	0	0	0	0	0	0,0000	0,0000	443,2496
2021-12-13	00:20:00		60	0	0	0	0	0	0	0	0	0	0	0	0	0	0	0	0	0	0	0	0	0,0000	0,0000	443,2496
2021-12-13	00:21:00		60	0	0	0	0	0	0	0	0	0	0	0	0	0	0	0	0	0	0	0	0	0,0000	0,0000	443,2496
2021-12-13	00:22:00		60	0	0	0	0	0	0	0	0	0	0	0	0	0	0	0	0	0	0	0	0	0,0000	0,0000	443,2496
2021-12-13	00:23:00		60	0	0	0	0	0	0	0	0	0	0	0	0	0	0	0	0	0	0	0	0	0,0000	0,0000	443,2496
2021-12-13	00:24:00		60	0	0	0	0	0	0	0	0	0	0	0	0	0	0	0	0	0	0	0	0	0,0000	0,0000	443,2496
2021-12-13	00:25:00		60	0	0	0	0	0	0	0	0	0	0	0	0	0	0	0	0	0	0	0	0	0,0000	0,0000	443,2496
2021-12-13	00:26:00		60	0	0	0	0	0	0	0	0	0	0	0	0	0	0	0	0	0	0	0	0	0,0000	0,0000	443,2496
2021-12-13	00:27:00		60	0	0	0	0	0	0	0	0	0	0	0	0	0	0	0	0	0	0	0	0	0,0000	0,0000	443,2496
2021-12-13	00:28:00		60	0	0	0	0	0	0	0	0	0	0	0	0	0	0	0	0	0	0	0	0	0,0000	0,0000	443,2496
2021-12-13	00:29:00		60	0	0	0	0	0	0	0	0	0	0	0	0	0	0	0	0	0	0	0	0	0,0000	0,0000	443,2496
2021-12-13	00:30:00		60	0	0	0	0	0	0	0	0	0	0	0	0	0	0	0	0	0	0	0	0	0,0000	0,0000	443,2496
2021-12-13	00:31:00		60	0	0	0	0	0	0	0	0	0	0	0	0	0	0	0	0	0	0	0	0	0,0000	0,0000	443,2496
2021-12-13	00:32:00		60	0	0	0	0	0	0	0	0	0	0	0	0	0	0	0	0	0	0	0	0	0,0000	0,0000	443,2496
2021-12-13	00:33:00		60	0	0	0	0	0	0	0	0	0	0	0	0	0	0	0	0	0	0	0	0	0,0000	0,0000	443,2496
2021-12-13	00:34:00		60	0	0	0	0	0	0	0	0	0	0	0	0	0	0	0	0	0	0	0	0	0,0000	0,0000	443,2496
2021-12-13	00:35:00		60	0	0	0	0	0	0	0	0	0	0	0	0	0	0	0	0	0	0	0	0	0,0000	0,0000	443,2496
2021-12-13	00:36:00		60	0	0	0	0	0	0	0	0	0	0	0	0	0	0	0	0	0	0	0	0	0,0000	0,0000	443,2496
2021-12-13	00:37:00		60	0	0	0	0	0	0	0	0	0	0	0	0	0	0	0	0	0	0	0	0	0,0000	0,0000	443,2496
2021-12-13	00:38:00		60	0	0	0	0	0	0	0	0	0	0	0	0	0	0	0	0	0	0	0	0	0,0000	0,0000	443,2496
2021-12-13	00:39:00		60	0	0	0	0	0	0	0	0	0	0	0	0	0	0	0	0	0	0	0	0	0,0000	0,0000	443,2496
2021-12-13	00:40:00		60	0	0	0	0	0	0	0	0	0	0	0	0	0	0	0	0	0	0	0	0	0,0000	0,0000	443,2496
2021-12-13	00:41:00		60	0	0	0	0	0	0	0	0	0	0	0	0	0	0	0	0	0	0	0	0	0,0000	0,0000	443,2496
2021-12-13	00:42:00		60	0	0	0	0	0	0	0	0	0	0	0	0	0	0	0	0	0	0	0	0	0,0000	0,0000	443,2496
2021-12-13	00:43:00		60	0	0	0	0	0	0	0	0	0	0	0	0	0	0	0	0	0	0	0	0	0,0000	0,0000	443,2496
2021-12-13	00:44:00		60	0	0	0	0	0	0	0	0	0	0	0	0	0	0	0	0	0	0	0	0	0,0000	0,0000	443,2496
2021-12-13	00:45:00		60	0	0	0	0	0	0	0	0	0	0	0	0	0	0	0	0	0	0	0	0	0,0000	0,0000	443,2496
2021-12-13	00:46:00		60	0	0	0	0	0	0	0	0	0	0	0	0	0	0	0	0	0	0	0	0	0,0000	0,0000	443,2496
2021-12-13	00:47:00		60	0	0	0	0	0	0	0	0	0	0	0	0	0	0	0	0	0	0	0	0	0,0000	0,0000	443,2496
2021-12-13	00:48:00		60	0	0	0	0	0	0	0	0	0	0	0	0	0	0	0	0	0	0	0	0	0,0000	0,0000	443,2496
2021-12-13	00:49:00		60	0	0	0	0	0	0	0	0	0	0	0	0	0	0	0	0	0	0	0	0	0,0000	0,0000	443,2496
2021-12-13	00:50:00		60	0	0	0	0	0	0	0	0	0	0	0	0	0	0	0	0	0	0	0	0	0,0000	0,0000	443,2496
2021-12-13	00:51:00		60	0	0	0	0	0	0	0	0	0	0	0	0	0	0	0	0	0	0	0	0	0,0000	0,0000	443,2496
2021-12-13	00:52:00		60	0	0	0	0	0	0	0	0	0	0	0	0	0	0	0	0	0	0	0	0	0,0000	0,0000	443,2496
2021-12-13	00:53:00		60	0	0	0	0	0	0	0	0	0	0	0	0	0	0	0	0	0	0	0	0	0,0000	0,0000	443,2496
2021-12-13	00:54:00		60	0	0	0	0	0	0	0	0	0	0	0	0	0	0	0	0	0	0	0	0	0,0000	0,0000	443,2496
2021-12-13	00:55:00		60	0	0	0	0	0	0	0	0	0	0	0	0	0	0	0	0	0	0	0	0	0,0000	0,0000	443,2496
2021-12-13	00:56:00		60	0	0	0	0	0	0	0	0	0	0	0	0	0	0	0	0	0	0	0	0	0,0000	0,0000	443,2496
2021-12-13	00:57:00		60	0	0	0	0	0	0	0	0	0	0	0	0	0	0	0	0	0	0	0	0	0,0000	0,0000	443,2496
2021-12-13	00:58:00		60	0	0	0	0	0	0	0	0	0	0	0	0	0	0	0	0	0	0	0	0	0,0000	0,0000	443,2496
2021-12-13	00:59:00		60	0	0	0	0	0	0	0	0	0	0	0	0	0	0	0	0	0	0	0	0	0,0000	0,0000	443,2496
2021-12-13	01:00:00		60	0	0	0	0	0	0	0	0	0	0	0	0	0	0	0	0	0	0	0	0	0,0000	0,0000	443,2496
2021-12-13	01:01:00		60	0	0	0	0	0	0	0	0	0	0	0	0	0	0	0	0	0	0	0	0	0,0000	0,0000	443,2496
2021-12-13	01:02:00		60	0	0	0	0	0	0	0	0	0	0	0	0	0	0	0	0	0	0	0	0	0,0000	0,0000	443,2496
2021-12-13	01:03:00		60	0	0	0	0	0	0	0	0	0	0	0	0	0	0	0	0	0	0	0	0	0,0000	0,0000	443,2496
2021-12-13	01:04:00		60	0	0	0	0	0	0	0	0	0	0	0	0	0	0	0	0	0	0	0	0	0,0000	0,0000	443,2496
2021-12-13	01:05:00		60	0	0	0	0	0	0	0	0	0	0	0	0	0	0	0	0	0	0	0	0	0,0000	0,0000	443,2496
2021-12-13	01:06:00		60	0	0	0	0	0	0	0	0	0	0	0	0	0	0	0	0	0	0	0	0	0,0000	0,0000	443,2496
2021-12-13	01:07:00		60	0	0	0	0	0	0	0	0	0	0	0	0	0	0	0	0	0	0	0	0	0,0000	0,0000	443,2496
2021-12-13	01:08:00		60	0	0	0	0	0	0	0	0	0	0	0	0	0	0	0	0	0	0	0	0	0,0000	0,0000	443,2496
2021-12-13	01:09:00		60	0	0	0	0	0	0	0	0	0	0	0	0	0	0	0	0	0	0	0	0	0,0000	0,0000	443,2496
2021-12-13	01:10:00		60	0	0	0	0	0	0	0	0	0	0	0	0	0	0	0	0	0	0	0	0	0,0000	0,0000	443,2496
2021-12-13	01:11:00		60	0	0	0	0	0	0	0	0	0	0	0	0	0	0	0	0	0	0	0	0	0,0000	0,0000	443,2496
2021-12-13	01:12:00		60	0	0	0	0	0	0	0	0	0	0	0	0	0	0	0	0	0	0	0	0	0,0000	0,0000	443,2496
2021-12-13	01:13:00		60	0	0	0	0	0	0	0	0	0	0	0	0	0	0	0	0	0	0	0	0	0,0000	0,0000	443,2496
2021-12-13	01:14:00		60	0	0	0	0	0	0	0	0	0	0	0	0	0	0	0	0	0	0	0	0	0,0000	0,0000	443,2496
2021-12-13	01:15:00		60	0	0	0	0	0	0	0	0	0	0	0	0	0	0	0	0	0	0	0	0	0,0000	0,0000	443,2496
2021-12-13	01:16:00		60	0	0	0	0	0	0	0	0	0	0	0	0	0	0	0	0	0	0	0	0	0,0000	0,0000	443,2496
2021-12-13	01:17:00		60	0	0	0	0	0	0	0	0	0	0	0	0	0	0	0	0	0	0	0	0	0,0000	0,0000	443,2496
2021-12-13	01:18:00		60	0	0	0	0	0	0	0	0	0	0	0	0	0	0	0	0	0	0	0	0	0,0000	0,0000	443,2496
2021-12-13	01:19:00		60	0	0	0	0	0	0	0	0	0	0	0	0	0	0	0	0	0	0	0	0	0,0000	0,0000	443,2496
2021-12-13	01:20:00		60	0	0	0	0	0	0	0	0	0	0	0	0	0	0	0	0	0	0	0	0	0,0000	0,0000	443,2496
2021-12-13	01:21:00		60	0	0	0	0	0	0	0	0	0	0	0	0	0	0	0	0	0	0	0	0	0,0000	0,0000	443,2496
2021-12-13	01:22:00		60	0	0	0	0	0	0	0	0	0	0	0	0	0	0	0	0	0	0	0	0	0,0000	0,0000	443,2496
2021-12-13	01:23:00		60	0	0	0	0	0	0	0	0	0	0	0	0	0	0	0	0	0	0	0	0	0,0000	0,0000	443,2496
2021-12-13	01:24:00		60	0	0	0	0	0	0	0	0	0	0	0	0	0	0	0	0	0	0	0	0	0,0000	0,0000	443,2496
2021-12-13	01:25:00		60	0	0	0	0	0	0	0	0	0	0	0	0	0	0	0	0	0	0	0	0	0,0000	0,0000	443,2496
2021-12-13	01:26:00		60	0	0	0	0	0	0	0	0	0	0	0	0	0	0	0	0	0	0	0	0	0,0000	0,0000	443,2496
2021-12-13	01:27:00		60	0	0	0	0	0	0	0	0	0	0	0	0	0	0	0	0	0	0	0	0	0,0000	0,0000	443,2496
2021-12-13	01:28:00		60	0	0	0	0	0	0	0	0	0	0	0	0	0	0	0	0	0	0	0	0	0,0000	0,0000	443,2496
2021-12-13	01:29:00		60	0	0	0	0	0	0	0	0	0	0	0	0	0	0	0	0	0	0	0	0	0,0000	0,0000	443,2496
2021-12-13	01:30:00		60	0	0	0	0	0	0	0	0	0	0	0	0	0	0	0	0	0	0	0	0	0,0000	0,0000	443,2496
2021-12-13	01:31:00		60	0	0	0	0	0	0	0	0	0	0	0	0	0	0	0	0	0	0	0	0	0,0000	0,0000	443,2496
2021-12-13	01:32:00		60	0	0	0	0	0	0	0	0	0	0	0	0	0	0	0	0	0	0	0	0	0,0000	0,0000	443,2496
2021-12-13	01:33:00		60	0	0	0	0	0	0	0	0	0	0	0	0	0	0	0	0	0	0	0	0	0,0000	0,0000	443,2496
2021-12-13	01:34:00		60	0	0	0	0	0	0	0	0	0	0	0	0	0	0	0	0	0	0	0	0	0,0000	0,0000	443,2496
2021-12-13	01:35:00		60	0	0	0	0	0	0	0	0	0	0	0	0	0	0	0	0	0	0	0	0	0,0000	0,0000	443,2496
2021-12-13	01:36:00		60	0	0	0	0	0	0	0	0	0	0	0	0	0	0	0	0	0	0	0	0	0,0000	0,0000	443,2496
2021-12-13	01:37:00		60	0	0	0	0	0	0	0	0	0	0	0	0	0	0	0	0	0	0	0	0	0,0000	0,0000	443,2496
2021-12-13	01:38:00		60	0	0	0	0	0	0	0	0	0	0	0	0	0	0	0	0	0	0	0	0	0,0000	0,0000	443,2496
2021-12-13	01:39:00		60	0	0	0	0	0	0	0	0	0	0	0	0	0	0	0	0	0	0	0	0	0,0000	0,0000	443,2496
2021-12-13	01:40:00		60	0	0	0	0	0	0	0	0	0	0	0	0	0	0	0	0	0	0	0	0	0,0000	0,0000	443,2496
2021-12-13	01:41:00		60	0	0	0	0	0	0	0	0	0	0	0	0	0	0	0	0	0	0	0	0	0,0000	0,0000	443,2496
2021-12-13	01:42:00		60	0	0	0	0	0	0	0	0	0	0	0	0	0	0	0	0	0	0	0	0	0,0000	0,0000	443,2496
2021-12-13	01:43:00		60	0	0	0	0	0	0	0	0	0	0	0	0	0	0	0	0	0	0	0	0	0,0000	0,0000	443,2496
2021-12-13	01:44:00		60	0	0	0	0	0	0	0	0	0	0	0	0	0	0	0	0	0	0	0	0	0,0000	0,0000	443,2496
2021-12-13	01:45:00		60	0	0	0	0	0	0	0	0	0	0	0	0	0	0	0	0	0	0	0	0	0,0000	0,0000	443,2496
2021-12-13	01:46:00		60	0	0	0	0	0	0	0	0	0	0	0	0	0	0	0	0	0	0	0	0	0,0000	0,0000	443,2496
2021-12-13	01:47:00		60	0	0	0	0	0	0	0	0	0	0	0	0	0	0	0	0	0	0	0	0	0,0000	0,0000	443,2496
2021-12-13	01:48:00		60	0	0	0	0	0	0	0	0	0	0	0	0	0	0	0	0	0	0	0	0	0,0000	0,0000	443,2496
2021-12-13	01:49:00		60	0	0	0	0	0	0	0	0	0	0	0	0	0	0	0	0	0	0	0	0	0,0000	0,0000	443,2496
2021-12-13	01:50:00		60	0	0	0	0	0	0	0	0	0	0	0	0	0	0	0	0	0	0	0	0	0,0000	0,0000	443,2496
2021-12-13	01:51:00		60	0	0	0	0	0	0	0	0	0	0	0	0	0	0	0	0	0	0	0	0	0,0000	0,0000	443,2496
2021-12-13	01:52:00		60	0	0	0	0	0	0	0	0	0	0	0	0	0	0	0	0	0	0	0	0	0,0000	0,0000	443,2496
2021-12-13	01:53:00		60	0	0	0	0	0	0	0	0	0	0	0	0	0	0	0	0	0	0	0	0	0,0000	0,0000	443,2496
2021-12-13	01:54:00		60	0	0	0	0	0	0	0	0	0	0	0	0	0	0	0	0	0	0	0	0	0,0000	0,0000	443,2496
2021-12-13	01:55:00		60	0	0	0	0	0	0	0	0	0	0	0	0	0	0	0	0	0	0	0	0	0,0000	0,0000	443,2496
2021-12-13	01:56:00		60	0	0	0	0	0	0	0	0	0	0	0	0	0	0	0	0	0	0	0	0	0,0000	0,0000	443,2496
2021-12-13	01:57:00		60	0	0	0	0	0	0	0	0	0	0	0	0	0	0	0	0	0	0	0	0	0,0000	0,0000	443,2496
2021-12-13	01:58:00		60	0	0	0	0	0	0	0	0	0	0	0	0	0	0	0	0	0	0	0	0	0,0000	0,0000	443,2496
2021-12-13	01:59:00		60	0	0	0	0	0	0	0	0	0	0	0	0	0	0	0	0	0	0	0	0	0,0000	0,0000	443,2496
2021-12-13	02:00:00		60	0	0	0	0	0	0	0	0	0	0	0	0	0	0	0	0	0	0	0	0	0,0000	0,0000	443,2496
2021-12-13	02:01:00		60	0	0	0	0	0	0	0	0	0	0	0	0	0	0	0	0	0	0	0	0	0,0000	0,0000	443,2496
2021-12-13	02:02:00		60	0	0	0	0	0	0	0	0	0	0	0	0	0	0	0	0	0	0	0	0	0,0000	0,0000	443,2496
2021-12-13	02:03:00		60	0	0	0	0	0	0	0	0	0	0	0	0	0	0	0	0	0	0	0	0	0,0000	0,0000	443,2496
2021-12-13	02:04:00		60	0	0	0	0	0	0	0	0	0	0	0	0	0	0	0	0	0	0	0	0	0,0000	0,0000	443,2496
2021-12-13	02:05:00		60	0	0	0	0	0	0	0	0	0	0	0	0	0	0	0	0	0	0	0	0	0,0000	0,0000	443,2496
2021-12-13	02:06:00		60	0	0	0	0	0	0	0	0	0	0	0	0	0	0	0	0	0	0	0	0	0,0000	0,0000	443,2496
2021-12-13	02:07:00		60	0	0	0	0	0	0	0	0	0	0	0	0	0	0	0	0	0	0	0	0	0,0000	0,0000	443,2496
2021-12-13	02:08:00		60	0	0	0	0	0	0	0	0	0	0	0	0	0	0	0	0	0	0	0	0	0,0000	0,0000	443,2496
2021-12-13	02:09:00		60	0	0	0	0	0	0	0	0	0	0	0	0	0	0	0	0	0	0	0	0	0,0000	0,0000	443,2496
2021-12-13	02:10:00		60	0	0	0	0	0	0	0	0	0	0	0	0	0	0	0	0	0	0	0	0	0,0000	0,0000	443,2496
2021-12-13	02:11:00		60	0	0	0	0	0	0	0	0	0	0	0	0	0	0	0	0	0	0	0	0	0,0000	0,0000	443,2496
2021-12-13	02:12:00		60	0	0	0	0	0	0	0	0	0	0	0	0	0	0	0	0	0	0	0	0	0,0000	0,0000	443,2496
2021-12-13	02:13:00		60	0	0	0	0	0	0	0	0	0	0	0	0	0	0	0	0	0	0	0	0	0,0000	0,0000	443,2496
2021-12-13	02:14:00		60	0	0	0	0	0	0	0	0	0	0	0	0	0	0	0	0	0	0	0	0	0,0000	0,0000	443,2496
2021-12-13	02:15:00		60	0	0	0	0	0	0	0	0	0	0	0	0	0	0	0	0	0	0	0	0	0,0000	0,0000	443,2496
2021-12-13	02:16:00		60	0	0	0	0	0	0	0	0	0	0	0	0	0	0	0	0	0	0	0	0	0,0000	0,0000	443,2496
2021-12-13	02:17:00		60	0	0	0	0	0	0	0	0	0	0	0	0	0	0	0	0	0	0	0	0	0,0000	0,0000	443,2496
2021-12-13	02:18:00		60	0	0	0	0	0	0	0	0	0	0	0	0	0	0	0	0	0	0	0	0	0,0000	0,0000	443,2496
2021-12-13	02:19:00		60	0	0	0	0	0	0	0	0	0	0	0	0	0	0	0	0	0	0	0	0	0,0000	0,0000	443,2496
2021-12-13	02:20:00		60	0	0	0	0	0	0	0	0	0	0	0	0	0	0	0	0	0	0	0	0	0,0000	0,0000	443,2496
2021-12-13	02:21:00		60	0	0	0	0	0	0	0	0	0	0	0	0	0	0	0	0	0	0	0	0	0,0000	0,0000	443,2496
2021-12-13	02:22:00		60	0	0	0	0	0	0	0	0	0	0	0	0	0	0	0	0	0	0	0	0	0,0000	0,0000	443,2496
2021-12-13	02:23:00		60	0	0	0	0	0	0	0	0	0	0	0	0	0	0	0	0	0	0	0	0	0,0000	0,0000	443,2496
2021-12-13	02:24:00		60	0	0	0	0	0	0	0	0	0	0	0	0	0	0	0	0	0	0	0	0	0,0000	0,0000	443,2496
2021-12-13	02:25:00		60	0	0	0	0	0	0	0	0	0	0	0	0	0	0	0	0	0	0	0	0	0,0000	0,0000	443,2496
2021-12-13	02:26:00		60	0	0	0	0	0	0	0	0	0	0	0	0	0	0	0	0	0	0	0	0	0,0000	0,0000	443,2496
2021-12-13	02:27:00		60	0	0	0	0	0	0	0	0	0	0	0	0	0	0	0	0	0	0	0	0	0,0000	0,0000	443,2496
2021-12-13	02:28:00		60	0	0	0	0	0	0	0	0	0	0	0	0	0	0	0	0	0	0	0	0	0,0000	0,0000	443,2496
2021-12-13	02:29:00		60	0	0	0	0	0	0	0	0	0	0	0	0	0	0	0	0	0	0	0	0	0,0000	0,0000	443,2496
2021-12-13	02:30:00		60	0	0	0	0	0	0	0	0	0	0	0	0	0	0	0	0	0	0	0	0	0,0000	0,0000	443,2496
2021-12-13	02:31:00		60	0	0	0	0	0	0	0	0	0	0	0	0	0	0	0	0	0	0	0	0	0,0000	0,0000	443,2496
2021-12-13	02:32:00		60	0	0	0	0	0	0	0	0	0	0	0	0	0	0	0	0	0	0	0	0	0,0000	0,0000	443,2496
2021-12-13	02:33:00		60	0	0	0	0	0	0	0	0	0	0	0	0	0	0	0	0	0	0	0	0	0,0000	0,0000	443,2496
2021-12-13	02:34:00		60	0	0	0	0	0	0	0	0	0	0	0	0	0	0	0	0	0	0	0	0	0,0000	0,0000	443,2496
2021-12-13	02:35:00		60	0	0	0	0	0	0	0	0	0	0	0	0	0	0	0	0	0	0	0	0	0,0000	0,0000	443,2496
2021-12-13	02:36:00		60	0	0	0	0	0	0	0	0	0	0	0	0	0	0	0	0	0	0	0	0	0,0000	0,0000	443,2496
2021-12-13	02:37:00		60	0	0	0	0	0	0	0	0	0	0	0	0	0	0	0	0	0	0	0	0	0,0000	0,0000	443,2496
2021-12-13	02:38:00		60	0	0	0	0	0	0	0	0	0	0	0	0	0	0	0	0	0	0	0	0	0,0000	0,0000	443,2496
2021-12-13	02:39:00		60	0	0	0	0	0	0	0	0	0	0	0	0	0	0	0	0	0	0	0	0	0,0000	0,0000	443,2496
2021-12-13	02:40:00		60	0	0	0	0	0	0	0	0	0	0	0	0	0	0	0	0	0	0	0	0	0,0000	0,0000	443,2496
2021-12-13	02:41:00		60	0	0	0	0	0	0	0	0	0	0	0	0	0	0	0	0	0	0	0	0	0,0000	0,0000	443,2496
2021-12-13	02:42:00		60	0	0	0	0	0	0	0	0	0	0	0	0	0	0	0	0	0	0	0	0	0,0000	0,0000	443,2496
2021-12-13	02:43:00		60	0	0	0	0	0	0	0	0	0	0	0	0	0	0	0	0	0	0	0	0	0,0000	0,0000	443,2496
2021-12-13	02:44:00		60	0	0	0	0	0	0	0	0	0	0	0	0	0	0	0	0	0	0	0	0	0,0000	0,0000	443,2496
2021-12-13	02:45:00		60	0	0	0	0	0	0	0	0	0	0	0	0	0	0	0	0	0	0	0	0	0,0000	0,0000	443,2496
2021-12-13	02:46:00		60	0	0	0	0	0	0	0	0	0	0	0	0	0	0	0	0	0	0	0	0	0,0000	0,0000	443,2496
2021-12-13	02:47:00		60	0	0	0	0	0	0	0	0	0	0	0	0	0	0	0	0	0	0	0	0	0,0000	0,0000	443,2496
2021-12-13	02:48:00		60	0	0	0	0	0	0	0	0	0	0	0	0	0	0	0	0	0	0	0	0	0,0000	0,0000	443,2496
2021-12-13	02:49:00		60	0	0	0	0	0	0	0	0	0	0	0	0	0	0	0	0	0	0	0	0	0,0000	0,0000	443,2496
2021-12-13	02:50:00		60	0	0	0	0	0	0	0	0	0	0	0	0	0	0	0	0	0	0	0	0	0,0000	0,0000	443,2496
2021-12-13	02:51:00		60	0	0	0	0	0	0	0	0	0	0	0	0	0	0	0	0	0	0	0	0	0,0000	0,0000	443,2496
2021-12-13	02:52:00		60	0	0	0	0	0	0	0	0	0	0	0	0	0	0	0	0	0	0	0	0	0,0000	0,0000	443,2496
2021-12-13	02:53:00		60	0	0	0	0	0	0	0	0	0	0	0	0	0	0	0	0	0	0	0	0	0,0000	0,0000	443,2496
2021-12-13	02:54:00		60	0	0	0	0	0	0	0	0	0	0	0	0	0	0	0	0	0	0	0	0	0,0000	0,0000	443,2496
2021-12-13	02:55:00		60	0	0	0	0	0	0	0	0	0	0	0	0	0	0	0	0	0	0	0	0	0,0000	0,0000	443,2496
2021-12-13	02:56:00		60	0	0	0	0	0	0	0	0	0	0	0	0	0	0	0	0	0	0	0	0	0,0000	0,0000	443,2496
2021-12-13	02:57:00		60	0	0	0	0	0	0	0	0	0	0	0	0	0	0	0	0	0	0	0	0	0,0000	0,0000	443,2496
2021-12-13	02:58:00		60	0	0	0	0	0	0	0	0	0	0	0	0	0	0	0	0	0	0	0	0	0,0000	0,0000	443,2496
2021-12-13	02:59:00		60	0	0	0	0	0	0	0	0	0	0	0	0	0	0	0	0	0	0	0	0	0,0000	0,0000	443,2496
2021-12-13	03:00:00		60	0	0	0	0	0	0	0	0	0	0	0	0	0	0	0	0	0	0	0	0	0,0000	0,0000	443,2496
2021-12-13	03:01:00		60	0	0	0	0	0	0	0	0	0	0	0	0	0	0	0	0	0	0	0	0	0,0000	0,0000	443,2496
2021-12-13	03:02:00		60	0	0	0	0	0	0	0	0	0	0	0	0	0	0	0	0	0	0	0	0	0,0000	0,0000	443,2496
2021-12-13	03:03:00		60	0	0	0	0	0	0	0	0	0	0	0	0	0	0	0	0	0	0	0	0	0,0000	0,0000	443,2496
2021-12-13	03:04:00		60	0	0	0	0	0	0	0	0	0	0	0	0	0	0	0	0	0	0	0	0	0,0000	0,0000	443,2496
2021-12-13	03:05:00		60	0	0	0	0	0	0	0	0	0	0	0	0	0	0	0	0	0	0	0	0	0,0000	0,0000	443,2496
2021-12-13	03:06:00		60	0	0	0	0	0	0	0	0	0	0	0	0	0	0	0	0	0	0	0	0	0,0000	0,0000	443,2496
2021-12-13	03:07:00		60	0	0	0	0	0	0	0	0	0	0	0	0	0	0	0	0	0	0	0	0	0,0000	0,0000	443,2496
2021-12-13	03:08:00		60	0	0	0	0	0	0	0	0	0	0	0	0	0	0	0	0	0	0	0	0	0,0000	0,0000	443,2496
2021-12-13	03:09:00		60	0	0	0	0	0	0	0	0	0	0	0	0	0	0	0	0	0	0	0	0	0,0000	0,0000	443,2496
2021-12-13	03:10:00		60	0	0	0	0	0	0	0	0	0	0	0	0	0	0	0	0	0	0	0	0	0,0000	0,0000	443,2496
2021-12-13	03:11:00		60	0	0	0	0	0	0	0	0	0	0	0	0	0	0	0	0	0	0	0	0	0,0000	0,0000	443,2496
2021-12-13	03:12:00		60	0	0	0	0	0	0	0	0	0	0	0	0	0	0	0	0	0	0	0	0	0,0000	0,0000	443,2496
2021-12-13	03:13:00		60	0	0	0	0	0	0	0	0	0	0	0	0	0	0	0	0	0	0	0	0	0,0000	0,0000	443,2496
2021-12-13	03:14:00		60	0	0	0	0	0	0	0	0	0	0	0	0	0	0	0	0	0	0	0	0	0,0000	0,0000	443,2496
2021-12-13	03:15:00		60	0	0	0	0	0	0	0	0	0	0	0	0	0	0	0	0	0	0	0	0	0,0000	0,0000	443,2496
2021-12-13	03:16:00		60	0	0	0	0	0	0	0	0	0	0	0	0	0	0	0	0	0	0	0	0	0,0000	0,0000	443,2496
2021-12-13	03:17:00		60	0	0	0	0	0	0	0	0	0	0	0	0	0	0	0	0	0	0	0	0	0,0000	0,0000	443,2496
2021-12-13	03:18:00		60	0	0	0	0	0	0	0	0	0	0	0	0	0	0	0	0	0	0	0	0	0,0000	0,0000	443,2496
2021-12-13	03:19:00		60	0	0	0	0	0	0	0	0	0	0	0	0	0	0	0	0	0	0	0	0	0,0000	0,0000	443,2496
2021-12-13	03:20:00		60	0	0	0	0	0	0	0	0	0	0	0	0	0	0	0	0	0	0	0	0	0,0000	0,0000	443,2496
2021-12-13	03:21:00		60	0	0	0	0	0	0	0	0	0	0	0	0	0	0	0	0	0	0	0	0	0,0000	0,0000	443,2496
2021-12-13	03:22:00		60	0	0	0	0	0	0	0	0	0	0	0	0	0	0	0	0	0	0	0	0	0,0000	0,0000	443,2496
2021-12-13	03:23:00		60	0	0	0	0	0	0	0	0	0	0	0	0	0	0	0	0	0	0	0	0	0,0000	0,0000	443,2496
2021-12-13	03:24:00		60	0	0	0	0	0	0	0	0	0	0	0	0	0	0	0	0	0	0	0	0	0,0000	0,0000	443,2496
2021-12-13	03:25:00		60	0	0	0	0	0	0	0	0	0	0	0	0	0	0	0	0	0	0	0	0	0,0000	0,0000	443,2496
2021-12-13	03:26:00		60	0	0	0	0	0	0	0	0	0	0	0	0	0	0	0	0	0	0	0	0	0,0000	0,0000	443,2496
2021-12-13	03:27:00		60	0	0	0	0	0	0	0	0	0	0	0	0	0	0	0	0	0	0	0	0	0,0000	0,0000	443,2496
2021-12-13	03:28:00		60	0	0	0	0	0	0	0	0	0	0	0	0	0	0	0	0	0	0	0	0	0,0000	0,0000	443,2496
2021-12-13	03:29:00		60	0	0	0	0	0	0	0	0	0	0	0	0	0	0	0	0	0	0	0	0	0,0000	0,0000	443,2496
2021-12-13	03:30:00		60	0	0	0	0	0	0	0	0	0	0	0	0	0	0	0	0	0	0	0	0	0,0000	0,0000	443,2496
2021-12-13	03:31:00		60	0	0	0	0	0	0	0	0	0	0	0	0	0	0	0	0	0	0	0	0	0,0000	0,0000	443,2496
2021-12-13	03:32:00		60	0	0	0	0	0	0	0	0	0	0	0	0	0	0	0	0	0	0	0	0	0,0000	0,0000	443,2496
2021-12-13	03:33:00		60	0	0	0	0	0	0	0	0	0	0	0	0	0	0	0	0	0	0	0	0	0,0000	0,0000	443,2496
2021-12-13	03:34:00		60	0	0	0	0	0	0	0	0	0	0	0	0	0	0	0	0	0	0	0	0	0,0000	0,0000	443,2496
2021-12-13	03:35:00		60	0	0	0	0	0	0	0	0	0	0	0	0	0	0	0	0	0	0	0	0	0,0000	0,0000	443,2496
2021-12-13	03:36:00		60	0	0	0	0	0	0	0	0	0	0	0	0	0	0	0	0	0	0	0	0	0,0000	0,0000	443,2496
2021-12-13	03:37:00		60	0	0	0	0	0	0	0	0	0	0	0	0	0	0	0	0	0	0	0	0	0,0000	0,0000	443,2496
2021-12-13	03:38:00		60	0	0	0	0	0	0	0	0	0	0	0	0	0	0	0	0	0	0	0	0	0,0000	0,0000	443,2496
2021-12-13	03:39:00		60	0	0	0	0	0	0	0	0	0	0	0	0	0	0	0	0	0	0	0	0	0,0000	0,0000	443,2496
2021-12-13	03:40:00		60	0	0	0	0	0	0	0	0	0	0	0	0	0	0	0	0	0	0	0	0	0,0000	0,0000	443,2496
2021-12-13	03:41:00		60	0	0	0	0	0	0	0	0	0	0	0	0	0	0	0	0	0	0	0	0	0,0000	0,0000	443,2496
2021-12-13	03:42:00		60	0	0	0	0	0	0	0	0	0	0	0	0	0	0	0	0	0	0	0	0	0,0000	0,0000	443,2496
2021-12-13	03:43:00		60	0	0	0	0	0	0	0	0	0	0	0	0	0	0	0	0	0	0	0	0	0,0000	0,0000	443,2496
2021-12-13	03:44:00		60	0	0	0	0	0	0	0	0	0	0	0	0	0	0	0	0	0	0	0	0	0,0000	0,0000	443,2496
2021-12-13	03:45:00		60	0	0	0	0	0	0	0	0	0	0	0	0	0	0	0	0	0	0	0	0	0,0000	0,0000	443,2496
2021-12-13	03:46:00		60	0	0	0	0	0	0	0	0	0	0	0	0	0	0	0	0	0	0	0	0	0,0000	0,0000	443,2496
2021-12-13	03:47:00		60	0	0	0	0	0	0	0	0	0	0	0	0	0	0	0	0	0	0	0	0	0,0000	0,0000	443,2496
2021-12-13	03:48:00		60	0	0	0	0	0	0	0	0	0	0	0	0	0	0	0	0	0	0	0	0	0,0000	0,0000	443,2496
2021-12-13	03:49:00		60	0	0	0	0	0	0	0	0	0	0	0	0	0	0	0	0	0	0	0	0	0,0000	0,0000	443,2496
2021-12-13	03:50:00		60	0	0	0	0	0	0	0	0	0	0	0	0	0	0	0	0	0	0	0	0	0,0000	0,0000	443,2496
2021-12-13	03:51:00		60	0	0	0	0	0	0	0	0	0	0	0	0	0	0	0	0	0	0	0	0	0,0000	0,0000	443,2496
2021-12-13	03:52:00		60	0	0	0	0	0	0	0	0	0	0	0	0	0	0	0	0	0	0	0	0	0,0000	0,0000	443,2496
2021-12-13	03:53:00		60	0	0	0	0	0	0	0	0	0	0	0	0	0	0	0	0	0	0	0	0	0,0000	0,0000	443,2496
2021-12-13	03:54:00		60	0	0	0	0	0	0	0	0	0	0	0	0	0	0	0	0	0	0	0	0	0,0000	0,0000	443,2496
2021-12-13	03:55:00		60	0	0	0	0	0	0	0	0	0	0	0	0	0	0	0	0	0	0	0	0	0,0000	0,0000	443,2496
2021-12-13	03:56:00		60	0	0	0	0	0	0	0	0	0	0	0	0	0	0	0	0	0	0	0	0	0,0000	0,0000	443,2496
2021-12-13	03:57:00		60	0	0	0	0	0	0	0	0	0	0	0	0	0	0	0	0	0	0	0	0	0,0000	0,0000	443,2496
2021-12-13	03:58:00		60	0	0	0	0	0	0	0	0	0	0	0	0	0	0	0	0	0	0	0	0	0,0000	0,0000	443,2496
2021-12-13	03:59:00		60	0	0	0	0	0	0	0	0	0	0	0	0	0	0	0	0	0	0	0	0	0,0000	0,0000	443,2496
2021-12-13	04:00:00		60	0	0	0	0	0	0	0	0	0	0	0	0	0	0	0	0	0	0	0	0	0,0000	0,0000	443,2496
2021-12-13	04:01:00		60	0	0	0	0	0	0	0	0	0	0	0	0	0	0	0	0	0	0	0	0	0,0000	0,0000	443,2496
2021-12-13	04:02:00		60	0	0	0	0	0	0	0	0	0	0	0	0	0	0	0	0	0	0	0	0	0,0000	0,0000	443,2496
2021-12-13	04:03:00		60	0	0	0	0	0	0	0	0	0	0	0	0	0	0	0	0	0	0	0	0	0,0000	0,0000	443,2496
2021-12-13	04:04:00		60	0	0	0	0	0	0	0	0	0	0	0	0	0	0	0	0	0	0	0	0	0,0000	0,0000	443,2496
2021-12-13	04:05:00		60	0	0	0	0	0	0	0	0	0	0	0	0	0	0	0	0	0	0	0	0	0,0000	0,0000	443,2496
2021-12-13	04:06:00		60	0	0	0	0	0	0	0	0	0	0	0	0	0	0	0	0	0	0	0	0	0,0000	0,0000	443,2496
2021-12-13	04:07:00		60	0	0	0	0	0	0	0	0	0	0	0	0	0	0	0	0	0	0	0	0	0,0000	0,0000	443,2496
2021-12-13	04:08:00		60	0	0	0	0	0	0	0	0	0	0	0	0	0	0	0	0	0	0	0	0	0,0000	0,0000	443,2496
2021-12-13	04:09:00		60	0	0	0	0	0	0	0	0	0	0	0	0	0	0	0	0	0	0	0	0	0,0000	0,0000	443,2496
2021-12-13	04:10:00		60	0	0	0	0	0	0	0	0	0	0	0	0	0	0	0	0	0	0	0	0	0,0000	0,0000	443,2496
2021-12-13	04:11:00		60	0	0	0	0	0	0	0	0	0	0	0	0	0	0	0	0	0	0	0	0	0,0000	0,0000	443,2496
2021-12-13	04:12:00		60	0	0	0	0	0	0	0	0	0	0	0	0	0	0	0	0	0	0	0	0	0,0000	0,0000	443,2496
2021-12-13	04:13:00		60	0	0	0	0	0	0	0	0	0	0	0	0	0	0	0	0	0	0	0	0	0,0000	0,0000	443,2496
2021-12-13	04:14:00		60	0	0	0	0	0	0	0	0	0	0	0	0	0	0	0	0	0	0	0	0	0,0000	0,0000	443,2496
2021-12-13	04:15:00		60	0	0	0	0	0	0	0	0	0	0	0	0	0	0	0	0	0	0	0	0	0,0000	0,0000	443,2496
2021-12-13	04:16:00		60	0	0	1	0	0	0	0	0	0	0	0	0	0	0	0	0	0	0	0	0	0,0011	0,0000	443,2497
2021-12-13	04:17:00		60	0	0	1	0	0	0	0	0	0	0	0	0	0	0	0	0	0	0	0	0	0,0011	0,0000	443,2497
2021-12-13	04:18:00		60	0	1	1	0	0	0	0	0	0	0	0	0	0	0	0	0	0	0	0	0	0,0016	0,0000	443,2497
2021-12-13	04:19:00		60	0	0	0	0	0	0	0	0	0	0	0	0	0	0	0	0	0	0	0	0	0,0000	0,0000	443,2497
2021-12-13	04:20:00		60	0	1	1	0	0	0	0	0	0	0	0	0	0	0	0	0	0	0	0	0	0,0016	0,0000	443,2497
2021-12-13	04:21:00		60	0	0	0	0	0	0	0	0	0	0	0	0	0	0	0	0	0	0	0	0	0,0000	0,0000	443,2497
2021-12-13	04:22:00		60	0	0	0	0	0	0	0	0	0	0	0	0	0	0	0	0	0	0	0	0	0,0000	0,0000	443,2497
2021-12-13	04:23:00		60	0	2	2	0	0	0	0	0	0	0	0	0	0	0	0	0	0	0	0	0	0,0033	0,0001	443,2498
2021-12-13	04:24:00		60	0	0	0	0	0	0	0	0	0	0	0	0	0	0	0	0	0	0	0	0	0,0000	0,0000	443,2498
2021-12-13	04:25:00		60	0	0	0	0	0	0	0	0	0	0	0	0	0	0	0	0	0	0	0	0	0,0000	0,0000	443,2498
2021-12-13	04:26:00		60	1	1	1	0	0	0	0	0	0	0	0	0	0	0	0	0	0	0	0	0	0,0019	0,0000	443,2498
2021-12-13	04:27:00		60	0	0	0	0	0	0	0	0	0	0	0	0	0	0	0	0	0	0	0	0	0,0000	0,0000	443,2498
2021-12-13	04:28:00		60	0	0	0	0	0	0	0	0	0	0	0	0	0	0	0	0	0	0	0	0	0,0000	0,0000	443,2498
2021-12-13	04:29:00		60	0	0	0	0	0	0	0	0	0	0	0	0	0	0	0	0	0	0	0	0	0,0000	0,0000	443,2498
2021-12-13	04:30:00		60	0	0	0	0	0	0	0	0	0	0	0	0	0	0	0	0	0	0	0	0	0,0000	0,0000	443,2498
2021-12-13	04:31:00		60	0	0	0	0	0	0	0	0	0	0	0	0	0	0	0	0	0	0	0	0	0,0000	0,0000	443,2498
2021-12-13	04:32:00		60	0	0	0	0	0	0	0	0	0	0	0	0	0	0	0	0	0	0	0	0	0,0000	0,0000	443,2498
2021-12-13	04:33:00		60	0	0	0	0	0	0	0	0	0	0	0	0	0	0	0	0	0	0	0	0	0,0000	0,0000	443,2498
2021-12-13	04:34:00		60	0	0	0	0	0	0	0	0	0	0	0	0	0	0	0	0	0	0	0	0	0,0000	0,0000	443,2498
2021-12-13	04:35:00		60	0	0	0	1	0	0	0	0	0	0	0	0	0	0	0	0	0	0	0	0	0,0018	0,0000	443,2498
2021-12-13	04:36:00		60	0	1	0	1	0	0	0	0	0	0	0	0	0	0	0	0	0	0	0	0	0,0024	0,0000	443,2499
2021-12-13	04:37:00		60	0	0	0	0	0	0	0	0	0	0	0	0	0	0	0	0	0	0	0	0	0,0000	0,0000	443,2499
2021-12-13	04:38:00		60	0	0	0	0	0	0	0	0	0	0	0	0	0	0	0	0	0	0	0	0	0,0000	0,0000	443,2499
2021-12-13	04:39:00		60	1	0	0	1	0	0	0	0	0	0	0	0	0	0	0	0	0	0	0	0	0,0021	0,0000	443,2499
2021-12-13	04:40:00		60	0	1	1	0	0	1	0	0	0	0	0	0	0	0	0	0	0	0	0	0	0,0064	0,0001	443,2500
2021-12-13	04:41:00		60	0	0	1	0	3	0	0	0	0	0	0	0	0	0	0	0	0	0	0	0	0,0097	0,0002	443,2502
2021-12-13	04:42:00		60	0	1	2	1	0	0	0	0	0	0	0	0	0	0	0	0	0	0	0	0	0,0045	0,0001	443,2503
2021-12-13	04:43:00		60	1	0	0	1	0	0	0	0	0	0	0	0	0	0	0	0	0	0	0	0	0,0021	0,0000	443,2503
2021-12-13	04:44:00		60	0	1	1	1	1	0	0	0	0	0	0	0	0	0	0	0	0	0	0	0	0,0063	0,0001	443,2504
2021-12-13	04:45:00		60	1	3	2	0	0	0	0	0	0	0	0	0	0	0	0	0	0	0	0	0	0,0042	0,0001	443,2505
2021-12-13	04:46:00		60	0	0	0	0	0	0	0	0	0	0	0	0	0	0	0	0	0	0	0	0	0,0000	0,0000	443,2505
2021-12-13	04:47:00		60	0	2	0	2	0	0	0	0	0	0	0	0	0	0	0	0	0	0	0	0	0,0047	0,0001	443,2505
2021-12-13	04:48:00		60	1	0	1	0	0	0	0	0	0	0	0	0	0	0	0	0	0	0	0	0	0,0013	0,0000	443,2506
2021-12-13	04:49:00		60	0	0	0	0	0	0	0	0	0	0	0	0	0	0	0	0	0	0	0	0	0,0000	0,0000	443,2506
2021-12-13	04:50:00		60	0	1	1	0	0	0	0	0	0	0	0	0	0	0	0	0	0	0	0	0	0,0016	0,0000	443,2506
2021-12-13	04:51:00		60	0	0	0	0	0	0	0	0	0	0	0	0	0	0	0	0	0	0	0	0	0,0000	0,0000	443,2506
2021-12-13	04:52:00		60	0	0	0	0	0	0	0	0	0	0	0	0	0	0	0	0	0	0	0	0	0,0000	0,0000	443,2506
2021-12-13	04:53:00		60	0	0	0	0	0	0	0	0	0	0	0	0	0	0	0	0	0	0	0	0	0,0000	0,0000	443,2506
2021-12-13	04:54:00		60	4	0	0	0	0	0	0	0	0	0	0	0	0	0	0	0	0	0	0	0	0,0012	0,0000	443,2506
2021-12-13	04:55:00		60	0	0	0	0	0	0	0	0	0	0	0	0	0	0	0	0	0	0	0	0	0,0000	0,0000	443,2506
2021-12-13	04:56:00		60	0	0	0	0	0	0	0	0	0	0	0	0	0	0	0	0	0	0	0	0	0,0000	0,0000	443,2506
2021-12-13	04:57:00		60	0	0	0	0	0	0	0	0	0	0	0	0	0	0	0	0	0	0	0	0	0,0000	0,0000	443,2506
2021-12-13	04:58:00		60	0	0	0	0	0	0	0	0	0	0	0	0	0	0	0	0	0	0	0	0	0,0000	0,0000	443,2506
2021-12-13	04:59:00		60	0	0	0	1	0	0	0	0	0	0	0	0	0	0	0	0	0	0	0	0	0,0018	0,0000	443,2506
2021-12-13	05:00:00		60	0	0	0	0	0	0	0	0	0	0	0	0	0	0	0	0	0	0	0	0	0,0000	0,0000	443,2506
2021-12-13	05:01:00		60	0	0	0	0	0	0	0	0	0	0	0	0	0	0	0	0	0	0	0	0	0,0000	0,0000	443,2506
2021-12-13	05:02:00		60	0	0	0	0	0	0	0	0	0	0	0	0	0	0	0	0	0	0	0	0	0,0000	0,0000	443,2506
2021-12-13	05:03:00		60	0	0	0	0	0	0	0	0	0	0	0	0	0	0	0	0	0	0	0	0	0,0000	0,0000	443,2506
2021-12-13	05:04:00		60	0	0	0	0	0	0	0	0	0	0	0	0	0	0	0	0	0	0	0	0	0,0000	0,0000	443,2506
2021-12-13	05:05:00		60	0	0	0	0	0	0	0	0	0	0	0	0	0	0	0	0	0	0	0	0	0,0000	0,0000	443,2506
2021-12-13	05:06:00		60	0	0	0	0	0	0	0	0	0	0	0	0	0	0	0	0	0	0	0	0	0,0000	0,0000	443,2506
2021-12-13	05:07:00		60	0	0	0	0	0	0	0	0	0	0	0	0	0	0	0	0	0	0	0	0	0,0000	0,0000	443,2506
2021-12-13	05:08:00		60	0	0	0	0	0	0	0	0	0	0	0	0	0	0	0	0	0	0	0	0	0,0000	0,0000	443,2506
2021-12-13	05:09:00		60	0	0	0	0	0	0	0	0	0	0	0	0	0	0	0	0	0	0	0	0	0,0000	0,0000	443,2506
2021-12-13	05:10:00		60	0	0	0	0	0	0	0	0	0	0	0	0	0	0	0	0	0	0	0	0	0,0000	0,0000	443,2506
2021-12-13	05:11:00		60	0	0	0	0	0	0	0	0	0	0	0	0	0	0	0	0	0	0	0	0	0,0000	0,0000	443,2506
2021-12-13	05:12:00		60	0	0	0	0	0	0	0	0	0	0	0	0	0	0	0	0	0	0	0	0	0,0000	0,0000	443,2506
2021-12-13	05:13:00		60	0	0	0	0	0	0	0	0	0	0	0	0	0	0	0	0	0	0	0	0	0,0000	0,0000	443,2506
2021-12-13	05:14:00		60	0	0	1	0	0	0	0	0	0	0	0	0	0	0	0	0	0	0	0	0	0,0011	0,0000	443,2507
2021-12-13	05:15:00		60	0	0	0	0	0	0	0	0	0	0	0	0	0	0	0	0	0	0	0	0	0,0000	0,0000	443,2507
2021-12-13	05:16:00		60	0	0	0	0	0	0	0	0	0	0	0	0	0	0	0	0	0	0	0	0	0,0000	0,0000	443,2507
2021-12-13	05:17:00		60	0	0	0	0	0	0	0	0	0	0	0	0	0	0	0	0	0	0	0	0	0,0000	0,0000	443,2507
2021-12-13	05:18:00		60	0	0	0	0	0	0	0	0	0	0	0	0	0	0	0	0	0	0	0	0	0,0000	0,0000	443,2507
2021-12-13	05:19:00		60	0	0	0	0	0	0	0	0	0	0	0	0	0	0	0	0	0	0	0	0	0,0000	0,0000	443,2507
2021-12-13	05:20:00		60	0	0	0	0	0	0	0	0	0	0	0	0	0	0	0	0	0	0	0	0	0,0000	0,0000	443,2507
2021-12-13	05:21:00		60	0	0	0	0	0	0	0	0	0	0	0	0	0	0	0	0	0	0	0	0	0,0000	0,0000	443,2507
2021-12-13	05:22:00		60	0	0	0	0	0	0	0	0	0	0	0	0	0	0	0	0	0	0	0	0	0,0000	0,0000	443,2507
2021-12-13	05:23:00		60	0	0	0	0	0	0	0	0	0	0	0	0	0	0	0	0	0	0	0	0	0,0000	0,0000	443,2507
2021-12-13	05:24:00		60	0	0	0	0	0	0	0	0	0	0	0	0	0	0	0	0	0	0	0	0	0,0000	0,0000	443,2507
2021-12-13	05:25:00		60	0	0	0	0	0	0	0	0	0	0	0	0	0	0	0	0	0	0	0	0	0,0000	0,0000	443,2507
2021-12-13	05:26:00		60	0	0	0	0	0	0	0	0	0	0	0	0	0	0	0	0	0	0	0	0	0,0000	0,0000	443,2507
2021-12-13	05:27:00		60	0	0	0	0	0	0	0	0	0	0	0	0	0	0	0	0	0	0	0	0	0,0000	0,0000	443,2507
2021-12-13	05:28:00		60	0	0	0	0	0	0	0	0	0	0	0	0	0	0	0	0	0	0	0	0	0,0000	0,0000	443,2507
2021-12-13	05:29:00		60	0	0	0	0	0	0	0	0	0	0	0	0	0	0	0	0	0	0	0	0	0,0000	0,0000	443,2507
2021-12-13	05:30:00		60	0	0	0	0	0	0	0	0	0	0	0	0	0	0	0	0	0	0	0	0	0,0000	0,0000	443,2507
2021-12-13	05:31:00		60	0	0	0	0	0	0	0	0	0	0	0	0	0	0	0	0	0	0	0	0	0,0000	0,0000	443,2507
2021-12-13	05:32:00		60	0	0	0	0	0	0	0	0	0	0	0	0	0	0	0	0	0	0	0	0	0,0000	0,0000	443,2507
2021-12-13	05:33:00		60	0	0	0	0	0	0	0	0	0	0	0	0	0	0	0	0	0	0	0	0	0,0000	0,0000	443,2507
2021-12-13	05:34:00		60	0	0	0	0	0	0	0	0	0	0	0	0	0	0	0	0	0	0	0	0	0,0000	0,0000	443,2507
2021-12-13	05:35:00		60	0	0	0	0	0	0	0	0	0	0	0	0	0	0	0	0	0	0	0	0	0,0000	0,0000	443,2507
2021-12-13	05:36:00		60	0	0	0	0	0	0	0	0	0	0	0	0	0	0	0	0	0	0	0	0	0,0000	0,0000	443,2507
2021-12-13	05:37:00		60	0	0	0	0	0	0	0	0	0	0	0	0	0	0	0	0	0	0	0	0	0,0000	0,0000	443,2507
2021-12-13	05:38:00		60	0	0	0	0	0	0	0	0	0	0	0	0	0	0	0	0	0	0	0	0	0,0000	0,0000	443,2507
2021-12-13	05:39:00		60	0	0	0	0	0	0	0	0	0	0	0	0	0	0	0	0	0	0	0	0	0,0000	0,0000	443,2507
2021-12-13	05:40:00		60	0	0	0	0	0	0	0	0	0	0	0	0	0	0	0	0	0	0	0	0	0,0000	0,0000	443,2507
2021-12-13	05:41:00		60	0	0	0	0	0	0	0	0	0	0	0	0	0	0	0	0	0	0	0	0	0,0000	0,0000	443,2507
2021-12-13	05:42:00		60	0	0	0	0	0	0	0	0	0	0	0	0	0	0	0	0	0	0	0	0	0,0000	0,0000	443,2507
2021-12-13	05:43:00		60	0	0	0	0	0	0	0	0	0	0	0	0	0	0	0	0	0	0	0	0	0,0000	0,0000	443,2507
2021-12-13	05:44:00		60	0	0	0	0	0	0	0	0	0	0	0	0	0	0	0	0	0	0	0	0	0,0000	0,0000	443,2507
2021-12-13	05:45:00		60	0	0	0	0	0	0	0	0	0	0	0	0	0	0	0	0	0	0	0	0	0,0000	0,0000	443,2507
2021-12-13	05:46:00		60	0	0	0	0	0	0	0	0	0	0	0	0	0	0	0	0	0	0	0	0	0,0000	0,0000	443,2507
2021-12-13	05:47:00		60	0	0	0	0	0	0	0	0	0	0	0	0	0	0	0	0	0	0	0	0	0,0000	0,0000	443,2507
2021-12-13	05:48:00		60	0	0	0	0	0	0	0	0	0	0	0	0	0	0	0	0	0	0	0	0	0,0000	0,0000	443,2507
2021-12-13	05:49:00		60	0	0	0	0	0	0	0	0	0	0	0	0	0	0	0	0	0	0	0	0	0,0000	0,0000	443,2507
2021-12-13	05:50:00		60	0	0	0	0	0	0	0	0	0	0	0	0	0	0	0	0	0	0	0	0	0,0000	0,0000	443,2507
2021-12-13	05:51:00		60	0	0	0	0	0	0	0	0	0	0	0	0	0	0	0	0	0	0	0	0	0,0000	0,0000	443,2507
2021-12-13	05:52:00		60	0	0	0	0	0	0	0	0	0	0	0	0	0	0	0	0	0	0	0	0	0,0000	0,0000	443,2507
2021-12-13	05:53:00		60	0	0	0	0	0	0	0	0	0	0	0	0	0	0	0	0	0	0	0	0	0,0000	0,0000	443,2507
2021-12-13	05:54:00		60	0	0	0	0	0	0	0	0	0	0	0	0	0	0	0	0	0	0	0	0	0,0000	0,0000	443,2507
2021-12-13	05:55:00		60	0	0	0	0	0	0	0	0	0	0	0	0	0	0	0	0	0	0	0	0	0,0000	0,0000	443,2507
2021-12-13	05:56:00		60	0	0	0	0	0	0	0	0	0	0	0	0	0	0	0	0	0	0	0	0	0,0000	0,0000	443,2507
2021-12-13	05:57:00		60	0	0	0	0	0	0	0	0	0	0	0	0	0	0	0	0	0	0	0	0	0,0000	0,0000	443,2507
2021-12-13	05:58:00		60	0	0	0	0	0	0	0	0	0	0	0	0	0	0	0	0	0	0	0	0	0,0000	0,0000	443,2507
2021-12-13	05:59:00		60	0	0	0	0	0	0	0	0	0	0	0	0	0	0	0	0	0	0	0	0	0,0000	0,0000	443,2507
2021-12-13	06:00:00		60	0	0	0	0	0	0	0	0	0	0	0	0	0	0	0	0	0	0	0	0	0,0000	0,0000	443,2507
2021-12-13	06:01:00		60	0	0	0	0	0	0	0	0	0	0	0	0	0	0	0	0	0	0	0	0	0,0000	0,0000	443,2507
2021-12-13	06:02:00		60	0	0	0	0	0	0	0	0	0	0	0	0	0	0	0	0	0	0	0	0	0,0000	0,0000	443,2507
2021-12-13	06:03:00		60	0	0	0	0	0	0	0	0	0	0	0	0	0	0	0	0	0	0	0	0	0,0000	0,0000	443,2507
2021-12-13	06:04:00		60	0	0	0	0	0	0	0	0	0	0	0	0	0	0	0	0	0	0	0	0	0,0000	0,0000	443,2507
2021-12-13	06:05:00		60	0	0	0	0	0	0	0	0	0	0	0	0	0	0	0	0	0	0	0	0	0,0000	0,0000	443,2507
2021-12-13	06:06:00		60	0	0	0	0	0	0	0	0	0	0	0	0	0	0	0	0	0	0	0	0	0,0000	0,0000	443,2507
2021-12-13	06:07:00		60	0	0	0	0	0	0	0	0	0	0	0	0	0	0	0	0	0	0	0	0	0,0000	0,0000	443,2507
2021-12-13	06:08:00		60	0	0	0	0	0	0	0	0	0	0	0	0	0	0	0	0	0	0	0	0	0,0000	0,0000	443,2507
2021-12-13	06:09:00		60	0	0	0	0	0	0	0	0	0	0	0	0	0	0	0	0	0	0	0	0	0,0000	0,0000	443,2507
2021-12-13	06:10:00		60	0	0	0	0	0	0	0	0	0	0	0	0	0	0	0	0	0	0	0	0	0,0000	0,0000	443,2507
2021-12-13	06:11:00		60	0	0	0	0	0	0	0	0	0	0	0	0	0	0	0	0	0	0	0	0	0,0000	0,0000	443,2507
2021-12-13	06:12:00		60	0	0	0	0	0	0	0	0	0	0	0	0	0	0	0	0	0	0	0	0	0,0000	0,0000	443,2507
2021-12-13	06:13:00		60	0	0	0	0	0	0	0	0	0	0	0	0	0	0	0	0	0	0	0	0	0,0000	0,0000	443,2507
2021-12-13	06:14:00		60	0	0	0	0	0	0	0	0	0	0	0	0	0	0	0	0	0	0	0	0	0,0000	0,0000	443,2507
2021-12-13	06:15:00		60	0	0	0	0	0	0	0	0	0	0	0	0	0	0	0	0	0	0	0	0	0,0000	0,0000	443,2507
2021-12-13	06:16:00		60	0	0	0	0	0	0	0	0	0	0	0	0	0	0	0	0	0	0	0	0	0,0000	0,0000	443,2507
2021-12-13	06:17:00		60	0	0	0	0	0	0	0	0	0	0	0	0	0	0	0	0	0	0	0	0	0,0000	0,0000	443,2507
2021-12-13	06:18:00		60	0	0	0	0	0	0	0	0	0	0	0	0	0	0	0	0	0	0	0	0	0,0000	0,0000	443,2507
2021-12-13	06:19:00		60	0	0	0	0	0	0	0	0	0	0	0	0	0	0	0	0	0	0	0	0	0,0000	0,0000	443,2507
2021-12-13	06:20:00		60	0	0	0	0	0	0	0	0	0	0	0	0	0	0	0	0	0	0	0	0	0,0000	0,0000	443,2507
2021-12-13	06:21:00		60	0	0	0	0	0	0	0	0	0	0	0	0	0	0	0	0	0	0	0	0	0,0000	0,0000	443,2507
2021-12-13	06:22:00		60	0	0	0	0	0	0	0	0	0	0	0	0	0	0	0	0	0	0	0	0	0,0000	0,0000	443,2507
2021-12-13	06:23:00		60	0	0	0	0	0	0	0	0	0	0	0	0	0	0	0	0	0	0	0	0	0,0000	0,0000	443,2507
2021-12-13	06:24:00		60	0	0	0	0	0	0	0	0	0	0	0	0	0	0	0	0	0	0	0	0	0,0000	0,0000	443,2507
2021-12-13	06:25:00		60	0	0	0	0	0	0	0	0	0	0	0	0	0	0	0	0	0	0	0	0	0,0000	0,0000	443,2507
2021-12-13	06:26:00		60	0	0	0	0	0	0	0	0	0	0	0	0	0	0	0	0	0	0	0	0	0,0000	0,0000	443,2507
2021-12-13	06:27:00		60	0	0	0	0	0	0	0	0	0	0	0	0	0	0	0	0	0	0	0	0	0,0000	0,0000	443,2507
2021-12-13	06:28:00		60	0	0	0	0	0	0	0	0	0	0	0	0	0	0	0	0	0	0	0	0	0,0000	0,0000	443,2507
2021-12-13	06:29:00		60	0	0	0	0	0	0	0	0	0	0	0	0	0	0	0	0	0	0	0	0	0,0000	0,0000	443,2507
2021-12-13	06:30:00		60	0	0	0	0	0	0	0	0	0	0	0	0	0	0	0	0	0	0	0	0	0,0000	0,0000	443,2507
2021-12-13	06:31:00		60	0	0	0	0	0	0	0	0	0	0	0	0	0	0	0	0	0	0	0	0	0,0000	0,0000	443,2507
2021-12-13	06:32:00		60	0	0	0	0	0	0	0	0	0	0	0	0	0	0	0	0	0	0	0	0	0,0000	0,0000	443,2507
2021-12-13	06:33:00		60	0	0	0	0	0	0	0	0	0	0	0	0	0	0	0	0	0	0	0	0	0,0000	0,0000	443,2507
2021-12-13	06:34:00		60	0	0	0	0	0	0	0	0	0	0	0	0	0	0	0	0	0	0	0	0	0,0000	0,0000	443,2507
2021-12-13	06:35:00		60	0	0	0	0	0	0	0	0	0	0	0	0	0	0	0	0	0	0	0	0	0,0000	0,0000	443,2507
2021-12-13	06:36:00		60	0	0	0	0	0	0	0	0	0	0	0	0	0	0	0	0	0	0	0	0	0,0000	0,0000	443,2507
2021-12-13	06:37:00		60	0	0	0	0	0	0	0	0	0	0	0	0	0	0	0	0	0	0	0	0	0,0000	0,0000	443,2507
2021-12-13	06:38:00		60	0	0	0	0	0	0	0	0	0	0	0	0	0	0	0	0	0	0	0	0	0,0000	0,0000	443,2507
2021-12-13	06:39:00		60	0	0	0	0	0	0	0	0	0	0	0	0	0	0	0	0	0	0	0	0	0,0000	0,0000	443,2507
2021-12-13	06:40:00		60	0	0	0	0	0	0	0	0	0	0	0	0	0	0	0	0	0	0	0	0	0,0000	0,0000	443,2507
2021-12-13	06:41:00		60	0	0	0	0	0	0	0	0	0	0	0	0	0	0	0	0	0	0	0	0	0,0000	0,0000	443,2507
2021-12-13	06:42:00		60	0	0	0	0	0	0	0	0	0	0	0	0	0	0	0	0	0	0	0	0	0,0000	0,0000	443,2507
2021-12-13	06:43:00		60	0	0	0	0	0	0	0	0	0	0	0	0	0	0	0	0	0	0	0	0	0,0000	0,0000	443,2507
2021-12-13	06:44:00		60	0	0	0	0	0	0	0	0	0	0	0	0	0	0	0	0	0	0	0	0	0,0000	0,0000	443,2507
2021-12-13	06:45:00		60	0	0	0	0	0	0	0	0	0	0	0	0	0	0	0	0	0	0	0	0	0,0000	0,0000	443,2507
2021-12-13	06:46:00		60	0	0	0	1	0	0	0	0	0	0	0	0	0	0	0	0	0	0	0	0	0,0018	0,0000	443,2507
2021-12-13	06:47:00		60	0	0	0	0	0	0	0	0	0	0	0	0	0	0	0	0	0	0	0	0	0,0000	0,0000	443,2507
2021-12-13	06:48:00		60	0	0	0	0	0	0	0	0	0	0	0	0	0	0	0	0	0	0	0	0	0,0000	0,0000	443,2507
2021-12-13	06:49:00		60	0	0	0	0	0	0	0	0	0	0	0	0	0	0	0	0	0	0	0	0	0,0000	0,0000	443,2507
2021-12-13	06:50:00		60	0	0	0	0	0	0	0	0	0	0	0	0	0	0	0	0	0	0	0	0	0,0000	0,0000	443,2507
2021-12-13	06:51:00		60	0	0	0	0	0	0	0	0	0	0	0	0	0	0	0	0	0	0	0	0	0,0000	0,0000	443,2507
2021-12-13	06:52:00		60	0	0	0	2	0	0	0	0	0	0	0	0	0	0	0	0	0	0	0	0	0,0035	0,0001	443,2508
2021-12-13	06:53:00		60	0	0	0	0	0	0	0	0	0	0	0	0	0	0	0	0	0	0	0	0	0,0000	0,0000	443,2508
2021-12-13	06:54:00		60	0	0	0	0	0	0	0	0	0	0	0	0	0	0	0	0	0	0	0	0	0,0000	0,0000	443,2508
2021-12-13	06:55:00		60	0	0	0	0	0	0	0	0	0	0	0	0	0	0	0	0	0	0	0	0	0,0000	0,0000	443,2508
2021-12-13	06:56:00		60	0	0	0	0	0	0	0	0	0	0	0	0	0	0	0	0	0	0	0	0	0,0000	0,0000	443,2508
2021-12-13	06:57:00		60	0	0	0	0	0	0	0	0	0	0	0	0	0	0	0	0	0	0	0	0	0,0000	0,0000	443,2508
2021-12-13	06:58:00		60	0	0	0	0	0	0	0	0	0	0	0	0	0	0	0	0	0	0	0	0	0,0000	0,0000	443,2508
2021-12-13	06:59:00		60	0	0	0	0	0	0	0	0	0	0	0	0	0	0	0	0	0	0	0	0	0,0000	0,0000	443,2508
2021-12-13	07:00:00		60	0	0	0	0	0	0	0	0	0	0	0	0	0	0	0	0	0	0	0	0	0,0000	0,0000	443,2508
2021-12-13	07:01:00		60	0	0	0	0	0	0	0	0	0	0	0	0	0	0	0	0	0	0	0	0	0,0000	0,0000	443,2508
2021-12-13	07:02:00		60	0	0	0	0	0	0	0	0	0	0	0	0	0	0	0	0	0	0	0	0	0,0000	0,0000	443,2508
2021-12-13	07:03:00		60	0	0	0	0	0	0	0	0	0	0	0	0	0	0	0	0	0	0	0	0	0,0000	0,0000	443,2508
2021-12-13	07:04:00		60	0	0	0	0	0	0	0	0	0	0	0	0	0	0	0	0	0	0	0	0	0,0000	0,0000	443,2508
2021-12-13	07:05:00		60	0	0	0	0	0	0	0	0	0	0	0	0	0	0	0	0	0	0	0	0	0,0000	0,0000	443,2508
2021-12-13	07:06:00		60	0	0	0	0	0	0	0	0	0	0	0	0	0	0	0	0	0	0	0	0	0,0000	0,0000	443,2508
2021-12-13	07:07:00		60	0	0	0	0	0	0	0	0	0	0	0	0	0	0	0	0	0	0	0	0	0,0000	0,0000	443,2508
2021-12-13	07:08:00		60	0	0	0	0	0	0	0	0	0	0	0	0	0	0	0	0	0	0	0	0	0,0000	0,0000	443,2508
2021-12-13	07:09:00		60	0	0	0	0	0	0	0	0	0	0	0	0	0	0	0	0	0	0	0	0	0,0000	0,0000	443,2508
2021-12-13	07:10:00		60	0	0	0	0	0	0	0	0	0	0	0	0	0	0	0	0	0	0	0	0	0,0000	0,0000	443,2508
2021-12-13	07:11:00		60	0	0	0	0	0	0	0	0	0	0	0	0	0	0	0	0	0	0	0	0	0,0000	0,0000	443,2508
2021-12-13	07:12:00		60	0	0	0	0	1	0	0	0	0	0	0	0	0	0	0	0	0	0	0	0	0,0029	0,0000	443,2508
2021-12-13	07:13:00		60	0	0	0	0	0	0	0	0	0	0	0	0	0	0	0	0	0	0	0	0	0,0000	0,0000	443,2508
2021-12-13	07:14:00		60	0	0	0	0	0	0	0	0	0	0	0	0	0	0	0	0	0	0	0	0	0,0000	0,0000	443,2508
2021-12-13	07:15:00		60	0	0	0	0	0	0	0	0	0	0	0	0	0	0	0	0	0	0	0	0	0,0000	0,0000	443,2508
2021-12-13	07:16:00		60	0	0	0	0	0	0	0	0	0	0	0	0	0	0	0	0	0	0	0	0	0,0000	0,0000	443,2508
2021-12-13	07:17:00		60	0	0	0	0	0	0	0	0	0	0	0	0	0	0	0	0	0	0	0	0	0,0000	0,0000	443,2508
2021-12-13	07:18:00		60	0	0	0	0	0	0	0	0	0	0	0	0	0	0	0	0	0	0	0	0	0,0000	0,0000	443,2508
2021-12-13	07:19:00		60	0	0	0	0	0	0	0	0	0	0	0	0	0	0	0	0	0	0	0	0	0,0000	0,0000	443,2508
2021-12-13	07:20:00		60	0	0	0	0	0	0	0	0	0	0	0	0	0	0	0	0	0	0	0	0	0,0000	0,0000	443,2508
2021-12-13	07:21:00		60	0	0	0	0	0	0	0	0	0	0	0	0	0	0	0	0	0	0	0	0	0,0000	0,0000	443,2508
2021-12-13	07:22:00		60	0	0	0	0	0	0	0	0	0	0	0	0	0	0	0	0	0	0	0	0	0,0000	0,0000	443,2508
2021-12-13	07:23:00		60	0	0	0	0	0	0	0	0	0	0	0	0	0	0	0	0	0	0	0	0	0,0000	0,0000	443,2508
2021-12-13	07:24:00		60	0	0	0	0	0	0	0	0	0	0	0	0	0	0	0	0	0	0	0	0	0,0000	0,0000	443,2508
2021-12-13	07:25:00		60	0	0	0	0	0	0	0	0	0	0	0	0	0	0	0	0	0	0	0	0	0,0000	0,0000	443,2508
2021-12-13	07:26:00		60	0	0	0	0	0	0	0	0	0	0	0	0	0	0	0	0	0	0	0	0	0,0000	0,0000	443,2508
2021-12-13	07:27:00		60	0	0	0	0	0	0	0	0	0	0	0	0	0	0	0	0	0	0	0	0	0,0000	0,0000	443,2508
2021-12-13	07:28:00		60	0	0	0	0	0	0	0	0	0	0	0	0	0	0	0	0	0	0	0	0	0,0000	0,0000	443,2508
2021-12-13	07:29:00		60	0	0	0	0	0	0	0	0	0	0	0	0	0	0	0	0	0	0	0	0	0,0000	0,0000	443,2508
2021-12-13	07:30:00		60	0	0	0	0	0	0	0	0	0	0	0	0	0	0	0	0	0	0	0	0	0,0000	0,0000	443,2508
2021-12-13	07:31:00		60	0	0	0	0	0	0	0	0	0	0	0	0	0	0	0	0	0	0	0	0	0,0000	0,0000	443,2508
2021-12-13	07:32:00		60	0	0	0	0	0	0	0	0	0	0	0	0	0	0	0	0	0	0	0	0	0,0000	0,0000	443,2508
2021-12-13	07:33:00		60	0	0	0	0	0	0	0	0	0	0	0	0	0	0	0	0	0	0	0	0	0,0000	0,0000	443,2508
2021-12-13	07:34:00		60	0	0	0	0	0	0	0	0	0	0	0	0	0	0	0	0	0	0	0	0	0,0000	0,0000	443,2508
2021-12-13	07:35:00		60	0	0	0	0	0	0	0	0	0	0	0	0	0	0	0	0	0	0	0	0	0,0000	0,0000	443,2508
2021-12-13	07:36:00		60	0	0	0	0	0	0	0	0	0	0	0	0	0	0	0	0	0	0	0	0	0,0000	0,0000	443,2508
2021-12-13	07:37:00		60	0	0	0	0	0	0	0	0	0	0	0	0	0	0	0	0	0	0	0	0	0,0000	0,0000	443,2508
2021-12-13	07:38:00		60	0	0	0	0	0	0	0	0	0	0	0	0	0	0	0	0	0	0	0	0	0,0000	0,0000	443,2508
2021-12-13	07:39:00		60	0	0	0	0	0	0	1	0	0	0	0	0	0	0	0	0	0	0	0	0	0,0087	0,0001	443,2509
2021-12-13	07:40:00		60	0	0	0	0	0	0	2	0	0	0	0	0	0	0	0	0	0	0	0	0	0,0175	0,0003	443,2512
2021-12-13	07:41:00		60	2	0	1	0	0	0	2	0	0	0	0	0	0	0	0	0	0	0	0	0	0,0191	0,0003	443,2516
2021-12-13	07:42:00		60	2	0	0	0	0	0	5	0	0	2	0	0	0	0	0	0	0	0	0	0	0,1023	0,0017	443,2533
2021-12-13	07:43:00		60	1	0	0	0	0	2	1	0	0	1	2	0	0	0	0	0	0	0	0	0	0,1354	0,0023	443,2555
2021-12-13	07:44:00		60	4	1	0	0	1	4	2	0	2	0	2	0	0	0	0	0	0	0	0	0	0,1720	0,0029	443,2584
2021-12-13	07:45:00		60	5	0	0	0	1	6	1	0	1	1	1	0	0	0	0	0	0	0	0	0	0,1361	0,0023	443,2607
2021-12-13	07:46:00		60	2	0	0	1	1	5	1	2	1	0	2	0	0	0	0	0	0	0	0	0	0,1768	0,0029	443,2636
2021-12-13	07:47:00		60	0	0	0	0	2	0	0	2	0	1	0	0	0	0	0	0	0	0	0	0	0,0644	0,0011	443,2647
2021-12-13	07:48:00		60	0	0	0	1	0	2	1	0	0	0	1	0	0	0	0	0	0	0	0	0	0,0640	0,0011	443,2657
2021-12-13	07:49:00		60	0	0	0	6	7	0	3	0	0	1	0	0	0	0	0	0	0	0	0	0	0,0860	0,0014	443,2672
2021-12-13	07:50:00		60	0	0	1	3	2	2	2	0	0	0	0	0	0	0	0	0	0	0	0	0	0,0392	0,0007	443,2678
2021-12-13	07:51:00		60	1	0	2	2	1	1	0	0	0	0	0	0	0	0	0	0	0	0	0	0	0,0136	0,0002	443,2681
2021-12-13	07:52:00		60	0	0	0	0	0	0	3	1	4	0	0	0	0	0	0	0	0	0	0	0	0,1269	0,0021	443,2702
2021-12-13	07:53:00		60	0	0	2	3	0	2	5	2	0	0	0	0	0	0	0	0	0	0	0	0	0,0903	0,0015	443,2717
2021-12-13	07:54:00		60	0	1	2	5	0	3	2	1	0	0	0	0	0	0	0	0	0	0	0	0	0,0582	0,0010	443,2726
2021-12-13	07:55:00		60	0	0	2	2	0	1	5	0	0	0	0	0	0	0	0	0	0	0	0	0	0,0541	0,0009	443,2735
2021-12-13	07:56:00		60	0	1	4	2	0	2	3	2	0	0	0	0	0	0	0	0	0	0	0	0	0,0737	0,0012	443,2748
2021-12-13	07:57:00		60	0	0	5	4	0	0	0	0	0	0	0	0	0	0	0	0	0	0	0	0	0,0124	0,0002	443,2750
2021-12-13	07:58:00		60	0	0	4	2	0	0	2	0	0	0	0	0	0	0	0	0	0	0	0	0	0,0252	0,0004	443,2754
2021-12-13	07:59:00		60	0	0	4	3	0	0	0	0	0	0	0	0	0	0	0	0	0	0	0	0	0,0095	0,0002	443,2756
2021-12-13	08:00:00		60	0	3	4	7	0	1	0	0	0	0	0	0	0	0	0	0	0	0	0	0	0,0232	0,0004	443,2759
2021-12-13	08:01:00		60	0	0	6	2	0	3	0	0	0	0	0	0	0	0	0	0	0	0	0	0	0,0242	0,0004	443,2763
2021-12-13	08:02:00		60	0	1	5	0	0	4	0	0	0	0	0	0	0	0	0	0	0	0	0	0	0,0250	0,0004	443,2768
2021-12-13	08:03:00		60	0	1	2	2	0	3	0	0	0	0	0	0	0	0	0	0	0	0	0	0	0,0206	0,0003	443,2771
2021-12-13	08:04:00		60	0	1	1	0	0	0	0	0	0	0	0	0	0	0	0	0	0	0	0	0	0,0016	0,0000	443,2771
2021-12-13	08:05:00		60	0	3	2	0	1	0	0	0	0	0	0	0	0	0	0	0	0	0	0	0	0,0068	0,0001	443,2772
2021-12-13	08:06:00		60	0	5	3	0	2	1	0	0	0	0	0	0	0	0	0	0	0	0	0	0	0,0167	0,0003	443,2775
2021-12-13	08:07:00		60	0	0	2	2	0	0	0	0	0	0	0	0	0	0	0	0	0	0	0	0	0,0056	0,0001	443,2776
2021-12-13	08:08:00		60	0	1	1	0	0	0	0	0	0	0	0	0	0	0	0	0	0	0	0	0	0,0016	0,0000	443,2776
2021-12-13	08:09:00		60	0	5	1	0	0	0	0	0	0	0	0	0	0	0	0	0	0	0	0	0	0,0040	0,0001	443,2777
2021-12-13	08:10:00		60	0	0	1	0	0	0	0	0	0	0	0	0	0	0	0	0	0	0	0	0	0,0011	0,0000	443,2777
2021-12-13	08:11:00		60	0	0	0	0	0	0	0	0	0	0	0	0	0	0	0	0	0	0	0	0	0,0000	0,0000	443,2777
2021-12-13	08:12:00		60	0	4	0	0	0	0	0	0	0	0	0	0	0	0	0	0	0	0	0	0	0,0024	0,0000	443,2778
2021-12-13	08:13:00		60	0	1	1	0	0	0	0	0	0	0	0	0	0	0	0	0	0	0	0	0	0,0016	0,0000	443,2778
2021-12-13	08:14:00		60	0	0	0	0	0	0	0	0	0	0	0	0	0	0	0	0	0	0	0	0	0,0000	0,0000	443,2778
2021-12-13	08:15:00		60	0	0	0	0	0	0	0	0	0	0	0	0	0	0	0	0	0	0	0	0	0,0000	0,0000	443,2778
2021-12-13	08:16:00		60	0	0	0	0	0	0	0	0	0	0	0	0	0	0	0	0	0	0	0	0	0,0000	0,0000	443,2778
2021-12-13	08:17:00		60	0	0	0	0	0	0	0	0	0	0	0	0	0	0	0	0	0	0	0	0	0,0000	0,0000	443,2778
2021-12-13	08:18:00		60	0	0	0	0	0	0	0	0	0	0	0	0	0	0	0	0	0	0	0	0	0,0000	0,0000	443,2778
2021-12-13	08:19:00		60	0	0	0	0	0	0	0	0	0	0	0	0	0	0	0	0	0	0	0	0	0,0000	0,0000	443,2778
2021-12-13	08:20:00		60	0	0	0	0	0	0	0	0	0	0	0	0	0	0	0	0	0	0	0	0	0,0000	0,0000	443,2778
2021-12-13	08:21:00		60	0	0	0	0	0	0	0	0	0	0	0	0	0	0	0	0	0	0	0	0	0,0000	0,0000	443,2778
2021-12-13	08:22:00		60	0	0	0	0	0	0	0	0	0	0	0	0	0	0	0	0	0	0	0	0	0,0000	0,0000	443,2778
2021-12-13	08:23:00		60	0	0	0	0	0	0	0	0	0	0	0	0	0	0	0	0	0	0	0	0	0,0000	0,0000	443,2778
2021-12-13	08:24:00		60	0	0	0	0	0	0	0	0	0	0	0	0	0	0	0	0	0	0	0	0	0,0000	0,0000	443,2778
2021-12-13	08:25:00		60	0	0	0	0	0	0	0	0	0	0	0	0	0	0	0	0	0	0	0	0	0,0000	0,0000	443,2778
2021-12-13	08:26:00		60	0	0	0	0	0	0	0	0	0	0	0	0	0	0	0	0	0	0	0	0	0,0000	0,0000	443,2778
2021-12-13	08:27:00		60	0	0	0	0	0	0	0	0	0	0	0	0	0	0	0	0	0	0	0	0	0,0000	0,0000	443,2778
2021-12-13	08:28:00		60	0	0	0	0	0	0	0	0	0	0	0	0	0	0	0	0	0	0	0	0	0,0000	0,0000	443,2778
2021-12-13	08:29:00		60	0	0	0	0	0	0	0	0	0	0	0	0	0	0	0	0	0	0	0	0	0,0000	0,0000	443,2778
2021-12-13	08:30:00		60	0	0	0	0	0	0	0	0	0	0	0	0	0	0	0	0	0	0	0	0	0,0000	0,0000	443,2778
2021-12-13	08:31:00		60	0	0	0	0	0	0	0	0	0	0	0	0	0	0	0	0	0	0	0	0	0,0000	0,0000	443,2778
2021-12-13	08:32:00		60	0	0	0	0	0	0	0	0	0	0	0	0	0	0	0	0	0	0	0	0	0,0000	0,0000	443,2778
2021-12-13	08:33:00		60	0	0	0	0	0	0	0	0	0	0	0	0	0	0	0	0	0	0	0	0	0,0000	0,0000	443,2778
2021-12-13	08:34:00		60	0	0	0	0	0	0	0	0	0	0	0	0	0	0	0	0	0	0	0	0	0,0000	0,0000	443,2778
2021-12-13	08:35:00		60	0	0	0	0	0	0	0	0	0	0	0	0	0	0	0	0	0	0	0	0	0,0000	0,0000	443,2778
2021-12-13	08:36:00		60	0	0	0	0	0	0	0	0	0	0	0	0	0	0	0	0	0	0	0	0	0,0000	0,0000	443,2778
2021-12-13	08:37:00		60	0	0	0	0	0	0	0	0	0	0	0	0	0	0	0	0	0	0	0	0	0,0000	0,0000	443,2778
2021-12-13	08:38:00		60	0	0	0	0	0	0	0	0	0	0	0	0	0	0	0	0	0	0	0	0	0,0000	0,0000	443,2778
2021-12-13	08:39:00		60	0	0	0	0	0	0	0	0	0	0	0	0	0	0	0	0	0	0	0	0	0,0000	0,0000	443,2778
2021-12-13	08:40:00		60	0	0	0	0	0	0	0	0	0	0	0	0	0	0	0	0	0	0	0	0	0,0000	0,0000	443,2778
2021-12-13	08:41:00		60	0	0	0	0	0	0	0	0	0	0	0	0	0	0	0	0	0	0	0	0	0,0000	0,0000	443,2778
2021-12-13	08:42:00		60	0	0	0	0	0	0	0	0	0	0	0	0	0	0	0	0	0	0	0	0	0,0000	0,0000	443,2778
2021-12-13	08:43:00		60	0	0	0	0	0	0	0	0	0	0	0	0	0	0	0	0	0	0	0	0	0,0000	0,0000	443,2778
2021-12-13	08:44:00		60	0	0	0	0	0	0	0	0	0	0	0	0	0	0	0	0	0	0	0	0	0,0000	0,0000	443,2778
2021-12-13	08:45:00		60	0	0	0	0	0	0	0	0	0	0	0	0	0	0	0	0	0	0	0	0	0,0000	0,0000	443,2778
2021-12-13	08:46:00		60	0	0	0	0	0	0	0	0	0	0	0	0	0	0	0	0	0	0	0	0	0,0000	0,0000	443,2778
2021-12-13	08:47:00		60	0	0	0	0	0	0	0	0	0	0	0	0	0	0	0	0	0	0	0	0	0,0000	0,0000	443,2778
2021-12-13	08:48:00		60	0	0	0	0	0	0	0	0	0	0	0	0	0	0	0	0	0	0	0	0	0,0000	0,0000	443,2778
2021-12-13	08:49:00		60	0	0	0	0	0	0	0	0	0	0	0	0	0	0	0	0	0	0	0	0	0,0000	0,0000	443,2778
2021-12-13	08:50:00		60	0	0	0	0	0	0	0	0	0	0	0	0	0	0	0	0	0	0	0	0	0,0000	0,0000	443,2778
2021-12-13	08:51:00		60	0	0	0	0	0	0	0	0	0	0	0	0	0	0	0	0	0	0	0	0	0,0000	0,0000	443,2778
2021-12-13	08:52:00		60	0	0	0	0	0	0	0	0	0	0	0	0	0	0	0	0	0	0	0	0	0,0000	0,0000	443,2778
2021-12-13	08:53:00		60	0	0	0	0	0	0	0	0	0	0	0	0	0	0	0	0	0	0	0	0	0,0000	0,0000	443,2778
2021-12-13	08:54:00		60	0	0	0	0	0	0	0	0	0	0	0	0	0	0	0	0	0	0	0	0	0,0000	0,0000	443,2778
2021-12-13	08:55:00		60	0	0	0	0	0	0	0	0	0	0	0	0	0	0	0	0	0	0	0	0	0,0000	0,0000	443,2778
2021-12-13	08:56:00		60	0	0	0	0	0	0	0	0	0	0	0	0	0	0	0	0	0	0	0	0	0,0000	0,0000	443,2778
2021-12-13	08:57:00		60	0	0	0	0	0	0	0	0	0	0	0	0	0	0	0	0	0	0	0	0	0,0000	0,0000	443,2778
2021-12-13	08:58:00		60	0	0	0	0	0	0	0	0	0	0	0	0	0	0	0	0	0	0	0	0	0,0000	0,0000	443,2778
2021-12-13	08:59:00		60	0	0	0	0	0	0	0	0	0	0	0	0	0	0	0	0	0	0	0	0	0,0000	0,0000	443,2778
2021-12-13	09:00:00		60	0	0	0	0	0	0	0	0	0	0	0	0	0	0	0	0	0	0	0	0	0,0000	0,0000	443,2778
2021-12-13	09:01:00		60	0	0	0	0	0	0	0	0	0	0	0	0	0	0	0	0	0	0	0	0	0,0000	0,0000	443,2778
2021-12-13	09:02:00		60	0	0	0	0	0	0	0	0	0	0	0	0	0	0	0	0	0	0	0	0	0,0000	0,0000	443,2778
2021-12-13	09:03:00		60	0	0	0	0	0	0	0	0	0	0	0	0	0	0	0	0	0	0	0	0	0,0000	0,0000	443,2778
2021-12-13	09:04:00		60	0	0	0	0	0	0	0	0	0	0	0	0	0	0	0	0	0	0	0	0	0,0000	0,0000	443,2778
2021-12-13	09:05:00		60	0	0	0	0	0	0	0	0	0	0	0	0	0	0	0	0	0	0	0	0	0,0000	0,0000	443,2778
2021-12-13	09:06:00		60	0	0	0	0	0	0	0	0	0	0	0	0	0	0	0	0	0	0	0	0	0,0000	0,0000	443,2778
2021-12-13	09:07:00		60	0	0	0	0	0	0	0	0	0	0	0	0	0	0	0	0	0	0	0	0	0,0000	0,0000	443,2778
2021-12-13	09:08:00		60	0	0	0	0	0	0	0	0	0	0	0	0	0	0	0	0	0	0	0	0	0,0000	0,0000	443,2778
2021-12-13	09:09:00		60	0	0	0	0	0	0	0	0	0	0	0	0	0	0	0	0	0	0	0	0	0,0000	0,0000	443,2778
