YYYY-MM-DD	hh:mm:ss	Status	Interval [s]	n1	n2	n3	n4	n5	n6	n7	n8	n9	n10	n11	n12	n13	n14	n15	n16	n17	n18	n19	n20	RI [mm/h]	RA [mm]	RAT [mm]
2022-03-16	18:29:00		60	36	0	0	0	0	0	0	0	0	0	0	0	0	0	0	0	0	0	0	0	0,0105	0,0002	0,0002
2022-03-16	18:30:00		60	29	0	0	0	0	0	0	0	0	0	0	0	0	0	0	0	0	0	0	0	0,0084	0,0001	0,0003
2022-03-16	18:31:00		60	38	0	0	0	0	0	0	0	0	0	0	0	0	0	0	0	0	0	0	0	0,0110	0,0002	0,0005
2022-03-16	18:32:00		60	31	0	0	0	0	0	0	0	0	0	0	0	0	0	0	0	0	0	0	0	0,0090	0,0002	0,0006
2022-03-16	18:33:00		60	41	0	0	0	0	0	0	0	0	0	0	0	0	0	0	0	0	0	0	0	0,0119	0,0002	0,0008
2022-03-16	18:34:00		60	45	2	0	0	0	0	0	0	0	0	0	0	0	0	0	0	0	0	0	0	0,0143	0,0002	0,0011
2022-03-16	18:35:00		60	31	0	0	0	0	0	0	0	0	0	0	0	0	0	0	0	0	0	0	0	0,0090	0,0002	0,0012
2022-03-16	18:36:00		60	43	0	0	0	0	0	0	0	0	0	0	0	0	0	0	0	0	0	0	0	0,0125	0,0002	0,0014
2022-03-16	18:37:00		60	38	0	0	0	0	0	0	0	0	0	0	0	0	0	0	0	0	0	0	0	0,0110	0,0002	0,0016
2022-03-16	18:38:00		60	16	0	0	0	0	0	0	0	0	0	0	0	0	0	0	0	0	0	0	0	0,0047	0,0001	0,0017
2022-03-16	18:39:00		60	16	0	0	0	0	0	0	0	0	0	0	0	0	0	0	0	0	0	0	0	0,0047	0,0001	0,0018
2022-03-16	18:40:00		60	15	0	0	0	0	0	0	0	0	0	0	0	0	0	0	0	0	0	0	0	0,0044	0,0001	0,0019
2022-03-16	18:41:00		60	5	0	0	0	0	0	0	0	0	0	0	0	0	0	0	0	0	0	0	0	0,0015	0,0000	0,0019
2022-03-16	18:42:00		60	9	0	0	0	0	0	0	0	0	0	0	0	0	0	0	0	0	0	0	0	0,0026	0,0000	0,0019
2022-03-16	18:43:00		60	9	0	0	0	0	0	0	0	0	0	0	0	0	0	0	0	0	0	0	0	0,0026	0,0000	0,0020
2022-03-16	18:44:00		60	12	0	0	0	0	0	0	0	0	0	0	0	0	0	0	0	0	0	0	0	0,0035	0,0001	0,0020
2022-03-16	18:45:00		60	15	0	0	0	0	0	0	0	0	0	0	0	0	0	0	0	0	0	0	0	0,0044	0,0001	0,0021
2022-03-16	18:46:00		60	25	0	0	0	0	0	0	0	0	0	0	0	0	0	0	0	0	0	0	0	0,0073	0,0001	0,0022
2022-03-16	18:47:00		60	14	0	0	0	0	0	0	0	0	0	0	0	0	0	0	0	0	0	0	0	0,0041	0,0001	0,0023
2022-03-16	18:48:00		60	12	0	0	0	0	0	0	0	0	0	0	0	0	0	0	0	0	0	0	0	0,0035	0,0001	0,0023
2022-03-16	18:49:00		60	18	0	0	0	0	0	0	0	0	0	0	0	0	0	0	0	0	0	0	0	0,0052	0,0001	0,0024
2022-03-16	18:50:00		60	71	0	0	0	0	0	0	0	0	0	0	0	0	0	0	0	0	0	0	0	0,0206	0,0003	0,0028
2022-03-16	18:51:00		60	50	0	0	0	0	0	0	0	0	0	0	0	0	0	0	0	0	0	0	0	0,0145	0,0002	0,0030
2022-03-16	18:52:00		60	32	0	0	0	0	0	0	0	0	0	0	0	0	0	0	0	0	0	0	0	0,0093	0,0002	0,0032
2022-03-16	18:53:00		60	26	0	0	0	0	0	0	0	0	0	0	0	0	0	0	0	0	0	0	0	0,0076	0,0001	0,0033
2022-03-16	18:54:00		60	49	0	0	0	0	0	0	0	0	0	0	0	0	0	0	0	0	0	0	0	0,0142	0,0002	0,0035
2022-03-16	18:55:00		60	28	0	0	0	0	0	0	0	0	0	0	0	0	0	0	0	0	0	0	0	0,0081	0,0001	0,0037
2022-03-16	18:56:00		60	19	0	0	0	0	1	0	0	0	0	0	0	0	0	0	0	0	0	0	0	0,0103	0,0002	0,0038
2022-03-16	18:57:00		60	21	17	29	50	34	36	18	8	8	1	0	0	0	0	0	0	0	0	0	0	0,8818	0,0147	0,0185
2022-03-16	18:58:00		60	7	22	49	74	117	142	129	88	107	97	145	159	73	38	33	17	11	2	0	0	56,9115	0,9485	0,9671
2022-03-16	18:59:00		60	0	1	1	9	23	117	250	255	193	159	290	219	112	68	52	26	15	0	0	0	89,8055	1,4968	2,4638
2022-03-16	19:00:00		60	0	0	0	9	22	94	271	228	195	201	336	279	142	80	66	19	14	1	0	0	103,1934	1,7199	4,1837
2022-03-16	19:01:00		60	0	2	16	43	80	196	269	220	183	171	301	250	93	43	9	2	1	0	0	0	66,3328	1,1055	5,2893
2022-03-16	19:02:00		60	0	2	12	38	61	114	203	185	158	184	309	307	87	35	15	3	0	0	0	0	68,3963	1,1399	6,4292
2022-03-16	19:03:00		60	0	3	16	37	43	107	224	195	169	140	275	231	75	42	18	3	2	0	0	0	61,7165	1,0286	7,4578
2022-03-16	19:04:00		60	0	2	4	17	28	92	202	186	138	139	257	245	113	59	45	14	6	1	0	0	78,0500	1,3008	8,7586
2022-03-16	19:05:00		60	7	19	59	64	57	101	187	190	126	119	206	143	48	6	2	0	0	0	0	0	37,3489	0,6225	9,3811
2022-03-16	19:06:00		60	9	23	45	94	84	154	131	55	79	73	175	126	18	5	3	0	0	0	0	0	27,1018	0,4517	9,8328
2022-03-16	19:07:00		60	2	6	23	46	50	107	164	166	161	194	317	161	51	8	3	0	1	0	0	0	47,0319	0,7839	10,6167
2022-03-16	19:08:00		60	0	4	14	25	29	72	131	151	146	156	316	186	50	12	6	0	0	0	0	0	47,3123	0,7885	11,4052
2022-03-16	19:09:00		60	0	5	17	34	38	67	135	167	172	185	311	170	62	25	8	1	1	0	0	0	51,9244	0,8654	12,2706
2022-03-16	19:10:00		60	3	5	5	28	32	88	170	193	146	221	313	132	44	17	6	1	0	0	0	0	46,5708	0,7762	13,0468
2022-03-16	19:11:00		60	0	2	5	23	31	65	148	156	149	150	317	231	63	30	8	0	0	0	0	0	55,1778	0,9196	13,9664
2022-03-16	19:12:00		60	0	1	11	25	30	88	144	156	135	174	329	217	66	29	7	2	0	0	0	0	55,6985	0,9283	14,8947
2022-03-16	19:13:00		60	1	3	13	25	42	86	175	138	127	140	305	209	67	38	15	1	1	0	0	0	56,1253	0,9354	15,8302
2022-03-16	19:14:00		60	1	0	6	17	31	81	162	140	143	161	319	226	102	36	30	4	0	1	0	0	66,3200	1,1053	16,9355
2022-03-16	19:15:00		60	0	6	22	60	57	112	205	172	155	143	236	174	54	29	9	1	1	0	0	0	48,2763	0,8046	17,7401
2022-03-16	19:16:00		60	0	9	21	32	38	99	160	151	120	121	217	162	62	32	15	5	0	0	0	0	47,6004	0,7933	18,5334
2022-03-16	19:17:00		60	0	5	12	32	46	103	177	153	111	112	247	184	59	34	31	5	5	0	0	0	55,4119	0,9235	19,4570
2022-03-16	19:18:00		60	0	3	4	18	38	91	137	123	99	119	206	165	95	58	31	7	5	0	0	0	59,2950	0,9882	20,4452
2022-03-16	19:19:00		60	0	1	9	25	37	77	183	128	117	123	234	157	75	49	33	10	3	0	0	0	57,8619	0,9644	21,4096
2022-03-16	19:20:00		60	1	5	16	39	35	92	133	115	106	121	219	177	79	41	11	7	3	0	0	0	51,7157	0,8619	22,2715
2022-03-16	19:21:00		60	19	44	50	71	49	105	137	136	126	101	162	73	16	0	1	0	0	0	0	0	24,0401	0,4007	22,6722
2022-03-16	19:22:00		60	45	77	79	96	64	108	185	133	69	54	52	27	11	4	0	0	0	0	0	0	13,6711	0,2279	22,9000
2022-03-16	19:23:00		60	80	69	63	72	50	101	174	81	41	33	30	18	2	0	0	0	0	0	0	0	8,2797	0,1380	23,0380
2022-03-16	19:24:00		60	77	72	42	50	54	108	72	52	45	18	25	14	2	0	0	0	0	0	0	0	6,0856	0,1014	23,1395
2022-03-16	19:25:00		60	72	49	30	64	54	69	28	36	43	34	56	42	7	1	0	0	0	0	0	0	9,7760	0,1629	23,3024
2022-03-16	19:26:00		60	25	36	27	50	44	33	76	116	101	108	172	49	8	1	1	0	0	0	0	0	20,4364	0,3406	23,6430
2022-03-16	19:27:00		60	30	27	33	23	26	64	144	142	102	107	136	51	7	2	0	0	0	0	0	0	19,8572	0,3310	23,9740
2022-03-16	19:28:00		60	21	17	24	42	35	103	188	127	104	82	86	41	6	0	0	0	0	0	0	0	16,2398	0,2707	24,2446
2022-03-16	19:29:00		60	21	27	20	24	35	96	169	161	104	84	77	17	2	0	0	0	0	0	0	0	14,0047	0,2334	24,4780
2022-03-16	19:30:00		60	19	32	22	28	40	77	184	144	69	76	89	30	2	0	0	0	0	0	0	0	14,3044	0,2384	24,7164
2022-03-16	19:31:00		60	44	28	28	45	38	85	214	153	64	34	29	1	0	0	0	0	0	0	0	0	8,4958	0,1416	24,8580
2022-03-16	19:32:00		60	24	25	27	44	43	75	140	45	12	8	2	0	0	0	0	0	0	0	0	0	3,0774	0,0513	24,9093
2022-03-16	19:33:00		60	27	18	25	30	55	69	49	9	3	3	0	0	0	0	0	0	0	0	0	0	1,2990	0,0216	24,9310
2022-03-16	19:34:00		60	27	25	33	45	62	64	24	4	4	0	0	0	0	0	0	0	0	0	0	0	0,9764	0,0163	24,9472
2022-03-16	19:35:00		60	55	25	28	72	50	37	4	3	0	0	0	0	0	0	0	0	0	0	0	0	0,5882	0,0098	24,9570
2022-03-16	19:36:00		60	144	36	50	41	21	18	1	0	0	0	0	0	0	0	0	0	0	0	0	0	0,3437	0,0057	24,9628
2022-03-16	19:37:00		60	141	21	19	8	16	8	4	3	0	0	0	0	0	0	0	0	0	0	0	0	0,2513	0,0042	24,9670
2022-03-16	19:38:00		60	58	14	8	16	5	4	11	0	0	0	0	0	0	0	0	0	0	0	0	0	0,1915	0,0032	24,9702
2022-03-16	19:39:00		60	31	14	7	11	5	14	5	0	0	0	0	0	0	0	0	0	0	0	0	0	0,1692	0,0028	24,9730
2022-03-16	19:40:00		60	31	14	4	6	16	14	10	0	0	0	0	0	0	0	0	0	0	0	0	0	0,2325	0,0039	24,9768
2022-03-16	19:41:00		60	43	8	6	23	30	23	10	0	0	0	0	0	0	0	0	0	0	0	0	0	0,3480	0,0058	24,9827
2022-03-16	19:42:00		60	73	5	18	23	18	13	3	0	0	0	0	0	0	0	0	0	0	0	0	0	0,2241	0,0037	24,9864
2022-03-16	19:43:00		60	137	24	6	10	10	6	2	0	0	0	0	0	0	0	0	0	0	0	0	0	0,1530	0,0026	24,9889
2022-03-16	19:44:00		60	67	11	8	12	1	6	2	0	0	0	0	0	0	0	0	0	0	0	0	0	0,1047	0,0017	24,9907
2022-03-16	19:45:00		60	101	6	2	7	2	8	0	0	0	0	0	0	0	0	0	0	0	0	0	0	0,0914	0,0015	24,9922
2022-03-16	19:46:00		60	57	1	5	3	4	4	0	0	0	0	0	0	0	0	0	0	0	0	0	0	0,0584	0,0010	24,9932
2022-03-16	19:47:00		60	27	2	1	3	7	3	0	0	0	0	0	0	0	0	0	0	0	0	0	0	0,0499	0,0008	24,9940
2022-03-16	19:48:00		60	31	0	1	3	4	2	0	0	0	0	0	0	0	0	0	0	0	0	0	0	0,0365	0,0006	24,9946
2022-03-16	19:49:00		60	16	6	5	5	3	2	1	0	0	0	0	0	0	0	0	0	0	0	0	0	0,0493	0,0008	24,9954
2022-03-16	19:50:00		60	18	4	3	6	4	0	0	0	0	0	0	0	0	0	0	0	0	0	0	0	0,0329	0,0005	24,9960
2022-03-16	19:51:00		60	18	3	5	5	5	0	1	0	0	0	0	0	0	0	0	0	0	0	0	0	0,0443	0,0007	24,9967
2022-03-16	19:52:00		60	46	12	1	3	0	0	0	0	0	0	0	0	0	0	0	0	0	0	0	0	0,0268	0,0004	24,9972
2022-03-16	19:53:00		60	16	2	6	1	0	0	2	0	0	0	0	0	0	0	0	0	0	0	0	0	0,0314	0,0005	24,9977
2022-03-16	19:54:00		60	22	0	3	1	0	1	0	0	0	0	0	0	0	0	0	0	0	0	0	0	0,0161	0,0003	24,9980
2022-03-16	19:55:00		60	17	0	0	0	0	1	1	0	0	0	0	0	0	0	0	0	0	0	0	0	0,0185	0,0003	24,9983
2022-03-16	19:56:00		60	20	0	0	0	0	0	0	0	0	0	0	0	0	0	0	0	0	0	0	0	0,0058	0,0001	24,9984
2022-03-16	19:57:00		60	24	0	0	0	0	0	0	0	0	0	0	0	0	0	0	0	0	0	0	0	0,0070	0,0001	24,9985
2022-03-16	19:58:00		60	103	0	0	0	0	1	1	0	0	0	0	0	0	0	0	0	0	0	0	0	0,0435	0,0007	24,9992
2022-03-16	19:59:00		60	52	0	0	0	0	0	0	0	0	0	0	0	0	0	0	0	0	0	0	0	0,0151	0,0003	24,9995
2022-03-16	20:00:00		60	36	0	0	0	0	0	0	0	0	0	0	0	0	0	0	0	0	0	0	0	0,0105	0,0002	24,9996
2022-03-16	20:01:00		60	24	0	0	0	0	0	0	0	0	0	0	0	0	0	0	0	0	0	0	0	0,0070	0,0001	24,9998
2022-03-16	20:02:00		60	28	0	0	0	0	0	0	0	0	0	0	0	0	0	0	0	0	0	0	0	0,0081	0,0001	24,9999
2022-03-16	20:03:00		60	39	0	0	0	0	0	0	0	0	0	0	0	0	0	0	0	0	0	0	0	0,0113	0,0002	25,0001
2022-03-16	20:04:00		60	46	0	0	0	0	0	0	0	0	0	0	0	0	0	0	0	0	0	0	0	0,0134	0,0002	25,0003
2022-03-16	20:05:00		60	24	0	0	0	0	0	0	0	0	0	0	0	0	0	0	0	0	0	0	0	0,0070	0,0001	25,0004
2022-03-16	20:06:00		60	48	0	0	0	0	0	0	0	0	0	0	0	0	0	0	0	0	0	0	0	0,0140	0,0002	25,0006
2022-03-16	20:07:00		60	23	0	0	0	0	0	0	0	0	0	0	0	0	0	0	0	0	0	0	0	0,0067	0,0001	25,0008
2022-03-16	20:08:00		60	27	0	0	0	0	0	0	0	0	0	0	0	0	0	0	0	0	0	0	0	0,0078	0,0001	25,0009
2022-03-16	20:09:00		60	21	0	0	0	0	0	0	0	0	0	0	0	0	0	0	0	0	0	0	0	0,0061	0,0001	25,0010
2022-03-16	20:10:00		60	8	0	0	0	0	0	0	0	0	0	0	0	0	0	0	0	0	0	0	0	0,0023	0,0000	25,0010
2022-03-16	20:11:00		60	17	0	0	0	0	0	0	0	0	0	0	0	0	0	0	0	0	0	0	0	0,0049	0,0001	25,0011
2022-03-16	20:12:00		60	15	0	0	0	0	0	0	0	0	0	0	0	0	0	0	0	0	0	0	0	0,0044	0,0001	25,0012
2022-03-16	20:13:00		60	25	0	0	0	0	0	0	0	0	0	0	0	0	0	0	0	0	0	0	0	0,0073	0,0001	25,0013
2022-03-16	20:14:00		60	75	0	0	0	0	0	0	0	0	0	0	0	0	0	0	0	0	0	0	0	0,0218	0,0004	25,0017
2022-03-16	20:15:00		60	23	0	0	0	0	0	0	0	0	0	0	0	0	0	0	0	0	0	0	0	0,0067	0,0001	25,0018
2022-03-16	20:16:00		60	83	0	0	0	0	0	0	0	0	0	0	0	0	0	0	0	0	0	0	0	0,0241	0,0004	25,0022
2022-03-16	20:17:00		60	86	0	0	0	0	0	0	0	0	0	0	0	0	0	0	0	0	0	0	0	0,0250	0,0004	25,0026
2022-03-16	20:18:00		60	40	0	0	0	0	0	0	0	0	0	0	0	0	0	0	0	0	0	0	0	0,0116	0,0002	25,0028
2022-03-16	20:19:00		60	34	0	0	0	0	0	0	0	0	0	0	0	0	0	0	0	0	0	0	0	0,0099	0,0002	25,0030
2022-03-16	20:20:00		60	17	0	0	0	0	0	0	0	0	0	0	0	0	0	0	0	0	0	0	0	0,0049	0,0001	25,0030
2022-03-16	20:21:00		60	65	0	0	0	0	0	0	0	0	0	0	0	0	0	0	0	0	0	0	0	0,0189	0,0003	25,0034
2022-03-16	20:22:00		60	28	0	0	0	0	0	0	0	0	0	0	0	0	0	0	0	0	0	0	0	0,0081	0,0001	25,0035
2022-03-16	20:23:00		60	36	0	0	0	0	0	0	0	0	0	0	0	0	0	0	0	0	0	0	0	0,0105	0,0002	25,0037
2022-03-16	20:24:00		60	60	0	0	0	0	0	0	0	0	0	0	0	0	0	0	0	0	0	0	0	0,0174	0,0003	25,0040
2022-03-16	20:25:00		60	34	0	0	0	0	0	0	0	0	0	0	0	0	0	0	0	0	0	0	0	0,0099	0,0002	25,0041
2022-03-16	20:26:00		60	29	0	0	0	0	0	0	0	0	0	0	0	0	0	0	0	0	0	0	0	0,0084	0,0001	25,0043
2022-03-16	20:27:00		60	25	0	0	0	0	0	0	0	0	0	0	0	0	0	0	0	0	0	0	0	0,0073	0,0001	25,0044
2022-03-16	20:28:00		60	49	0	0	0	0	0	0	0	0	0	0	0	0	0	0	0	0	0	0	0	0,0142	0,0002	25,0046
2022-03-16	20:29:00		60	47	0	0	0	0	0	0	0	0	0	0	0	0	0	0	0	0	0	0	0	0,0137	0,0002	25,0048
2022-03-16	20:30:00		60	17	0	0	0	0	0	0	0	0	0	0	0	0	0	0	0	0	0	0	0	0,0049	0,0001	25,0049
2022-03-16	20:31:00		60	24	0	0	0	0	0	0	0	0	0	0	0	0	0	0	0	0	0	0	0	0,0070	0,0001	25,0050
2022-03-16	20:32:00		60	19	0	0	0	0	0	0	0	0	0	0	0	0	0	0	0	0	0	0	0	0,0055	0,0001	25,0051
2022-03-16	20:33:00		60	24	0	0	0	0	0	0	0	0	0	0	0	0	0	0	0	0	0	0	0	0,0070	0,0001	25,0053
2022-03-16	20:34:00		60	16	0	0	0	0	0	0	0	0	0	0	0	0	0	0	0	0	0	0	0	0,0047	0,0001	25,0053
2022-03-16	20:35:00		60	27	1	0	0	0	0	0	0	0	0	0	0	0	0	0	0	0	0	0	0	0,0084	0,0001	25,0055
2022-03-16	20:36:00		60	29	0	0	0	0	0	0	0	0	0	0	0	0	0	0	0	0	0	0	0	0,0084	0,0001	25,0056
2022-03-16	20:37:00		60	58	0	0	0	0	0	0	0	0	0	0	0	0	0	0	0	0	0	0	0	0,0169	0,0003	25,0059
2022-03-16	20:38:00		60	39	0	0	0	0	0	0	0	0	0	0	0	0	0	0	0	0	0	0	0	0,0113	0,0002	25,0061
2022-03-16	20:39:00		60	19	0	0	0	0	0	0	0	0	0	0	0	0	0	0	0	0	0	0	0	0,0055	0,0001	25,0062
2022-03-16	20:40:00		60	27	0	0	0	0	0	0	0	0	0	0	0	0	0	0	0	0	0	0	0	0,0078	0,0001	25,0063
2022-03-16	20:41:00		60	43	0	0	0	0	0	0	0	0	0	0	0	0	0	0	0	0	0	0	0	0,0125	0,0002	25,0065
2022-03-16	20:42:00		60	40	0	0	0	0	0	0	0	0	0	0	0	0	0	0	0	0	0	0	0	0,0116	0,0002	25,0067
2022-03-16	20:43:00		60	37	0	0	0	0	0	0	0	0	0	0	0	0	0	0	0	0	0	0	0	0,0108	0,0002	25,0069
2022-03-16	20:44:00		60	31	0	0	0	0	0	0	0	0	0	0	0	0	0	0	0	0	0	0	0	0,0090	0,0002	25,0070
2022-03-16	20:45:00		60	34	0	0	0	0	0	0	0	0	0	0	0	0	0	0	0	0	0	0	0	0,0099	0,0002	25,0072
2022-03-16	20:46:00		60	54	0	0	0	0	0	0	0	0	0	0	0	0	0	0	0	0	0	0	0	0,0157	0,0003	25,0075
2022-03-16	20:47:00		60	23	0	0	0	0	0	0	0	0	0	0	0	0	0	0	0	0	0	0	0	0,0067	0,0001	25,0076
2022-03-16	20:48:00		60	40	0	0	0	0	0	0	0	0	0	0	0	0	0	0	0	0	0	0	0	0,0116	0,0002	25,0078
2022-03-16	20:49:00		60	22	0	0	0	0	0	0	0	0	0	0	0	0	0	0	0	0	0	0	0	0,0064	0,0001	25,0079
2022-03-16	20:50:00		60	24	0	0	0	0	0	0	0	0	0	0	0	0	0	0	0	0	0	0	0	0,0070	0,0001	25,0080
2022-03-16	20:51:00		60	37	0	0	0	0	0	0	0	0	0	0	0	0	0	0	0	0	0	0	0	0,0108	0,0002	25,0082
2022-03-16	20:52:00		60	20	0	0	0	0	0	0	0	0	0	0	0	0	0	0	0	0	0	0	0	0,0058	0,0001	25,0083
2022-03-16	20:53:00		60	4	0	0	0	0	0	0	0	0	0	0	0	0	0	0	0	0	0	0	0	0,0012	0,0000	25,0083
2022-03-16	20:54:00		60	0	0	0	0	0	0	0	0	0	0	0	0	0	0	0	0	0	0	0	0	0,0000	0,0000	25,0083
2022-03-16	20:55:00		60	0	0	0	0	0	0	0	0	0	0	0	0	0	0	0	0	0	0	0	0	0,0000	0,0000	25,0083
2022-03-16	20:56:00		60	8	1	0	0	0	0	0	0	0	0	0	0	0	0	0	0	0	0	0	0	0,0029	0,0000	25,0083
2022-03-16	20:57:00		60	0	0	0	0	0	0	0	0	0	0	0	0	0	0	0	0	0	0	0	0	0,0000	0,0000	25,0083
2022-03-16	20:58:00		60	0	0	0	0	0	0	0	0	0	0	0	0	0	0	0	0	0	0	0	0	0,0000	0,0000	25,0083
2022-03-16	20:59:00		60	19	0	0	0	0	0	0	0	0	0	0	0	0	0	0	0	0	0	0	0	0,0055	0,0001	25,0084
2022-03-16	21:00:00		60	7	0	0	0	0	0	0	0	0	0	0	0	0	0	0	0	0	0	0	0	0,0020	0,0000	25,0085
2022-03-16	21:01:00		60	4	0	0	0	0	0	0	0	0	0	0	0	0	0	0	0	0	0	0	0	0,0012	0,0000	25,0085
2022-03-16	21:02:00		60	0	0	0	0	0	0	0	0	0	0	0	0	0	0	0	0	0	0	0	0	0,0000	0,0000	25,0085
2022-03-16	21:03:00		60	0	0	0	0	0	0	0	0	0	0	0	0	0	0	0	0	0	0	0	0	0,0000	0,0000	25,0085
2022-03-16	21:04:00		60	0	0	0	0	0	0	0	0	0	0	0	0	0	0	0	0	0	0	0	0	0,0000	0,0000	25,0085
2022-03-16	21:05:00		60	5	0	0	0	0	0	0	0	0	0	0	0	0	0	0	0	0	0	0	0	0,0015	0,0000	25,0085
2022-03-16	21:06:00		60	6	0	0	0	0	0	0	0	0	0	0	0	0	0	0	0	0	0	0	0	0,0017	0,0000	25,0085
2022-03-16	21:07:00		60	0	0	0	0	0	0	0	0	0	0	0	0	0	0	0	0	0	0	0	0	0,0000	0,0000	25,0085
2022-03-16	21:08:00		60	0	0	0	0	0	0	0	0	0	0	0	0	0	0	0	0	0	0	0	0	0,0000	0,0000	25,0085
2022-03-16	21:09:00		60	0	0	0	0	0	0	0	0	0	0	0	0	0	0	0	0	0	0	0	0	0,0000	0,0000	25,0085
2022-03-16	21:10:00		60	0	0	0	0	0	0	0	0	0	0	0	0	0	0	0	0	0	0	0	0	0,0000	0,0000	25,0085
2022-03-16	21:11:00		60	0	0	0	0	0	0	0	0	0	0	0	0	0	0	0	0	0	0	0	0	0,0000	0,0000	25,0085
2022-03-16	21:12:00		60	0	0	0	0	0	0	0	0	0	0	0	0	0	0	0	0	0	0	0	0	0,0000	0,0000	25,0085
2022-03-16	21:13:00		60	0	0	0	0	0	0	0	0	0	0	0	0	0	0	0	0	0	0	0	0	0,0000	0,0000	25,0085
2022-03-16	21:14:00		60	0	0	0	0	0	0	0	0	0	0	0	0	0	0	0	0	0	0	0	0	0,0000	0,0000	25,0085
2022-03-16	21:15:00		60	0	0	0	0	0	0	0	0	0	0	0	0	0	0	0	0	0	0	0	0	0,0000	0,0000	25,0085
2022-03-16	21:16:00		60	0	0	0	0	0	0	0	0	0	0	0	0	0	0	0	0	0	0	0	0	0,0000	0,0000	25,0085
2022-03-16	21:17:00		60	0	0	0	0	0	0	0	0	0	0	0	0	0	0	0	0	0	0	0	0	0,0000	0,0000	25,0085
2022-03-16	21:18:00		60	0	0	0	0	0	0	0	0	0	0	0	0	0	0	0	0	0	0	0	0	0,0000	0,0000	25,0085
2022-03-16	21:19:00		60	0	0	0	0	0	0	0	0	0	0	0	0	0	0	0	0	0	0	0	0	0,0000	0,0000	25,0085
2022-03-16	21:20:00		60	0	0	0	0	0	0	0	0	0	0	0	0	0	0	0	0	0	0	0	0	0,0000	0,0000	25,0085
2022-03-16	21:21:00		60	0	0	0	0	0	0	0	0	0	0	0	0	0	0	0	0	0	0	0	0	0,0000	0,0000	25,0085
2022-03-16	21:22:00		60	0	0	0	0	0	0	0	0	0	0	0	0	0	0	0	0	0	0	0	0	0,0000	0,0000	25,0085
2022-03-16	21:23:00		60	0	0	0	0	0	0	0	0	0	0	0	0	0	0	0	0	0	0	0	0	0,0000	0,0000	25,0085
2022-03-16	21:24:00		60	0	0	0	0	0	0	0	0	0	0	0	0	0	0	0	0	0	0	0	0	0,0000	0,0000	25,0085
2022-03-16	21:25:00		60	0	0	0	0	0	0	0	0	0	0	0	0	0	0	0	0	0	0	0	0	0,0000	0,0000	25,0085
2022-03-16	21:26:00		60	0	0	0	0	0	0	0	0	0	0	0	0	0	0	0	0	0	0	0	0	0,0000	0,0000	25,0085
2022-03-16	21:27:00		60	0	0	0	0	0	0	0	0	0	0	0	0	0	0	0	0	0	0	0	0	0,0000	0,0000	25,0085
2022-03-16	21:28:00		60	0	0	0	0	0	0	0	0	0	0	0	0	0	0	0	0	0	0	0	0	0,0000	0,0000	25,0085
2022-03-16	21:29:00		60	0	0	0	0	0	0	0	0	0	0	0	0	0	0	0	0	0	0	0	0	0,0000	0,0000	25,0085
2022-03-16	21:30:00		60	0	0	0	0	0	0	0	0	0	0	0	0	0	0	0	0	0	0	0	0	0,0000	0,0000	25,0085
2022-03-16	21:31:00		60	0	0	0	0	0	0	0	0	0	0	0	0	0	0	0	0	0	0	0	0	0,0000	0,0000	25,0085
2022-03-16	21:32:00		60	0	0	0	0	0	0	0	0	0	0	0	0	0	0	0	0	0	0	0	0	0,0000	0,0000	25,0085
2022-03-16	21:33:00		60	0	0	0	0	0	0	0	0	0	0	0	0	0	0	0	0	0	0	0	0	0,0000	0,0000	25,0085
2022-03-16	21:34:00		60	0	0	0	0	0	0	0	0	0	0	0	0	0	0	0	0	0	0	0	0	0,0000	0,0000	25,0085
2022-03-16	21:35:00		60	0	0	0	0	0	0	0	0	0	0	0	0	0	0	0	0	0	0	0	0	0,0000	0,0000	25,0085
2022-03-16	21:36:00		60	0	0	0	0	0	0	0	0	0	0	0	0	0	0	0	0	0	0	0	0	0,0000	0,0000	25,0085
2022-03-16	21:37:00		60	0	0	0	0	0	0	0	0	0	0	0	0	0	0	0	0	0	0	0	0	0,0000	0,0000	25,0085
2022-03-16	21:38:00		60	0	0	0	0	0	0	0	0	0	0	0	0	0	0	0	0	0	0	0	0	0,0000	0,0000	25,0085
2022-03-16	21:39:00		60	0	0	0	0	0	0	0	0	0	0	0	0	0	0	0	0	0	0	0	0	0,0000	0,0000	25,0085
2022-03-16	21:40:00		60	0	0	0	0	0	0	0	0	0	0	0	0	0	0	0	0	0	0	0	0	0,0000	0,0000	25,0085
2022-03-16	21:41:00		60	0	0	0	0	0	0	0	0	0	0	0	0	0	0	0	0	0	0	0	0	0,0000	0,0000	25,0085
2022-03-16	21:42:00		60	0	0	0	0	0	0	0	0	0	0	0	0	0	0	0	0	0	0	0	0	0,0000	0,0000	25,0085
2022-03-16	21:43:00		60	0	0	0	0	0	0	0	0	0	0	0	0	0	0	0	0	0	0	0	0	0,0000	0,0000	25,0085
2022-03-16	21:44:00		60	0	0	0	0	0	0	0	0	0	0	0	0	0	0	0	0	0	0	0	0	0,0000	0,0000	25,0085
2022-03-16	21:45:00		60	0	0	0	0	0	0	0	0	0	0	0	0	0	0	0	0	0	0	0	0	0,0000	0,0000	25,0085
2022-03-16	21:46:00		60	0	0	0	0	0	0	0	0	0	0	0	0	0	0	0	0	0	0	0	0	0,0000	0,0000	25,0085
2022-03-16	21:47:00		60	0	0	0	0	0	0	0	0	0	0	0	0	0	0	0	0	0	0	0	0	0,0000	0,0000	25,0085
2022-03-16	21:48:00		60	0	0	0	0	0	0	0	0	0	0	0	0	0	0	0	0	0	0	0	0	0,0000	0,0000	25,0085
2022-03-16	21:49:00		60	0	0	0	0	0	0	0	0	0	0	0	0	0	0	0	0	0	0	0	0	0,0000	0,0000	25,0085
2022-03-16	21:50:00		60	5	0	0	0	0	0	0	0	0	0	0	0	0	0	0	0	0	0	0	0	0,0015	0,0000	25,0086
2022-03-16	21:51:00		60	0	0	0	0	0	0	0	0	0	0	0	0	0	0	0	0	0	0	0	0	0,0000	0,0000	25,0086
2022-03-16	21:52:00		60	4	0	0	0	0	0	0	0	0	0	0	0	0	0	0	0	0	0	0	0	0,0012	0,0000	25,0086
2022-03-16	21:53:00		60	6	0	0	0	0	0	0	0	0	0	0	0	0	0	0	0	0	0	0	0	0,0017	0,0000	25,0086
2022-03-16	21:54:00		60	0	0	0	0	0	0	0	0	0	0	0	0	0	0	0	0	0	0	0	0	0,0000	0,0000	25,0086
2022-03-16	21:55:00		60	0	0	0	0	0	0	0	0	0	0	0	0	0	0	0	0	0	0	0	0	0,0000	0,0000	25,0086
2022-03-16	21:56:00		60	0	0	0	0	0	0	0	0	0	0	0	0	0	0	0	0	0	0	0	0	0,0000	0,0000	25,0086
2022-03-16	21:57:00		60	5	0	0	0	0	0	0	0	0	0	0	0	0	0	0	0	0	0	0	0	0,0015	0,0000	25,0086
2022-03-16	21:58:00		60	0	0	0	0	0	0	0	0	0	0	0	0	0	0	0	0	0	0	0	0	0,0000	0,0000	25,0086
2022-03-16	21:59:00		60	8	0	0	0	0	0	0	0	0	0	0	0	0	0	0	0	0	0	0	0	0,0023	0,0000	25,0087
2022-03-16	22:00:00		60	8	0	0	0	0	0	0	0	0	0	0	0	0	0	0	0	0	0	0	0	0,0023	0,0000	25,0087
2022-03-16	22:01:00		60	0	0	0	0	0	0	0	0	0	0	0	0	0	0	0	0	0	0	0	0	0,0000	0,0000	25,0087
2022-03-16	22:02:00		60	4	0	0	0	0	0	0	0	0	0	0	0	0	0	0	0	0	0	0	0	0,0012	0,0000	25,0087
2022-03-16	22:03:00		60	0	0	0	0	0	0	0	0	0	0	0	0	0	0	0	0	0	0	0	0	0,0000	0,0000	25,0087
2022-03-16	22:04:00		60	0	0	0	0	0	0	0	0	0	0	0	0	0	0	0	0	0	0	0	0	0,0000	0,0000	25,0087
2022-03-16	22:05:00		60	19	0	0	0	0	0	0	0	0	0	0	0	0	0	0	0	0	0	0	0	0,0055	0,0001	25,0088
2022-03-16	22:06:00		60	5	0	0	0	0	0	0	0	0	0	0	0	0	0	0	0	0	0	0	0	0,0015	0,0000	25,0088
2022-03-16	22:07:00		60	4	0	0	0	0	0	0	0	0	0	0	0	0	0	0	0	0	0	0	0	0,0012	0,0000	25,0089
2022-03-16	22:08:00		60	4	0	0	0	0	0	0	0	0	0	0	0	0	0	0	0	0	0	0	0	0,0012	0,0000	25,0089
2022-03-16	22:09:00		60	0	0	0	0	0	0	0	0	0	0	0	0	0	0	0	0	0	0	0	0	0,0000	0,0000	25,0089
2022-03-16	22:10:00		60	0	0	0	0	0	0	0	0	0	0	0	0	0	0	0	0	0	0	0	0	0,0000	0,0000	25,0089
2022-03-16	22:11:00		60	5	0	0	0	0	0	0	0	0	0	0	0	0	0	0	0	0	0	0	0	0,0015	0,0000	25,0089
2022-03-16	22:12:00		60	0	0	0	0	0	0	0	0	0	0	0	0	0	0	0	0	0	0	0	0	0,0000	0,0000	25,0089
2022-03-16	22:13:00		60	0	0	0	0	0	0	0	0	0	0	0	0	0	0	0	0	0	0	0	0	0,0000	0,0000	25,0089
2022-03-16	22:14:00		60	4	0	0	0	0	0	0	0	0	0	0	0	0	0	0	0	0	0	0	0	0,0012	0,0000	25,0089
2022-03-16	22:15:00		60	0	0	0	0	0	0	0	0	0	0	0	0	0	0	0	0	0	0	0	0	0,0000	0,0000	25,0089
2022-03-16	22:16:00		60	4	0	0	0	0	0	0	0	0	0	0	0	0	0	0	0	0	0	0	0	0,0012	0,0000	25,0089
2022-03-16	22:17:00		60	0	0	0	0	0	0	0	0	0	0	0	0	0	0	0	0	0	0	0	0	0,0000	0,0000	25,0089
2022-03-16	22:18:00		60	0	0	0	0	0	0	0	0	0	0	0	0	0	0	0	0	0	0	0	0	0,0000	0,0000	25,0089
2022-03-16	22:19:00		60	0	0	0	0	0	0	0	0	0	0	0	0	0	0	0	0	0	0	0	0	0,0000	0,0000	25,0089
2022-03-16	22:20:00		60	0	0	0	0	0	0	0	0	0	0	0	0	0	0	0	0	0	0	0	0	0,0000	0,0000	25,0089
2022-03-16	22:21:00		60	0	0	0	0	0	0	0	0	0	0	0	0	0	0	0	0	0	0	0	0	0,0000	0,0000	25,0089
2022-03-16	22:22:00		60	0	0	0	0	0	0	0	0	0	0	0	0	0	0	0	0	0	0	0	0	0,0000	0,0000	25,0089
2022-03-16	22:23:00		60	0	0	0	0	0	0	0	0	0	0	0	0	0	0	0	0	0	0	0	0	0,0000	0,0000	25,0089
2022-03-16	22:24:00		60	0	0	0	0	0	0	0	0	0	0	0	0	0	0	0	0	0	0	0	0	0,0000	0,0000	25,0089
2022-03-16	22:25:00		60	0	0	0	0	0	0	0	0	0	0	0	0	0	0	0	0	0	0	0	0	0,0000	0,0000	25,0089
2022-03-16	22:26:00		60	0	0	0	0	0	0	0	0	0	0	0	0	0	0	0	0	0	0	0	0	0,0000	0,0000	25,0089
2022-03-16	22:27:00		60	0	0	0	0	0	0	0	0	0	0	0	0	0	0	0	0	0	0	0	0	0,0000	0,0000	25,0089
2022-03-16	22:28:00		60	0	0	0	0	0	0	0	0	0	0	0	0	0	0	0	0	0	0	0	0	0,0000	0,0000	25,0089
2022-03-16	22:29:00		60	0	0	0	0	0	0	0	0	0	0	0	0	0	0	0	0	0	0	0	0	0,0000	0,0000	25,0089
2022-03-16	22:30:00		60	0	0	0	0	0	0	0	0	0	0	0	0	0	0	0	0	0	0	0	0	0,0000	0,0000	25,0089
2022-03-16	22:31:00		60	0	0	0	0	0	0	0	0	0	0	0	0	0	0	0	0	0	0	0	0	0,0000	0,0000	25,0089
2022-03-16	22:32:00		60	0	0	0	0	0	0	0	0	0	0	0	0	0	0	0	0	0	0	0	0	0,0000	0,0000	25,0089
2022-03-16	22:33:00		60	0	0	0	0	0	0	0	0	0	0	0	0	0	0	0	0	0	0	0	0	0,0000	0,0000	25,0089
2022-03-16	22:34:00		60	0	0	0	0	0	0	0	0	0	0	0	0	0	0	0	0	0	0	0	0	0,0000	0,0000	25,0089
2022-03-16	22:35:00		60	0	0	0	0	0	0	0	0	0	0	0	0	0	0	0	0	0	0	0	0	0,0000	0,0000	25,0089
2022-03-16	22:36:00		60	1	0	0	0	1	0	0	0	0	0	0	0	0	0	0	0	0	0	0	0	0,0032	0,0001	25,0090
2022-03-16	22:37:00		60	0	0	0	0	0	0	0	0	0	0	0	0	0	0	0	0	0	0	0	0	0,0000	0,0000	25,0090
2022-03-16	22:38:00		60	0	0	0	0	0	0	0	0	0	0	0	0	0	0	0	0	0	0	0	0	0,0000	0,0000	25,0090
2022-03-16	22:39:00		60	0	0	0	1	0	0	0	0	0	0	0	0	0	0	0	0	0	0	0	0	0,0018	0,0000	25,0090
2022-03-16	22:40:00		60	0	0	0	0	0	0	0	0	0	0	0	0	0	0	0	0	0	0	0	0	0,0000	0,0000	25,0090
2022-03-16	22:41:00		60	0	0	0	0	0	0	0	0	0	0	0	0	0	0	0	0	0	0	0	0	0,0000	0,0000	25,0090
2022-03-16	22:42:00		60	0	0	0	0	0	0	0	0	0	0	0	0	0	0	0	0	0	0	0	0	0,0000	0,0000	25,0090
2022-03-16	22:43:00		60	0	0	0	0	0	0	0	0	0	0	0	0	0	0	0	0	0	0	0	0	0,0000	0,0000	25,0090
2022-03-16	22:44:00		60	0	0	0	0	0	2	1	0	0	0	0	0	0	0	0	0	0	0	0	0	0,0183	0,0003	25,0093
2022-03-16	22:45:00		60	0	0	0	2	0	0	1	0	0	0	0	0	0	0	0	0	0	0	0	0	0,0123	0,0002	25,0095
2022-03-16	22:46:00		60	0	0	0	1	1	0	0	0	0	0	0	0	0	0	0	0	0	0	0	0	0,0047	0,0001	25,0096
2022-03-16	22:47:00		60	0	5	1	1	1	2	0	0	0	0	0	0	0	0	0	0	0	0	0	0	0,0182	0,0003	25,0099
2022-03-16	22:48:00		60	1	10	0	2	2	0	0	0	0	0	0	0	0	0	0	0	0	0	0	0	0,0155	0,0003	25,0102
2022-03-16	22:49:00		60	2	0	0	1	0	0	0	0	0	0	0	0	0	0	0	0	0	0	0	0	0,0024	0,0000	25,0102
2022-03-16	22:50:00		60	4	17	23	9	0	1	0	0	0	0	0	0	0	0	0	0	0	0	0	0	0,0561	0,0009	25,0112
2022-03-16	22:51:00		60	9	11	10	4	0	0	0	0	0	0	0	0	0	0	0	0	0	0	0	0	0,0267	0,0004	25,0116
2022-03-16	22:52:00		60	5	0	2	0	0	0	0	0	0	0	0	0	0	0	0	0	0	0	0	0	0,0036	0,0001	25,0117
2022-03-16	22:53:00		60	0	0	0	0	0	0	0	0	0	0	0	0	0	0	0	0	0	0	0	0	0,0000	0,0000	25,0117
2022-03-16	22:54:00		60	0	0	0	0	0	0	0	0	0	0	0	0	0	0	0	0	0	0	0	0	0,0000	0,0000	25,0117
2022-03-16	22:55:00		60	0	0	0	0	0	0	0	0	0	0	0	0	0	0	0	0	0	0	0	0	0,0000	0,0000	25,0117
2022-03-16	22:56:00		60	0	0	0	0	0	0	0	0	0	0	0	0	0	0	0	0	0	0	0	0	0,0000	0,0000	25,0117
2022-03-16	22:57:00		60	0	0	0	0	0	0	0	0	0	0	0	0	0	0	0	0	0	0	0	0	0,0000	0,0000	25,0117
2022-03-16	22:58:00		60	0	0	0	0	0	0	0	0	0	0	0	0	0	0	0	0	0	0	0	0	0,0000	0,0000	25,0117
2022-03-16	22:59:00		60	0	0	0	0	0	0	0	0	0	0	0	0	0	0	0	0	0	0	0	0	0,0000	0,0000	25,0117
2022-03-16	23:00:00		60	0	0	0	0	0	0	0	0	0	0	0	0	0	0	0	0	0	0	0	0	0,0000	0,0000	25,0117
2022-03-16	23:01:00		60	0	0	0	0	0	0	0	0	0	0	0	0	0	0	0	0	0	0	0	0	0,0000	0,0000	25,0117
2022-03-16	23:02:00		60	0	0	0	0	0	0	0	0	0	0	0	0	0	0	0	0	0	0	0	0	0,0000	0,0000	25,0117
2022-03-16	23:03:00		60	1	0	0	0	1	0	0	0	0	0	0	0	0	0	0	0	0	0	0	0	0,0032	0,0001	25,0117
2022-03-16	23:04:00		60	0	0	0	0	0	0	0	0	0	0	0	0	0	0	0	0	0	0	0	0	0,0000	0,0000	25,0117
2022-03-16	23:05:00		60	0	0	0	0	0	0	0	0	0	0	0	0	0	0	0	0	0	0	0	0	0,0000	0,0000	25,0117
2022-03-16	23:06:00		60	0	0	0	0	0	0	0	0	0	0	0	0	0	0	0	0	0	0	0	0	0,0000	0,0000	25,0117
2022-03-16	23:07:00		60	0	0	0	0	0	0	0	0	0	0	0	0	0	0	0	0	0	0	0	0	0,0000	0,0000	25,0117
2022-03-16	23:08:00		60	0	0	0	0	0	0	0	0	0	0	0	0	0	0	0	0	0	0	0	0	0,0000	0,0000	25,0117
2022-03-16	23:09:00		60	0	0	0	0	0	0	0	0	0	0	0	0	0	0	0	0	0	0	0	0	0,0000	0,0000	25,0117
2022-03-16	23:10:00		60	0	0	0	0	0	0	0	0	0	0	0	0	0	0	0	0	0	0	0	0	0,0000	0,0000	25,0117
2022-03-16	23:11:00		60	0	0	0	0	0	0	0	0	0	0	0	0	0	0	0	0	0	0	0	0	0,0000	0,0000	25,0117
2022-03-16	23:12:00		60	0	0	0	0	0	0	0	0	0	0	0	0	0	0	0	0	0	0	0	0	0,0000	0,0000	25,0117
2022-03-16	23:13:00		60	0	0	0	0	0	0	0	0	0	0	0	0	0	0	0	0	0	0	0	0	0,0000	0,0000	25,0117
2022-03-16	23:14:00		60	0	0	0	0	0	0	0	0	0	0	0	0	0	0	0	0	0	0	0	0	0,0000	0,0000	25,0117
2022-03-16	23:15:00		60	0	0	0	0	0	0	0	0	0	0	0	0	0	0	0	0	0	0	0	0	0,0000	0,0000	25,0117
2022-03-16	23:16:00		60	0	0	0	0	0	0	0	0	0	0	0	0	0	0	0	0	0	0	0	0	0,0000	0,0000	25,0117
2022-03-16	23:17:00		60	0	0	0	0	0	0	0	0	0	0	0	0	0	0	0	0	0	0	0	0	0,0000	0,0000	25,0117
2022-03-16	23:18:00		60	0	0	0	0	0	0	0	0	0	0	0	0	0	0	0	0	0	0	0	0	0,0000	0,0000	25,0117
2022-03-16	23:19:00		60	0	0	0	0	0	0	0	0	0	0	0	0	0	0	0	0	0	0	0	0	0,0000	0,0000	25,0117
2022-03-16	23:20:00		60	0	0	0	0	0	0	0	0	0	0	0	0	0	0	0	0	0	0	0	0	0,0000	0,0000	25,0117
2022-03-16	23:21:00		60	0	0	0	0	0	0	0	0	0	0	0	0	0	0	0	0	0	0	0	0	0,0000	0,0000	25,0117
2022-03-16	23:22:00		60	0	0	0	0	0	0	0	0	0	0	0	0	0	0	0	0	0	0	0	0	0,0000	0,0000	25,0117
2022-03-16	23:23:00		60	0	0	0	0	0	0	0	0	0	0	0	0	0	0	0	0	0	0	0	0	0,0000	0,0000	25,0117
2022-03-16	23:24:00		60	11	0	0	0	0	0	0	0	0	0	0	0	0	0	0	0	0	0	0	0	0,0032	0,0001	25,0118
2022-03-16	23:25:00		60	0	0	0	0	0	0	0	0	0	0	0	0	0	0	0	0	0	0	0	0	0,0000	0,0000	25,0118
2022-03-16	23:26:00		60	10	0	0	0	0	0	0	0	0	0	0	0	0	0	0	0	0	0	0	0	0,0029	0,0000	25,0118
2022-03-16	23:27:00		60	0	0	0	0	0	0	0	0	0	0	0	0	0	0	0	0	0	0	0	0	0,0000	0,0000	25,0118
2022-03-16	23:28:00		60	0	0	0	0	0	0	0	0	0	0	0	0	0	0	0	0	0	0	0	0	0,0000	0,0000	25,0118
2022-03-16	23:29:00		60	0	0	0	0	0	0	0	0	0	0	0	0	0	0	0	0	0	0	0	0	0,0000	0,0000	25,0118
2022-03-16	23:30:00		60	0	0	0	0	0	0	0	0	0	0	1	0	0	0	0	0	0	0	0	0	0,0439	0,0007	25,0125
2022-03-16	23:31:00		60	0	0	0	0	0	0	0	0	0	0	0	0	0	0	0	0	0	0	0	0	0,0000	0,0000	25,0125
2022-03-16	23:32:00		60	1	0	0	0	0	0	0	0	0	0	1	0	1	0	1	0	0	0	0	0	0,3581	0,0060	25,0185
2022-03-16	23:33:00		60	3	1	0	0	0	0	1	1	0	0	0	2	0	0	0	0	0	0	0	0	0,1699	0,0028	25,0213
2022-03-16	23:34:00		60	3	0	0	0	0	0	2	5	1	0	0	0	1	0	0	0	0	0	0	0	0,2223	0,0037	25,0251
2022-03-16	23:35:00		60	6	0	0	1	0	1	1	1	1	1	1	1	0	0	0	0	0	0	0	0	0,1987	0,0033	25,0284
2022-03-16	23:36:00		60	5	0	0	0	0	0	1	3	1	1	3	0	0	0	0	0	0	0	0	0	0,2369	0,0039	25,0323
2022-03-16	23:37:00		60	9	1	0	0	2	0	0	2	2	0	3	1	0	0	0	0	0	0	0	0	0,2857	0,0048	25,0371
2022-03-16	23:38:00		60	7	1	1	1	0	1	1	5	1	1	0	1	0	0	0	0	0	0	0	0	0,2159	0,0036	25,0407
2022-03-16	23:39:00		60	6	2	1	1	1	3	1	3	2	1	4	1	0	0	0	0	0	0	0	0	0,3962	0,0066	25,0473
2022-03-16	23:40:00		60	3	2	0	0	0	3	5	3	2	5	0	0	0	0	0	0	0	0	0	0	0,2924	0,0049	25,0521
2022-03-16	23:41:00		60	7	1	0	0	1	4	4	2	1	1	2	0	0	0	0	0	0	0	0	0	0,2275	0,0038	25,0559
2022-03-16	23:42:00		60	9	1	0	1	1	0	1	6	2	3	1	1	2	0	0	0	0	0	0	0	0,5686	0,0095	25,0654
2022-03-16	23:43:00		60	8	0	1	0	0	2	7	7	6	1	1	1	1	0	0	0	0	0	0	0	0,5603	0,0093	25,0748
2022-03-16	23:44:00		60	16	1	1	1	0	2	4	2	1	2	2	1	0	0	0	0	0	0	0	0	0,3219	0,0054	25,0801
2022-03-16	23:45:00		60	7	2	1	2	1	0	5	3	2	0	4	0	2	0	0	0	0	0	0	0	0,5342	0,0089	25,0890
2022-03-16	23:46:00		60	16	3	0	5	1	5	4	3	3	3	0	1	0	0	0	0	0	0	0	0	0,3453	0,0058	25,0948
2022-03-16	23:47:00		60	12	1	2	4	0	1	3	2	2	4	5	1	0	0	0	0	0	0	0	0	0,5248	0,0087	25,1035
2022-03-16	23:48:00		60	12	3	0	3	0	0	2	2	1	2	2	4	1	0	0	0	0	0	0	0	0,6231	0,0104	25,1139
2022-03-16	23:49:00		60	21	3	3	1	1	1	7	3	2	5	5	0	0	0	0	0	0	0	0	0	0,5336	0,0089	25,1228
2022-03-16	23:50:00		60	25	5	3	1	0	3	6	1	5	2	2	0	1	0	0	0	0	0	0	0	0,4583	0,0076	25,1304
2022-03-16	23:51:00		60	18	1	1	0	1	4	6	5	4	2	1	1	0	0	0	0	0	0	0	0	0,4156	0,0069	25,1374
2022-03-16	23:52:00		60	21	6	2	1	3	2	3	1	4	0	3	5	0	1	0	0	0	0	0	0	0,8009	0,0133	25,1507
2022-03-16	23:53:00		60	20	3	1	1	0	4	4	7	0	4	9	4	0	0	0	0	0	0	0	0	0,9692	0,0162	25,1669
2022-03-16	23:54:00		60	17	5	4	2	1	5	2	5	2	2	4	0	0	1	0	0	0	0	0	0	0,5590	0,0093	25,1762
2022-03-16	23:55:00		60	21	4	2	1	3	4	4	2	6	6	1	1	0	0	0	0	0	0	0	0	0,5238	0,0087	25,1849
2022-03-16	23:56:00		60	17	2	1	1	2	5	6	5	2	2	5	3	0	0	0	0	0	0	0	0	0,7029	0,0117	25,1966
2022-03-16	23:57:00		60	18	1	0	3	2	3	4	2	4	2	4	4	0	0	0	0	0	0	0	0	0,7051	0,0118	25,2084
2022-03-16	23:58:00		60	18	1	0	3	4	2	10	8	4	3	3	0	2	0	0	0	0	0	0	0	0,7595	0,0127	25,2210
2022-03-16	23:59:00		60	24	2	2	1	1	4	5	2	2	1	5	2	0	0	0	0	0	0	0	0	0,5437	0,0091	25,2301
2022-03-17	00:00:00		60	40	0	0	2	4	2	8	7	3	1	1	0	1	0	0	0	0	0	0	0	0,4555	0,0076	25,2377
2022-03-17	00:01:00		60	62	0	0	4	0	7	8	2	5	2	1	0	1	0	0	0	0	0	0	0	0,4757	0,0079	25,2456
2022-03-17	00:02:00		60	65	3	0	4	1	3	8	7	2	0	2	1	0	0	0	0	0	0	0	0	0,4218	0,0070	25,2527
2022-03-17	00:03:00		60	73	2	2	4	3	5	6	4	0	0	1	1	0	0	0	0	0	0	0	0	0,2922	0,0049	25,2575
2022-03-17	00:04:00		60	68	0	2	2	3	4	8	3	0	1	0	1	1	0	0	0	0	0	0	0	0,3773	0,0063	25,2638
2022-03-17	00:05:00		60	50	3	0	0	3	1	5	0	2	5	1	1	0	0	0	0	0	0	0	0	0,3777	0,0063	25,2701
2022-03-17	00:06:00		60	51	0	1	3	0	4	1	3	0	0	2	1	0	0	0	0	0	0	0	0	0,2538	0,0042	25,2743
2022-03-17	00:07:00		60	58	2	2	1	1	1	6	4	1	0	4	0	0	0	0	0	0	0	0	0	0,3384	0,0056	25,2800
2022-03-17	00:08:00		60	59	1	7	2	5	3	1	1	1	3	1	1	0	0	0	0	0	0	0	0	0,3058	0,0051	25,2851
2022-03-17	00:09:00		60	50	3	1	3	2	3	7	3	5	3	2	0	0	0	0	0	0	0	0	0	0,4305	0,0072	25,2922
2022-03-17	00:10:00		60	64	3	2	4	3	1	2	3	4	0	2	0	0	0	0	0	0	0	0	0	0,2786	0,0046	25,2969
2022-03-17	00:11:00		60	49	1	2	3	1	4	3	3	0	2	2	0	0	0	0	0	0	0	0	0	0,2608	0,0043	25,3012
2022-03-17	00:12:00		60	59	3	2	1	3	2	6	4	0	1	0	0	0	0	0	0	0	0	0	0	0,1817	0,0030	25,3043
2022-03-17	00:13:00		60	65	3	5	0	2	10	7	1	0	4	2	0	0	0	0	0	0	0	0	0	0,3593	0,0060	25,3102
2022-03-17	00:14:00		60	54	2	1	1	2	2	8	0	1	2	1	2	1	0	0	0	0	0	0	0	0,4815	0,0080	25,3183
2022-03-17	00:15:00		60	63	2	3	5	2	4	5	6	0	0	0	1	0	0	0	0	0	0	0	0	0,2614	0,0044	25,3226
2022-03-17	00:16:00		60	69	2	3	0	2	7	7	3	2	0	2	1	0	0	0	0	0	0	0	0	0,3724	0,0062	25,3288
2022-03-17	00:17:00		60	65	1	4	2	9	9	5	1	0	2	3	1	0	0	0	0	0	0	0	0	0,4169	0,0069	25,3358
2022-03-17	00:18:00		60	62	1	1	3	4	5	6	0	2	0	1	0	0	0	0	0	0	0	0	0	0,1997	0,0033	25,3391
2022-03-17	00:19:00		60	66	2	4	5	5	5	4	3	0	1	1	1	1	0	0	0	0	0	0	0	0,4049	0,0067	25,3459
2022-03-17	00:20:00		60	64	1	5	6	3	6	11	1	2	1	0	0	0	0	0	0	0	0	0	0	0,2552	0,0043	25,3501
2022-03-17	00:21:00		60	67	4	0	6	3	4	5	6	2	0	0	0	0	0	0	0	0	0	0	0	0,2357	0,0039	25,3540
2022-03-17	00:22:00		60	68	2	6	5	2	4	5	2	4	3	3	0	0	0	0	0	0	0	0	0	0,4389	0,0073	25,3614
2022-03-17	00:23:00		60	59	6	0	5	3	3	3	2	2	1	2	2	0	0	0	0	0	0	0	0	0,4130	0,0069	25,3682
2022-03-17	00:24:00		60	34	1	5	3	1	7	6	6	4	2	3	1	0	0	0	0	0	0	0	0	0,5467	0,0091	25,3774
2022-03-17	00:25:00		60	13	2	2	5	2	3	3	2	5	2	3	3	0	1	0	0	0	0	0	0	0,7546	0,0126	25,3899
2022-03-17	00:26:00		60	24	10	0	4	2	4	5	6	0	4	7	1	0	0	0	0	0	0	0	0	0,6733	0,0112	25,4012
2022-03-17	00:27:00		60	75	5	2	1	2	3	8	5	5	0	3	1	2	0	0	0	0	0	0	0	0,7210	0,0120	25,4132
2022-03-17	00:28:00		60	74	0	2	4	3	5	1	7	2	5	3	3	0	0	0	0	0	0	0	0	0,7127	0,0119	25,4250
2022-03-17	00:29:00		60	55	4	4	2	3	1	9	6	10	2	7	1	1	0	0	0	0	0	0	0	0,9679	0,0161	25,4412
2022-03-17	00:30:00		60	54	2	2	4	2	6	7	9	4	1	4	0	0	0	0	0	0	0	0	0	0,5455	0,0091	25,4503
2022-03-17	00:31:00		60	61	2	4	2	4	7	9	4	12	3	5	2	2	0	0	0	0	0	0	0	1,1353	0,0189	25,4692
2022-03-17	00:32:00		60	41	5	2	2	5	3	10	6	2	4	4	3	0	0	0	0	0	0	0	0	0,7774	0,0130	25,4822
2022-03-17	00:33:00		60	69	8	1	4	1	5	3	10	12	7	6	2	0	0	0	0	0	0	0	0	1,1030	0,0184	25,5005
2022-03-17	00:34:00		60	58	3	4	5	4	4	6	9	5	3	6	2	0	1	0	0	0	0	0	0	0,9992	0,0167	25,5172
2022-03-17	00:35:00		60	56	4	8	7	0	7	7	6	3	2	5	2	2	0	0	0	0	0	0	0	0,9266	0,0154	25,5326
2022-03-17	00:36:00		60	60	4	5	7	2	8	12	15	10	5	8	1	0	0	0	0	0	0	0	0	1,1919	0,0199	25,5525
2022-03-17	00:37:00		60	65	3	6	7	5	22	13	9	7	4	2	4	0	0	0	0	0	0	0	0	1,0497	0,0175	25,5700
2022-03-17	00:38:00		60	69	3	4	11	5	12	21	9	3	3	4	2	1	1	0	0	0	0	0	0	1,1628	0,0194	25,5894
2022-03-17	00:39:00		60	58	5	8	2	8	9	16	8	6	9	2	1	1	0	0	0	0	0	0	0	1,0146	0,0169	25,6063
2022-03-17	00:40:00		60	60	2	3	5	6	8	10	9	2	2	4	1	1	1	0	0	0	0	0	0	0,9127	0,0152	25,6215
2022-03-17	00:41:00		60	53	4	6	4	4	8	15	10	8	5	10	2	3	0	0	0	0	0	0	0	1,5861	0,0264	25,6479
2022-03-17	00:42:00		60	53	4	0	3	8	6	5	10	8	6	6	1	0	0	0	0	0	0	0	0	0,9483	0,0158	25,6637
2022-03-17	00:43:00		60	68	6	3	2	11	17	7	10	3	3	4	6	0	0	0	0	0	0	0	0	1,1139	0,0186	25,6823
2022-03-17	00:44:00		60	53	4	3	10	7	11	11	6	4	10	10	4	1	0	0	0	0	0	0	0	1,5096	0,0252	25,7075
2022-03-17	00:45:00		60	71	4	4	5	7	10	5	8	4	3	4	1	0	0	0	0	0	0	0	0	0,6872	0,0115	25,7189
2022-03-17	00:46:00		60	55	3	4	12	5	5	12	10	5	4	4	3	0	0	0	0	0	0	0	0	0,9508	0,0158	25,7348
2022-03-17	00:47:00		60	43	6	3	3	4	7	5	8	5	1	0	1	0	0	0	0	0	0	0	0	0,4404	0,0073	25,7421
2022-03-17	00:48:00		60	21	0	3	4	4	9	8	2	2	1	2	0	0	0	0	0	0	0	0	0	0,3302	0,0055	25,7476
2022-03-17	00:49:00		60	3	3	1	11	1	6	7	7	1	1	1	0	0	0	0	0	0	0	0	0	0,3140	0,0052	25,7528
2022-03-17	00:50:00		60	4	2	2	4	8	4	5	1	0	0	0	0	0	0	0	0	0	0	0	0	0,1122	0,0019	25,7547
2022-03-17	00:51:00		60	2	1	1	2	3	4	10	2	1	1	0	0	0	0	0	0	0	0	0	0	0,2010	0,0033	25,7581
2022-03-17	00:52:00		60	4	1	1	6	10	4	5	3	1	2	2	0	0	0	0	0	0	0	0	0	0,3168	0,0053	25,7633
2022-03-17	00:53:00		60	4	4	2	6	4	7	10	3	0	0	1	0	0	0	0	0	0	0	0	0	0,2370	0,0039	25,7673
2022-03-17	00:54:00		60	5	1	8	6	1	5	1	2	0	0	0	0	0	0	0	0	0	0	0	0	0,0862	0,0014	25,7687
2022-03-17	00:55:00		60	4	2	3	6	4	4	3	3	0	0	0	0	0	0	0	0	0	0	0	0	0,1174	0,0020	25,7707
2022-03-17	00:56:00		60	4	1	4	3	6	4	3	0	0	0	0	0	0	0	0	0	0	0	0	0	0,0739	0,0012	25,7719
2022-03-17	00:57:00		60	6	3	4	5	5	1	5	2	0	0	0	0	0	0	0	0	0	0	0	0	0,1091	0,0018	25,7737
2022-03-17	00:58:00		60	8	2	2	8	1	3	2	3	0	0	0	0	0	0	0	0	0	0	0	0	0,0989	0,0016	25,7754
2022-03-17	00:59:00		60	27	5	0	2	0	2	1	1	0	0	0	0	0	0	0	0	0	0	0	0	0,0475	0,0008	25,7762
2022-03-17	01:00:00		60	17	5	1	0	2	2	1	0	0	0	0	0	0	0	0	0	0	0	0	0	0,0330	0,0006	25,7767
2022-03-17	01:01:00		60	13	2	4	3	0	5	0	1	0	0	0	0	0	0	0	0	0	0	0	0	0,0532	0,0009	25,7776
2022-03-17	01:02:00		60	4	4	1	2	2	0	2	1	0	0	0	0	0	0	0	0	0	0	0	0	0,0462	0,0008	25,7784
2022-03-17	01:03:00		60	3	1	4	0	1	2	2	0	0	0	0	0	0	0	0	0	0	0	0	0	0,0356	0,0006	25,7790
2022-03-17	01:04:00		60	10	0	1	0	1	4	5	2	0	1	0	0	0	0	0	0	0	0	0	0	0,1283	0,0021	25,7811
2022-03-17	01:05:00		60	11	1	0	1	3	4	2	3	0	0	0	0	0	0	0	0	0	0	0	0	0,0952	0,0016	25,7827
2022-03-17	01:06:00		60	4	1	2	2	3	3	7	1	0	0	0	0	0	0	0	0	0	0	0	0	0,1063	0,0018	25,7845
2022-03-17	01:07:00		60	4	0	1	3	2	6	5	1	0	1	0	0	0	0	0	0	0	0	0	0	0,1295	0,0022	25,7866
2022-03-17	01:08:00		60	7	5	2	5	3	7	1	1	1	1	2	1	0	0	0	0	0	0	0	0	0,2924	0,0049	25,7915
2022-03-17	01:09:00		60	26	3	1	6	4	3	8	3	1	0	0	0	0	0	0	0	0	0	0	0	0,1827	0,0030	25,7945
2022-03-17	01:10:00		60	7	4	8	11	8	13	14	0	0	0	0	0	0	0	0	0	0	0	0	0	0,2398	0,0040	25,7985
2022-03-17	01:11:00		60	4	3	5	11	4	8	6	0	0	0	0	0	0	0	0	0	0	0	0	0	0,1299	0,0022	25,8007
2022-03-17	01:12:00		60	6	1	4	6	4	8	2	0	0	0	0	0	0	0	0	0	0	0	0	0	0,0844	0,0014	25,8021
2022-03-17	01:13:00		60	6	5	4	5	5	3	1	1	0	0	0	0	0	0	0	0	0	0	0	0	0,0701	0,0012	25,8033
2022-03-17	01:14:00		60	5	10	3	3	6	2	3	1	0	0	0	0	0	0	0	0	0	0	0	0	0,0837	0,0014	25,8047
2022-03-17	01:15:00		60	5	7	1	7	5	1	3	0	0	0	0	0	0	0	0	0	0	0	0	0	0,0644	0,0011	25,8057
2022-03-17	01:16:00		60	6	2	4	3	2	2	1	0	0	0	0	0	0	0	0	0	0	0	0	0	0,0365	0,0006	25,8063
2022-03-17	01:17:00		60	4	3	7	1	1	3	0	0	0	0	0	0	0	0	0	0	0	0	0	0	0,0293	0,0005	25,8068
2022-03-17	01:18:00		60	4	7	3	1	3	4	0	1	0	1	0	0	0	0	0	0	0	0	0	0	0,0818	0,0014	25,8082
2022-03-17	01:19:00		60	8	4	4	4	3	2	0	2	0	0	0	0	0	0	0	0	0	0	0	0	0,0638	0,0011	25,8093
2022-03-17	01:20:00		60	8	4	2	7	2	4	1	0	0	1	0	0	0	0	0	0	0	0	0	0	0,0818	0,0014	25,8106
2022-03-17	01:21:00		60	1	7	6	2	2	2	0	0	0	1	0	0	0	0	0	0	0	0	0	0	0,0586	0,0010	25,8116
2022-03-17	01:22:00		60	2	3	4	7	2	5	0	1	0	0	0	0	0	0	0	0	0	0	0	0	0,0635	0,0011	25,8127
2022-03-17	01:23:00		60	1	4	8	4	5	8	0	0	0	0	0	0	0	0	0	0	0	0	0	0	0,0708	0,0012	25,8138
2022-03-17	01:24:00		60	3	7	1	16	5	2	0	0	0	0	0	0	0	0	0	0	0	0	0	0	0,0584	0,0010	25,8148
2022-03-17	01:25:00		60	5	9	9	10	6	6	0	0	0	0	0	0	0	0	0	0	0	0	0	0	0,0799	0,0013	25,8161
2022-03-17	01:26:00		60	4	4	7	5	5	1	0	0	0	0	0	0	0	0	0	0	0	0	0	0	0,0389	0,0006	25,8168
2022-03-17	01:27:00		60	8	2	3	5	3	1	0	0	0	0	0	0	0	0	0	0	0	0	0	0	0,0290	0,0005	25,8173
2022-03-17	01:28:00		60	6	0	0	1	4	1	0	0	0	0	0	0	0	0	0	0	0	0	0	0	0,0198	0,0003	25,8176
2022-03-17	01:29:00		60	5	4	1	4	3	0	0	0	0	0	0	0	0	0	0	0	0	0	0	0	0,0206	0,0003	25,8180
2022-03-17	01:30:00		60	4	2	6	1	2	0	0	0	0	0	0	0	0	0	0	0	0	0	0	0	0,0162	0,0003	25,8182
2022-03-17	01:31:00		60	3	7	3	6	0	0	1	10	0	0	0	0	0	0	0	0	0	0	0	0	0,1757	0,0029	25,8212
2022-03-17	01:32:00		60	5	6	5	3	2	1	5	20	0	0	0	0	0	0	0	0	0	0	0	0	0,3661	0,0061	25,8273
2022-03-17	01:33:00		60	7	9	4	15	2	2	5	14	4	0	0	0	0	0	0	0	0	0	0	0	0,3904	0,0065	25,8338
2022-03-17	01:34:00		60	6	4	7	11	6	9	9	0	0	1	0	0	0	0	0	0	0	0	0	0	0,1989	0,0033	25,8371
2022-03-17	01:35:00		60	5	0	2	6	5	5	1	0	0	0	0	0	0	0	0	0	0	0	0	0	0,0612	0,0010	25,8381
2022-03-17	01:36:00		60	1	0	0	2	3	1	1	0	0	0	0	0	0	0	0	0	0	0	0	0	0,0260	0,0004	25,8385
2022-03-17	01:37:00		60	2	0	0	0	0	0	1	0	0	0	0	0	0	0	0	0	0	0	0	0	0,0093	0,0002	25,8387
2022-03-17	01:38:00		60	4	0	0	0	0	0	0	0	0	0	0	0	0	0	0	0	0	0	0	0	0,0012	0,0000	25,8387
2022-03-17	01:39:00		60	0	0	0	0	0	0	0	0	0	0	0	0	0	0	0	0	0	0	0	0	0,0000	0,0000	25,8387
2022-03-17	01:40:00		60	0	0	0	0	0	0	0	0	0	0	0	0	0	0	0	0	0	0	0	0	0,0000	0,0000	25,8387
2022-03-17	01:41:00		60	0	0	0	0	0	0	0	0	0	0	0	0	0	0	0	0	0	0	0	0	0,0000	0,0000	25,8387
2022-03-17	01:42:00		60	0	0	0	0	0	0	0	0	0	0	0	0	0	0	0	0	0	0	0	0	0,0000	0,0000	25,8387
2022-03-17	01:43:00		60	5	0	0	0	0	0	0	0	0	0	0	0	0	0	0	0	0	0	0	0	0,0015	0,0000	25,8387
2022-03-17	01:44:00		60	0	0	0	0	0	0	0	0	0	0	0	0	0	0	0	0	0	0	0	0	0,0000	0,0000	25,8387
2022-03-17	01:45:00		60	4	0	0	0	0	0	0	0	0	0	0	0	0	0	0	0	0	0	0	0	0,0012	0,0000	25,8387
2022-03-17	01:46:00		60	5	0	0	0	0	0	0	0	0	0	0	0	0	0	0	0	0	0	0	0	0,0015	0,0000	25,8388
2022-03-17	01:47:00		60	0	0	0	0	0	0	0	0	0	0	0	0	0	0	0	0	0	0	0	0	0,0000	0,0000	25,8388
2022-03-17	01:48:00		60	4	0	0	0	0	0	0	0	0	0	0	0	0	0	0	0	0	0	0	0	0,0012	0,0000	25,8388
2022-03-17	01:49:00		60	0	0	0	0	0	0	0	0	0	0	0	0	0	0	0	0	0	0	0	0	0,0000	0,0000	25,8388
2022-03-17	01:50:00		60	0	0	0	0	0	0	0	0	0	0	0	0	0	0	0	0	0	0	0	0	0,0000	0,0000	25,8388
2022-03-17	01:51:00		60	0	0	0	0	0	0	0	0	0	0	0	0	0	0	0	0	0	0	0	0	0,0000	0,0000	25,8388
2022-03-17	01:52:00		60	4	0	0	0	0	0	0	0	0	0	0	0	0	0	0	0	0	0	0	0	0,0012	0,0000	25,8388
2022-03-17	01:53:00		60	0	0	0	0	0	0	0	0	0	0	0	0	0	0	0	0	0	0	0	0	0,0000	0,0000	25,8388
2022-03-17	01:54:00		60	0	0	0	0	0	0	0	0	0	0	0	0	0	0	0	0	0	0	0	0	0,0000	0,0000	25,8388
2022-03-17	01:55:00		60	0	0	0	0	0	0	0	0	0	0	0	0	0	0	0	0	0	0	0	0	0,0000	0,0000	25,8388
2022-03-17	01:56:00		60	5	1	0	0	0	0	0	0	0	0	0	0	0	0	0	0	0	0	0	0	0,0020	0,0000	25,8388
2022-03-17	01:57:00		60	3	1	1	0	0	0	0	0	0	0	0	0	0	0	0	0	0	0	0	0	0,0025	0,0000	25,8389
2022-03-17	01:58:00		60	0	0	0	0	0	0	0	0	0	0	0	0	0	0	0	0	0	0	0	0	0,0000	0,0000	25,8389
2022-03-17	01:59:00		60	21	0	0	0	0	0	0	0	0	0	0	0	0	0	0	0	0	0	0	0	0,0061	0,0001	25,8390
2022-03-17	02:00:00		60	17	0	1	0	2	0	0	0	0	0	0	0	0	0	0	0	0	0	0	0	0,0118	0,0002	25,8392
2022-03-17	02:01:00		60	7	0	5	1	0	0	0	0	0	0	0	0	0	0	0	0	0	0	0	0	0,0091	0,0002	25,8393
2022-03-17	02:02:00		60	5	2	3	0	0	0	0	0	0	0	0	0	0	0	0	0	0	0	0	0	0,0058	0,0001	25,8394
2022-03-17	02:03:00		60	3	4	4	1	0	0	0	0	0	0	0	0	0	0	0	0	0	0	0	0	0,0092	0,0002	25,8396
2022-03-17	02:04:00		60	4	9	7	0	0	0	0	0	0	0	0	0	0	0	0	0	0	0	0	0	0,0138	0,0002	25,8398
2022-03-17	02:05:00		60	4	6	4	4	0	0	0	0	0	0	0	0	0	0	0	0	0	0	0	0	0,0160	0,0003	25,8401
2022-03-17	02:06:00		60	0	0	0	0	0	0	0	0	0	0	0	0	0	0	0	0	0	0	0	0	0,0000	0,0000	25,8401
2022-03-17	02:07:00		60	8	3	0	0	0	0	0	0	0	0	0	0	0	0	0	0	0	0	0	0	0,0041	0,0001	25,8402
2022-03-17	02:08:00		60	8	0	0	0	0	0	0	0	0	0	0	0	0	0	0	0	0	0	0	0	0,0023	0,0000	25,8402
2022-03-17	02:09:00		60	2	3	1	0	1	0	0	0	0	0	0	0	0	0	0	0	0	0	0	0	0,0063	0,0001	25,8403
2022-03-17	02:10:00		60	3	2	0	1	0	0	0	0	0	0	0	0	0	0	0	0	0	0	0	0	0,0038	0,0001	25,8404
2022-03-17	02:11:00		60	3	1	0	1	0	0	0	0	0	0	0	0	0	0	0	0	0	0	0	0	0,0032	0,0001	25,8404
2022-03-17	02:12:00		60	5	0	2	0	0	0	0	0	0	0	0	0	0	0	0	0	0	0	0	0	0,0036	0,0001	25,8405
2022-03-17	02:13:00		60	4	3	1	0	0	0	0	0	0	0	0	0	0	0	0	0	0	0	0	0	0,0040	0,0001	25,8405
2022-03-17	02:14:00		60	5	0	0	0	0	0	0	0	0	0	0	0	0	0	0	0	0	0	0	0	0,0015	0,0000	25,8406
2022-03-17	02:15:00		60	0	0	0	0	0	0	0	0	0	0	0	0	0	0	0	0	0	0	0	0	0,0000	0,0000	25,8406
2022-03-17	02:16:00		60	0	0	0	0	0	0	0	0	0	0	0	0	0	0	0	0	0	0	0	0	0,0000	0,0000	25,8406
2022-03-17	02:17:00		60	0	0	0	0	0	0	0	0	0	0	0	0	0	0	0	0	0	0	0	0	0,0000	0,0000	25,8406
2022-03-17	02:18:00		60	0	0	0	0	0	0	0	0	0	0	0	0	0	0	0	0	0	0	0	0	0,0000	0,0000	25,8406
2022-03-17	02:19:00		60	6	0	0	0	0	0	0	0	0	0	0	0	0	0	0	0	0	0	0	0	0,0017	0,0000	25,8406
2022-03-17	02:20:00		60	4	0	0	0	0	0	0	0	0	0	0	0	0	0	0	0	0	0	0	0	0,0012	0,0000	25,8406
2022-03-17	02:21:00		60	0	0	0	0	0	0	0	0	0	0	0	0	0	0	0	0	0	0	0	0	0,0000	0,0000	25,8406
2022-03-17	02:22:00		60	0	0	0	0	0	0	0	0	0	0	0	0	0	0	0	0	0	0	0	0	0,0000	0,0000	25,8406
2022-03-17	02:23:00		60	5	0	0	0	0	0	0	0	0	0	0	0	0	0	0	0	0	0	0	0	0,0015	0,0000	25,8406
2022-03-17	02:24:00		60	4	0	0	0	0	0	0	0	0	0	0	0	0	0	0	0	0	0	0	0	0,0012	0,0000	25,8407
2022-03-17	02:25:00		60	6	0	0	0	0	0	0	0	0	0	0	0	0	0	0	0	0	0	0	0	0,0017	0,0000	25,8407
2022-03-17	02:26:00		60	0	0	0	0	0	0	0	0	0	0	0	0	0	0	0	0	0	0	0	0	0,0000	0,0000	25,8407
2022-03-17	02:27:00		60	4	0	0	0	0	0	0	0	0	0	0	0	0	0	0	0	0	0	0	0	0,0012	0,0000	25,8407
2022-03-17	02:28:00		60	0	0	0	0	0	0	0	0	0	0	0	0	0	0	0	0	0	0	0	0	0,0000	0,0000	25,8407
2022-03-17	02:29:00		60	0	0	0	0	0	0	0	0	0	0	0	0	0	0	0	0	0	0	0	0	0,0000	0,0000	25,8407
2022-03-17	02:30:00		60	0	0	0	0	0	0	0	0	0	0	0	0	0	0	0	0	0	0	0	0	0,0000	0,0000	25,8407
2022-03-17	02:31:00		60	0	0	0	0	0	0	0	0	0	0	0	0	0	0	0	0	0	0	0	0	0,0000	0,0000	25,8407
2022-03-17	02:32:00		60	0	0	0	0	0	0	0	0	0	0	0	0	0	0	0	0	0	0	0	0	0,0000	0,0000	25,8407
2022-03-17	02:33:00		60	0	0	0	0	0	0	0	0	0	0	0	0	0	0	0	0	0	0	0	0	0,0000	0,0000	25,8407
2022-03-17	02:34:00		60	0	0	0	0	0	0	0	0	0	0	0	0	0	0	0	0	0	0	0	0	0,0000	0,0000	25,8407
2022-03-17	02:35:00		60	4	0	0	0	0	0	0	0	0	0	0	0	0	0	0	0	0	0	0	0	0,0012	0,0000	25,8407
2022-03-17	02:36:00		60	0	0	0	0	0	0	0	0	0	0	0	0	0	0	0	0	0	0	0	0	0,0000	0,0000	25,8407
2022-03-17	02:37:00		60	4	0	0	0	0	0	0	0	0	0	0	0	0	0	0	0	0	0	0	0	0,0012	0,0000	25,8407
2022-03-17	02:38:00		60	0	0	0	0	0	0	0	0	0	0	0	0	0	0	0	0	0	0	0	0	0,0000	0,0000	25,8407
2022-03-17	02:39:00		60	0	0	0	0	0	0	0	0	0	0	0	0	0	0	0	0	0	0	0	0	0,0000	0,0000	25,8407
2022-03-17	02:40:00		60	6	0	0	0	0	0	0	0	0	0	0	0	0	0	0	0	0	0	0	0	0,0017	0,0000	25,8408
2022-03-17	02:41:00		60	0	0	0	0	0	0	0	0	0	0	0	0	0	0	0	0	0	0	0	0	0,0000	0,0000	25,8408
2022-03-17	02:42:00		60	0	0	0	0	0	0	0	0	0	0	0	0	0	0	0	0	0	0	0	0	0,0000	0,0000	25,8408
2022-03-17	02:43:00		60	0	0	0	0	0	0	0	0	0	0	0	0	0	0	0	0	0	0	0	0	0,0000	0,0000	25,8408
2022-03-17	02:44:00		60	0	0	0	0	0	0	0	0	0	0	0	0	0	0	0	0	0	0	0	0	0,0000	0,0000	25,8408
2022-03-17	02:45:00		60	0	0	0	0	0	0	0	0	0	0	0	0	0	0	0	0	0	0	0	0	0,0000	0,0000	25,8408
2022-03-17	02:46:00		60	0	0	0	0	0	0	0	0	0	0	0	0	0	0	0	0	0	0	0	0	0,0000	0,0000	25,8408
2022-03-17	02:47:00		60	0	0	0	0	0	0	0	0	0	0	0	0	0	0	0	0	0	0	0	0	0,0000	0,0000	25,8408
2022-03-17	02:48:00		60	4	0	0	0	0	0	0	0	0	0	0	0	0	0	0	0	0	0	0	0	0,0012	0,0000	25,8408
2022-03-17	02:49:00		60	6	0	0	0	0	0	0	0	0	0	0	0	0	0	0	0	0	0	0	0	0,0017	0,0000	25,8408
2022-03-17	02:50:00		60	7	0	0	0	0	0	0	0	0	0	0	0	0	0	0	0	0	0	0	0	0,0020	0,0000	25,8409
2022-03-17	02:51:00		60	4	0	0	0	0	0	0	0	0	0	0	0	0	0	0	0	0	0	0	0	0,0012	0,0000	25,8409
2022-03-17	02:52:00		60	4	0	0	0	0	0	0	0	0	0	0	0	0	0	0	0	0	0	0	0	0,0012	0,0000	25,8409
2022-03-17	02:53:00		60	0	0	0	0	0	0	0	0	0	0	0	0	0	0	0	0	0	0	0	0	0,0000	0,0000	25,8409
2022-03-17	02:54:00		60	5	0	0	0	0	0	0	0	0	0	0	0	0	0	0	0	0	0	0	0	0,0015	0,0000	25,8409
2022-03-17	02:55:00		60	4	0	0	0	0	0	0	0	0	0	0	0	0	0	0	0	0	0	0	0	0,0012	0,0000	25,8409
2022-03-17	02:56:00		60	4	0	0	0	0	0	0	0	0	0	0	0	0	0	0	0	0	0	0	0	0,0012	0,0000	25,8410
2022-03-17	02:57:00		60	4	0	0	0	0	0	0	0	0	0	0	0	0	0	0	0	0	0	0	0	0,0012	0,0000	25,8410
2022-03-17	02:58:00		60	4	0	0	0	0	0	0	0	0	0	0	0	0	0	0	0	0	0	0	0	0,0012	0,0000	25,8410
2022-03-17	02:59:00		60	28	0	0	0	0	0	0	0	0	0	0	0	0	0	0	0	0	0	0	0	0,0081	0,0001	25,8411
2022-03-17	03:00:00		60	10	0	0	0	0	0	0	0	0	0	0	0	0	0	0	0	0	0	0	0	0,0029	0,0000	25,8412
2022-03-17	03:01:00		60	0	0	0	0	0	0	0	0	0	0	0	0	0	0	0	0	0	0	0	0	0,0000	0,0000	25,8412
2022-03-17	03:02:00		60	0	0	0	0	0	0	0	0	0	0	0	0	0	0	0	0	0	0	0	0	0,0000	0,0000	25,8412
2022-03-17	03:03:00		60	5	0	0	0	0	0	0	0	0	0	0	0	0	0	0	0	0	0	0	0	0,0015	0,0000	25,8412
2022-03-17	03:04:00		60	8	0	0	0	0	0	0	0	0	0	0	0	0	0	0	0	0	0	0	0	0,0023	0,0000	25,8412
2022-03-17	03:05:00		60	11	0	0	0	0	0	0	0	0	0	0	0	0	0	0	0	0	0	0	0	0,0032	0,0001	25,8413
2022-03-17	03:06:00		60	0	0	0	0	0	0	0	0	0	0	0	0	0	0	0	0	0	0	0	0	0,0000	0,0000	25,8413
2022-03-17	03:07:00		60	0	0	0	0	0	0	0	0	0	0	0	0	0	0	0	0	0	0	0	0	0,0000	0,0000	25,8413
2022-03-17	03:08:00		60	4	0	0	0	0	0	0	0	0	0	0	0	0	0	0	0	0	0	0	0	0,0012	0,0000	25,8413
2022-03-17	03:09:00		60	0	0	0	0	0	0	0	0	0	0	0	0	0	0	0	0	0	0	0	0	0,0000	0,0000	25,8413
2022-03-17	03:10:00		60	0	0	0	0	0	0	0	0	0	0	0	0	0	0	0	0	0	0	0	0	0,0000	0,0000	25,8413
2022-03-17	03:11:00		60	4	0	0	0	0	0	0	0	0	0	0	0	0	0	0	0	0	0	0	0	0,0012	0,0000	25,8413
2022-03-17	03:12:00		60	0	0	0	0	0	0	0	0	0	0	0	0	0	0	0	0	0	0	0	0	0,0000	0,0000	25,8413
2022-03-17	03:13:00		60	0	0	0	0	0	0	0	0	0	0	0	0	0	0	0	0	0	0	0	0	0,0000	0,0000	25,8413
2022-03-17	03:14:00		60	0	0	0	0	0	0	0	0	0	0	0	0	0	0	0	0	0	0	0	0	0,0000	0,0000	25,8413
2022-03-17	03:15:00		60	6	0	0	0	0	0	0	0	0	0	0	0	0	0	0	0	0	0	0	0	0,0017	0,0000	25,8414
2022-03-17	03:16:00		60	7	0	0	0	0	0	0	0	0	0	0	0	0	0	0	0	0	0	0	0	0,0020	0,0000	25,8414
2022-03-17	03:17:00		60	0	0	0	0	0	0	0	0	0	0	0	0	0	0	0	0	0	0	0	0	0,0000	0,0000	25,8414
2022-03-17	03:18:00		60	0	0	0	0	0	0	0	0	0	0	0	0	0	0	0	0	0	0	0	0	0,0000	0,0000	25,8414
2022-03-17	03:19:00		60	5	0	0	0	0	0	0	0	0	0	0	0	0	0	0	0	0	0	0	0	0,0015	0,0000	25,8414
2022-03-17	03:20:00		60	8	0	0	0	0	0	0	0	0	0	0	0	0	0	0	0	0	0	0	0	0,0023	0,0000	25,8415
2022-03-17	03:21:00		60	0	0	0	0	0	0	0	0	0	0	0	0	0	0	0	0	0	0	0	0	0,0000	0,0000	25,8415
2022-03-17	03:22:00		60	0	0	0	0	0	0	0	0	0	0	0	0	0	0	0	0	0	0	0	0	0,0000	0,0000	25,8415
2022-03-17	03:23:00		60	0	0	0	0	0	0	0	0	0	0	0	0	0	0	0	0	0	0	0	0	0,0000	0,0000	25,8415
2022-03-17	03:24:00		60	4	0	0	0	0	0	0	0	0	0	0	0	0	0	0	0	0	0	0	0	0,0012	0,0000	25,8415
2022-03-17	03:25:00		60	0	0	0	0	0	0	0	0	0	0	0	0	0	0	0	0	0	0	0	0	0,0000	0,0000	25,8415
2022-03-17	03:26:00		60	0	0	0	0	0	0	0	0	0	0	0	0	0	0	0	0	0	0	0	0	0,0000	0,0000	25,8415
2022-03-17	03:27:00		60	0	0	0	0	0	0	0	0	0	0	0	0	0	0	0	0	0	0	0	0	0,0000	0,0000	25,8415
2022-03-17	03:28:00		60	6	0	0	0	0	0	0	0	0	0	0	0	0	0	0	0	0	0	0	0	0,0017	0,0000	25,8415
2022-03-17	03:29:00		60	0	0	0	0	0	0	0	0	0	0	0	0	0	0	0	0	0	0	0	0	0,0000	0,0000	25,8415
2022-03-17	03:30:00		60	0	0	0	0	0	0	0	0	0	0	0	0	0	0	0	0	0	0	0	0	0,0000	0,0000	25,8415
2022-03-17	03:31:00		60	0	0	0	0	0	0	0	0	0	0	0	0	0	0	0	0	0	0	0	0	0,0000	0,0000	25,8415
2022-03-17	03:32:00		60	0	0	0	0	0	0	0	0	0	0	0	0	0	0	0	0	0	0	0	0	0,0000	0,0000	25,8415
2022-03-17	03:33:00		60	0	0	0	0	0	0	0	0	0	0	0	0	0	0	0	0	0	0	0	0	0,0000	0,0000	25,8415
2022-03-17	03:34:00		60	0	0	0	0	0	0	0	0	0	0	0	0	0	0	0	0	0	0	0	0	0,0000	0,0000	25,8415
2022-03-17	03:35:00		60	0	0	0	0	0	0	0	0	0	0	0	0	0	0	0	0	0	0	0	0	0,0000	0,0000	25,8415
2022-03-17	03:36:00		60	0	0	0	0	0	0	0	0	0	0	0	0	0	0	0	0	0	0	0	0	0,0000	0,0000	25,8415
2022-03-17	03:37:00		60	0	0	0	0	0	0	0	0	0	0	0	0	0	0	0	0	0	0	0	0	0,0000	0,0000	25,8415
2022-03-17	03:38:00		60	0	0	0	0	0	0	0	0	0	0	0	0	0	0	0	0	0	0	0	0	0,0000	0,0000	25,8415
2022-03-17	03:39:00		60	0	0	0	0	0	0	0	0	0	0	0	0	0	0	0	0	0	0	0	0	0,0000	0,0000	25,8415
2022-03-17	03:40:00		60	0	0	0	0	0	0	0	0	0	0	0	0	0	0	0	0	0	0	0	0	0,0000	0,0000	25,8415
2022-03-17	03:41:00		60	5	0	0	0	0	0	0	0	0	0	0	0	0	0	0	0	0	0	0	0	0,0015	0,0000	25,8415
2022-03-17	03:42:00		60	0	0	0	0	0	0	0	0	0	0	0	0	0	0	0	0	0	0	0	0	0,0000	0,0000	25,8415
2022-03-17	03:43:00		60	6	0	0	0	0	0	0	0	0	0	0	0	0	0	0	0	0	0	0	0	0,0017	0,0000	25,8416
2022-03-17	03:44:00		60	4	0	0	0	0	0	0	0	0	0	0	0	0	0	0	0	0	0	0	0	0,0012	0,0000	25,8416
2022-03-17	03:45:00		60	0	0	0	0	0	0	0	0	0	0	0	0	0	0	0	0	0	0	0	0	0,0000	0,0000	25,8416
2022-03-17	03:46:00		60	4	0	0	0	0	0	0	0	0	0	0	0	0	0	0	0	0	0	0	0	0,0012	0,0000	25,8416
2022-03-17	03:47:00		60	0	0	0	0	0	0	0	0	0	0	0	0	0	0	0	0	0	0	0	0	0,0000	0,0000	25,8416
2022-03-17	03:48:00		60	5	0	0	0	0	0	0	0	0	0	0	0	0	0	0	0	0	0	0	0	0,0015	0,0000	25,8416
2022-03-17	03:49:00		60	0	0	0	0	0	0	0	0	0	0	0	0	0	0	0	0	0	0	0	0	0,0000	0,0000	25,8416
2022-03-17	03:50:00		60	0	0	0	0	0	0	0	0	0	0	0	0	0	0	0	0	0	0	0	0	0,0000	0,0000	25,8416
2022-03-17	03:51:00		60	0	0	0	0	0	0	0	0	0	0	0	0	0	0	0	0	0	0	0	0	0,0000	0,0000	25,8416
2022-03-17	03:52:00		60	7	0	0	0	0	0	0	0	0	0	0	0	0	0	0	0	0	0	0	0	0,0020	0,0000	25,8417
2022-03-17	03:53:00		60	0	0	0	0	0	0	0	0	0	0	0	0	0	0	0	0	0	0	0	0	0,0000	0,0000	25,8417
2022-03-17	03:54:00		60	0	0	0	0	0	0	0	0	0	0	0	0	0	0	0	0	0	0	0	0	0,0000	0,0000	25,8417
2022-03-17	03:55:00		60	0	0	0	0	0	0	0	0	0	0	0	0	0	0	0	0	0	0	0	0	0,0000	0,0000	25,8417
2022-03-17	03:56:00		60	0	0	0	0	0	0	0	0	0	0	0	0	0	0	0	0	0	0	0	0	0,0000	0,0000	25,8417
2022-03-17	03:57:00		60	0	0	0	0	0	0	0	0	0	0	0	0	0	0	0	0	0	0	0	0	0,0000	0,0000	25,8417
2022-03-17	03:58:00		60	0	0	0	0	0	0	0	0	0	0	0	0	0	0	0	0	0	0	0	0	0,0000	0,0000	25,8417
2022-03-17	03:59:00		60	13	0	0	0	0	0	0	0	0	0	0	0	0	0	0	0	0	0	0	0	0,0038	0,0001	25,8417
2022-03-17	04:00:00		60	5	0	0	0	0	0	0	0	0	0	0	0	0	0	0	0	0	0	0	0	0,0015	0,0000	25,8417
2022-03-17	04:01:00		60	4	0	0	0	0	0	0	0	0	0	0	0	0	0	0	0	0	0	0	0	0,0012	0,0000	25,8418
2022-03-17	04:02:00		60	0	0	0	0	0	0	0	0	0	0	0	0	0	0	0	0	0	0	0	0	0,0000	0,0000	25,8418
2022-03-17	04:03:00		60	4	0	0	0	0	0	0	0	0	0	0	0	0	0	0	0	0	0	0	0	0,0012	0,0000	25,8418
2022-03-17	04:04:00		60	0	0	0	0	0	0	0	0	0	0	0	0	0	0	0	0	0	0	0	0	0,0000	0,0000	25,8418
2022-03-17	04:05:00		60	0	0	0	0	0	0	0	0	0	0	0	0	0	0	0	0	0	0	0	0	0,0000	0,0000	25,8418
2022-03-17	04:06:00		60	0	0	0	0	0	0	0	0	0	0	0	0	0	0	0	0	0	0	0	0	0,0000	0,0000	25,8418
2022-03-17	04:07:00		60	0	0	0	0	0	0	0	0	0	0	0	0	0	0	0	0	0	0	0	0	0,0000	0,0000	25,8418
2022-03-17	04:08:00		60	0	0	0	0	0	0	0	0	0	0	0	0	0	0	0	0	0	0	0	0	0,0000	0,0000	25,8418
2022-03-17	04:09:00		60	0	0	0	0	0	0	0	0	0	0	0	0	0	0	0	0	0	0	0	0	0,0000	0,0000	25,8418
2022-03-17	04:10:00		60	0	0	0	0	0	0	0	0	0	0	0	0	0	0	0	0	0	0	0	0	0,0000	0,0000	25,8418
2022-03-17	04:11:00		60	0	0	0	0	0	0	0	0	0	0	0	0	0	0	0	0	0	0	0	0	0,0000	0,0000	25,8418
2022-03-17	04:12:00		60	0	0	0	0	0	0	0	0	0	0	0	0	0	0	0	0	0	0	0	0	0,0000	0,0000	25,8418
2022-03-17	04:13:00		60	0	0	0	0	0	0	0	0	0	0	0	0	0	0	0	0	0	0	0	0	0,0000	0,0000	25,8418
2022-03-17	04:14:00		60	0	0	0	0	0	0	0	0	0	0	0	0	0	0	0	0	0	0	0	0	0,0000	0,0000	25,8418
2022-03-17	04:15:00		60	0	0	0	0	0	0	0	0	0	0	0	0	0	0	0	0	0	0	0	0	0,0000	0,0000	25,8418
2022-03-17	04:16:00		60	0	0	0	0	0	0	0	0	0	0	0	0	0	0	0	0	0	0	0	0	0,0000	0,0000	25,8418
2022-03-17	04:17:00		60	0	0	0	0	0	0	0	0	0	0	0	0	0	0	0	0	0	0	0	0	0,0000	0,0000	25,8418
2022-03-17	04:18:00		60	0	0	0	0	0	0	0	0	0	0	0	0	0	0	0	0	0	0	0	0	0,0000	0,0000	25,8418
2022-03-17	04:19:00		60	0	0	0	0	0	0	0	0	0	0	0	0	0	0	0	0	0	0	0	0	0,0000	0,0000	25,8418
2022-03-17	04:20:00		60	0	0	0	0	0	0	0	0	0	0	0	0	0	0	0	0	0	0	0	0	0,0000	0,0000	25,8418
2022-03-17	04:21:00		60	0	0	0	0	0	0	0	0	0	0	0	0	0	0	0	0	0	0	0	0	0,0000	0,0000	25,8418
2022-03-17	04:22:00		60	6	0	0	0	0	0	0	0	0	0	0	0	0	0	0	0	0	0	0	0	0,0017	0,0000	25,8418
2022-03-17	04:23:00		60	0	0	0	0	0	0	0	0	0	0	0	0	0	0	0	0	0	0	0	0	0,0000	0,0000	25,8418
2022-03-17	04:24:00		60	0	0	0	0	0	0	0	0	0	0	0	0	0	0	0	0	0	0	0	0	0,0000	0,0000	25,8418
2022-03-17	04:25:00		60	0	0	0	0	0	0	0	0	0	0	0	0	0	0	0	0	0	0	0	0	0,0000	0,0000	25,8418
2022-03-17	04:26:00		60	0	0	0	0	0	0	0	0	0	0	0	0	0	0	0	0	0	0	0	0	0,0000	0,0000	25,8418
2022-03-17	04:27:00		60	0	0	0	0	0	0	0	0	0	0	0	0	0	0	0	0	0	0	0	0	0,0000	0,0000	25,8418
2022-03-17	04:28:00		60	0	0	0	0	0	0	0	0	0	0	0	0	0	0	0	0	0	0	0	0	0,0000	0,0000	25,8418
2022-03-17	04:29:00		60	0	0	0	0	0	0	0	0	0	0	0	0	0	0	0	0	0	0	0	0	0,0000	0,0000	25,8418
2022-03-17	04:30:00		60	0	0	0	0	0	0	0	0	0	0	0	0	0	0	0	0	0	0	0	0	0,0000	0,0000	25,8418
2022-03-17	04:31:00		60	0	0	0	0	0	0	0	0	0	0	0	0	0	0	0	0	0	0	0	0	0,0000	0,0000	25,8418
2022-03-17	04:32:00		60	0	0	0	0	0	0	0	0	0	0	0	0	0	0	0	0	0	0	0	0	0,0000	0,0000	25,8418
2022-03-17	04:33:00		60	0	0	0	0	0	0	0	0	0	0	0	0	0	0	0	0	0	0	0	0	0,0000	0,0000	25,8418
2022-03-17	04:34:00		60	5	0	0	0	0	0	0	0	0	0	0	0	0	0	0	0	0	0	0	0	0,0015	0,0000	25,8418
2022-03-17	04:35:00		60	0	0	0	0	0	0	0	0	0	0	0	0	0	0	0	0	0	0	0	0	0,0000	0,0000	25,8418
2022-03-17	04:36:00		60	5	0	0	0	0	0	0	0	0	0	0	0	0	0	0	0	0	0	0	0	0,0015	0,0000	25,8419
2022-03-17	04:37:00		60	0	0	0	0	0	0	0	0	0	0	0	0	0	0	0	0	0	0	0	0	0,0000	0,0000	25,8419
2022-03-17	04:38:00		60	8	0	0	0	0	0	0	0	0	0	0	0	0	0	0	0	0	0	0	0	0,0023	0,0000	25,8419
2022-03-17	04:39:00		60	4	0	0	0	0	0	0	0	0	0	0	0	0	0	0	0	0	0	0	0	0,0012	0,0000	25,8419
2022-03-17	04:40:00		60	4	0	0	0	0	0	0	0	0	0	0	0	0	0	0	0	0	0	0	0	0,0012	0,0000	25,8419
2022-03-17	04:41:00		60	0	0	0	0	0	0	0	0	0	0	0	0	0	0	0	0	0	0	0	0	0,0000	0,0000	25,8419
2022-03-17	04:42:00		60	0	0	0	0	0	0	0	0	0	0	0	0	0	0	0	0	0	0	0	0	0,0000	0,0000	25,8419
2022-03-17	04:43:00		60	0	0	0	0	0	0	0	0	0	0	0	0	0	0	0	0	0	0	0	0	0,0000	0,0000	25,8419
2022-03-17	04:44:00		60	0	0	0	0	0	0	0	0	0	0	0	0	0	0	0	0	0	0	0	0	0,0000	0,0000	25,8419
2022-03-17	04:45:00		60	4	0	0	0	0	0	0	0	0	0	0	0	0	0	0	0	0	0	0	0	0,0012	0,0000	25,8420
2022-03-17	04:46:00		60	0	0	0	0	0	0	0	0	0	0	0	0	0	0	0	0	0	0	0	0	0,0000	0,0000	25,8420
2022-03-17	04:47:00		60	0	0	0	0	0	0	0	0	0	0	0	0	0	0	0	0	0	0	0	0	0,0000	0,0000	25,8420
2022-03-17	04:48:00		60	0	0	0	0	0	0	0	0	0	0	0	0	0	0	0	0	0	0	0	0	0,0000	0,0000	25,8420
2022-03-17	04:49:00		60	14	0	0	0	0	0	0	0	0	0	0	0	0	0	0	0	0	0	0	0	0,0041	0,0001	25,8420
2022-03-17	04:50:00		60	13	0	0	0	0	0	0	0	0	0	0	0	0	0	0	0	0	0	0	0	0,0038	0,0001	25,8421
2022-03-17	04:51:00		60	21	0	0	0	0	0	0	0	0	0	0	0	0	0	0	0	0	0	0	0	0,0061	0,0001	25,8422
2022-03-17	04:52:00		60	9	0	0	0	0	0	0	0	0	0	0	0	0	0	0	0	0	0	0	0	0,0026	0,0000	25,8422
2022-03-17	04:53:00		60	14	0	0	0	0	0	0	0	0	0	0	0	0	0	0	0	0	0	0	0	0,0041	0,0001	25,8423
2022-03-17	04:54:00		60	0	0	0	0	0	0	0	0	0	0	0	0	0	0	0	0	0	0	0	0	0,0000	0,0000	25,8423
2022-03-17	04:55:00		60	0	0	0	0	0	0	0	0	0	0	0	0	0	0	0	0	0	0	0	0	0,0000	0,0000	25,8423
2022-03-17	04:56:00		60	0	0	0	0	0	0	0	0	0	0	0	0	0	0	0	0	0	0	0	0	0,0000	0,0000	25,8423
2022-03-17	04:57:00		60	0	0	0	0	0	0	0	0	0	0	0	0	0	0	0	0	0	0	0	0	0,0000	0,0000	25,8423
2022-03-17	04:58:00		60	0	0	0	0	0	0	0	0	0	0	0	0	0	0	0	0	0	0	0	0	0,0000	0,0000	25,8423
2022-03-17	04:59:00		60	0	0	0	0	0	0	0	0	0	0	0	0	0	0	0	0	0	0	0	0	0,0000	0,0000	25,8423
2022-03-17	05:00:00		60	0	0	0	0	0	0	0	0	0	0	0	0	0	0	0	0	0	0	0	0	0,0000	0,0000	25,8423
2022-03-17	05:01:00		60	0	0	0	0	0	0	0	0	0	0	0	0	0	0	0	0	0	0	0	0	0,0000	0,0000	25,8423
2022-03-17	05:02:00		60	0	0	0	0	0	0	0	0	0	0	0	0	0	0	0	0	0	0	0	0	0,0000	0,0000	25,8423
2022-03-17	05:03:00		60	6	0	0	0	0	0	0	0	0	0	0	0	0	0	0	0	0	0	0	0	0,0017	0,0000	25,8423
2022-03-17	05:04:00		60	28	0	0	0	0	0	0	0	0	0	0	0	0	0	0	0	0	0	0	0	0,0081	0,0001	25,8425
2022-03-17	05:05:00		60	0	0	0	0	0	0	0	0	0	0	0	0	0	0	0	0	0	0	0	0	0,0000	0,0000	25,8425
2022-03-17	05:06:00		60	0	0	0	0	0	0	0	0	0	0	0	0	0	0	0	0	0	0	0	0	0,0000	0,0000	25,8425
2022-03-17	05:07:00		60	0	0	0	0	0	0	0	0	0	0	0	0	0	0	0	0	0	0	0	0	0,0000	0,0000	25,8425
2022-03-17	05:08:00		60	6	0	0	0	0	0	0	0	0	0	0	0	0	0	0	0	0	0	0	0	0,0017	0,0000	25,8425
2022-03-17	05:09:00		60	0	0	0	0	0	0	0	0	0	0	0	0	0	0	0	0	0	0	0	0	0,0000	0,0000	25,8425
2022-03-17	05:10:00		60	4	0	0	0	0	0	0	0	0	0	0	0	0	0	0	0	0	0	0	0	0,0012	0,0000	25,8425
2022-03-17	05:11:00		60	5	0	0	0	0	0	0	0	0	0	0	0	0	0	0	0	0	0	0	0	0,0015	0,0000	25,8425
2022-03-17	05:12:00		60	6	0	0	0	0	0	0	0	0	0	0	0	0	0	0	0	0	0	0	0	0,0017	0,0000	25,8426
2022-03-17	05:13:00		60	0	0	0	0	0	0	0	0	0	0	0	0	0	0	0	0	0	0	0	0	0,0000	0,0000	25,8426
2022-03-17	05:14:00		60	0	0	0	0	0	0	0	0	0	0	0	0	0	0	0	0	0	0	0	0	0,0000	0,0000	25,8426
2022-03-17	05:15:00		60	0	0	0	0	0	0	0	0	0	0	0	0	0	0	0	0	0	0	0	0	0,0000	0,0000	25,8426
2022-03-17	05:16:00		60	0	0	0	0	0	0	0	0	0	0	0	0	0	0	0	0	0	0	0	0	0,0000	0,0000	25,8426
2022-03-17	05:17:00		60	0	0	0	0	0	0	0	0	0	0	0	0	0	0	0	0	0	0	0	0	0,0000	0,0000	25,8426
2022-03-17	05:18:00		60	0	0	0	0	0	0	0	0	0	0	0	0	0	0	0	0	0	0	0	0	0,0000	0,0000	25,8426
2022-03-17	05:19:00		60	0	0	0	0	0	0	0	0	0	0	0	0	0	0	0	0	0	0	0	0	0,0000	0,0000	25,8426
2022-03-17	05:20:00		60	0	0	0	0	0	0	0	0	0	0	0	0	0	0	0	0	0	0	0	0	0,0000	0,0000	25,8426
2022-03-17	05:21:00		60	4	0	0	0	0	0	0	0	0	0	0	0	0	0	0	0	0	0	0	0	0,0012	0,0000	25,8426
2022-03-17	05:22:00		60	4	0	0	0	0	0	0	0	0	0	0	0	0	0	0	0	0	0	0	0	0,0012	0,0000	25,8426
2022-03-17	05:23:00		60	0	0	0	0	0	0	0	0	0	0	0	0	0	0	0	0	0	0	0	0	0,0000	0,0000	25,8426
2022-03-17	05:24:00		60	0	0	0	0	0	0	0	0	0	0	0	0	0	0	0	0	0	0	0	0	0,0000	0,0000	25,8426
2022-03-17	05:25:00		60	5	0	0	0	0	0	0	0	0	0	0	0	0	0	0	0	0	0	0	0	0,0015	0,0000	25,8426
2022-03-17	05:26:00		60	0	0	0	0	0	0	0	0	0	0	0	0	0	0	0	0	0	0	0	0	0,0000	0,0000	25,8426
2022-03-17	05:27:00		60	0	0	0	0	0	0	0	0	0	0	0	0	0	0	0	0	0	0	0	0	0,0000	0,0000	25,8426
2022-03-17	05:28:00		60	4	0	0	0	0	0	0	0	0	0	0	0	0	0	0	0	0	0	0	0	0,0012	0,0000	25,8427
2022-03-17	05:29:00		60	0	0	0	0	0	0	0	0	0	0	0	0	0	0	0	0	0	0	0	0	0,0000	0,0000	25,8427
2022-03-17	05:30:00		60	6	0	0	0	0	0	0	0	0	0	0	0	0	0	0	0	0	0	0	0	0,0017	0,0000	25,8427
2022-03-17	05:31:00		60	4	0	0	0	0	0	0	0	0	0	0	0	0	0	0	0	0	0	0	0	0,0012	0,0000	25,8427
2022-03-17	05:32:00		60	4	0	0	0	0	0	0	0	0	0	0	0	0	0	0	0	0	0	0	0	0,0012	0,0000	25,8427
2022-03-17	05:33:00		60	0	0	0	0	0	0	0	0	0	0	0	0	0	0	0	0	0	0	0	0	0,0000	0,0000	25,8427
2022-03-17	05:34:00		60	0	0	0	0	0	0	0	0	0	0	0	0	0	0	0	0	0	0	0	0	0,0000	0,0000	25,8427
2022-03-17	05:35:00		60	0	0	0	0	0	0	0	0	0	0	0	0	0	0	0	0	0	0	0	0	0,0000	0,0000	25,8427
2022-03-17	05:36:00		60	0	0	0	0	0	0	0	0	0	0	0	0	0	0	0	0	0	0	0	0	0,0000	0,0000	25,8427
2022-03-17	05:37:00		60	0	0	0	0	0	0	0	0	0	0	0	0	0	0	0	0	0	0	0	0	0,0000	0,0000	25,8427
2022-03-17	05:38:00		60	0	0	0	0	0	0	0	0	0	0	0	0	0	0	0	0	0	0	0	0	0,0000	0,0000	25,8427
2022-03-17	05:39:00		60	0	0	0	0	0	0	0	0	0	0	0	0	0	0	0	0	0	0	0	0	0,0000	0,0000	25,8427
2022-03-17	05:40:00		60	0	0	0	0	0	0	0	0	0	0	0	0	0	0	0	0	0	0	0	0	0,0000	0,0000	25,8427
2022-03-17	05:41:00		60	0	0	0	0	0	0	0	0	0	0	0	0	0	0	0	0	0	0	0	0	0,0000	0,0000	25,8427
2022-03-17	05:42:00		60	0	0	0	0	0	0	0	0	0	0	0	0	0	0	0	0	0	0	0	0	0,0000	0,0000	25,8427
2022-03-17	05:43:00		60	0	0	0	0	0	0	0	0	0	0	0	0	0	0	0	0	0	0	0	0	0,0000	0,0000	25,8427
2022-03-17	05:44:00		60	0	0	0	0	0	0	0	0	0	0	0	0	0	0	0	0	0	0	0	0	0,0000	0,0000	25,8427
2022-03-17	05:45:00		60	0	0	0	0	0	0	0	0	0	0	0	0	0	0	0	0	0	0	0	0	0,0000	0,0000	25,8427
2022-03-17	05:46:00		60	4	0	0	0	0	0	0	0	0	0	0	0	0	0	0	0	0	0	0	0	0,0012	0,0000	25,8427
2022-03-17	05:47:00		60	0	0	0	0	0	0	0	0	0	0	0	0	0	0	0	0	0	0	0	0	0,0000	0,0000	25,8427
2022-03-17	05:48:00		60	0	0	0	0	0	0	0	0	0	0	0	0	0	0	0	0	0	0	0	0	0,0000	0,0000	25,8427
2022-03-17	05:49:00		60	0	0	0	0	0	0	0	0	0	0	0	0	0	0	0	0	0	0	0	0	0,0000	0,0000	25,8427
2022-03-17	05:50:00		60	6	0	0	0	0	0	0	0	0	0	0	0	0	0	0	0	0	0	0	0	0,0017	0,0000	25,8428
2022-03-17	05:51:00		60	0	0	0	0	0	0	0	0	0	0	0	0	0	0	0	0	0	0	0	0	0,0000	0,0000	25,8428
2022-03-17	05:52:00		60	0	0	0	0	0	0	0	0	0	0	0	0	0	0	0	0	0	0	0	0	0,0000	0,0000	25,8428
2022-03-17	05:53:00		60	0	0	0	0	0	0	0	0	0	0	0	0	0	0	0	0	0	0	0	0	0,0000	0,0000	25,8428
2022-03-17	05:54:00		60	4	0	0	0	0	0	0	0	0	0	0	0	0	0	0	0	0	0	0	0	0,0012	0,0000	25,8428
2022-03-17	05:55:00		60	4	0	0	0	0	0	0	0	0	0	0	0	0	0	0	0	0	0	0	0	0,0012	0,0000	25,8428
2022-03-17	05:56:00		60	0	0	0	0	0	0	0	0	0	0	0	0	0	0	0	0	0	0	0	0	0,0000	0,0000	25,8428
2022-03-17	05:57:00		60	0	0	0	0	0	0	0	0	0	0	0	0	0	0	0	0	0	0	0	0	0,0000	0,0000	25,8428
2022-03-17	05:58:00		60	0	0	0	0	0	0	0	0	0	0	0	0	0	0	0	0	0	0	0	0	0,0000	0,0000	25,8428
2022-03-17	05:59:00		60	31	0	0	0	0	0	0	0	0	0	0	0	0	0	0	0	0	0	0	0	0,0090	0,0002	25,8430
2022-03-17	06:00:00		60	0	0	0	0	0	0	0	0	0	0	0	0	0	0	0	0	0	0	0	0	0,0000	0,0000	25,8430
2022-03-17	06:01:00		60	5	0	0	0	0	0	0	0	0	0	0	0	0	0	0	0	0	0	0	0	0,0015	0,0000	25,8430
2022-03-17	06:02:00		60	0	0	0	0	0	0	0	0	0	0	0	0	0	0	0	0	0	0	0	0	0,0000	0,0000	25,8430
2022-03-17	06:03:00		60	4	0	0	0	0	0	0	0	0	0	0	0	0	0	0	0	0	0	0	0	0,0012	0,0000	25,8430
2022-03-17	06:04:00		60	0	0	0	0	0	0	0	0	0	0	0	0	0	0	0	0	0	0	0	0	0,0000	0,0000	25,8430
2022-03-17	06:05:00		60	5	0	0	0	0	0	0	0	0	0	0	0	0	0	0	0	0	0	0	0	0,0015	0,0000	25,8430
2022-03-17	06:06:00		60	4	0	0	0	0	0	0	0	0	0	0	0	0	0	0	0	0	0	0	0	0,0012	0,0000	25,8430
2022-03-17	06:07:00		60	0	0	0	0	0	0	0	0	0	0	0	0	0	0	0	0	0	0	0	0	0,0000	0,0000	25,8430
2022-03-17	06:08:00		60	0	0	0	0	0	0	0	0	0	0	0	0	0	0	0	0	0	0	0	0	0,0000	0,0000	25,8430
2022-03-17	06:09:00		60	0	0	0	0	0	0	0	0	0	0	0	0	0	0	0	0	0	0	0	0	0,0000	0,0000	25,8430
2022-03-17	06:10:00		60	0	0	0	0	0	0	0	0	0	0	0	0	0	0	0	0	0	0	0	0	0,0000	0,0000	25,8430
2022-03-17	06:11:00		60	0	0	0	0	0	0	0	0	0	0	0	0	0	0	0	0	0	0	0	0	0,0000	0,0000	25,8430
2022-03-17	06:12:00		60	0	0	0	0	0	0	0	0	0	0	0	0	0	0	0	0	0	0	0	0	0,0000	0,0000	25,8430
2022-03-17	06:13:00		60	0	0	0	0	0	0	0	0	0	0	0	0	0	0	0	0	0	0	0	0	0,0000	0,0000	25,8430
2022-03-17	06:14:00		60	0	0	0	0	0	0	0	0	0	0	0	0	0	0	0	0	0	0	0	0	0,0000	0,0000	25,8430
2022-03-17	06:15:00		60	4	0	0	0	0	0	0	0	0	0	0	0	0	0	0	0	0	0	0	0	0,0012	0,0000	25,8431
2022-03-17	06:16:00		60	4	0	0	0	0	0	0	0	0	0	0	0	0	0	0	0	0	0	0	0	0,0012	0,0000	25,8431
2022-03-17	06:17:00		60	0	0	0	0	0	0	0	0	0	0	0	0	0	0	0	0	0	0	0	0	0,0000	0,0000	25,8431
2022-03-17	06:18:00		60	0	0	0	0	0	0	0	0	0	0	0	0	0	0	0	0	0	0	0	0	0,0000	0,0000	25,8431
2022-03-17	06:19:00		60	4	0	0	0	0	0	0	0	0	0	0	0	0	0	0	0	0	0	0	0	0,0012	0,0000	25,8431
2022-03-17	06:20:00		60	4	0	0	0	0	0	0	0	0	0	0	0	0	0	0	0	0	0	0	0	0,0012	0,0000	25,8431
2022-03-17	06:21:00		60	0	0	0	0	0	0	0	0	0	0	0	0	0	0	0	0	0	0	0	0	0,0000	0,0000	25,8431
2022-03-17	06:22:00		60	0	0	0	0	0	0	0	0	0	0	0	0	0	0	0	0	0	0	0	0	0,0000	0,0000	25,8431
2022-03-17	06:23:00		60	0	0	0	0	0	0	0	0	0	0	0	0	0	0	0	0	0	0	0	0	0,0000	0,0000	25,8431
2022-03-17	06:24:00		60	0	0	0	0	0	0	0	0	0	0	0	0	0	0	0	0	0	0	0	0	0,0000	0,0000	25,8431
2022-03-17	06:25:00		60	0	0	0	0	0	0	0	0	0	0	0	0	0	0	0	0	0	0	0	0	0,0000	0,0000	25,8431
2022-03-17	06:26:00		60	4	0	0	0	0	0	0	0	0	0	0	0	0	0	0	0	0	0	0	0	0,0012	0,0000	25,8431
2022-03-17	06:27:00		60	0	0	0	0	0	0	0	0	0	0	0	0	0	0	0	0	0	0	0	0	0,0000	0,0000	25,8431
2022-03-17	06:28:00		60	4	0	0	0	0	0	0	0	0	0	0	0	0	0	0	0	0	0	0	0	0,0012	0,0000	25,8432
2022-03-17	06:29:00		60	4	0	0	0	0	0	0	0	0	0	0	0	0	0	0	0	0	0	0	0	0,0012	0,0000	25,8432
2022-03-17	06:30:00		60	5	0	0	0	0	0	0	0	0	0	0	0	0	0	0	0	0	0	0	0	0,0015	0,0000	25,8432
2022-03-17	06:31:00		60	4	0	0	0	0	0	0	0	0	0	0	0	0	0	0	0	0	0	0	0	0,0012	0,0000	25,8432
2022-03-17	06:32:00		60	0	0	0	0	0	0	0	0	0	0	0	0	0	0	0	0	0	0	0	0	0,0000	0,0000	25,8432
2022-03-17	06:33:00		60	0	0	0	0	0	0	0	0	0	0	0	0	0	0	0	0	0	0	0	0	0,0000	0,0000	25,8432
2022-03-17	06:34:00		60	0	0	0	0	0	0	0	0	0	0	0	0	0	0	0	0	0	0	0	0	0,0000	0,0000	25,8432
2022-03-17	06:35:00		60	9	0	0	0	0	0	0	0	0	0	0	0	0	0	0	0	0	0	0	0	0,0026	0,0000	25,8433
2022-03-17	06:36:00		60	0	0	0	0	0	0	0	0	0	0	0	0	0	0	0	0	0	0	0	0	0,0000	0,0000	25,8433
2022-03-17	06:37:00		60	0	0	0	0	0	0	0	0	0	0	0	0	0	0	0	0	0	0	0	0	0,0000	0,0000	25,8433
2022-03-17	06:38:00		60	5	0	0	0	0	0	0	0	0	0	0	0	0	0	0	0	0	0	0	0	0,0015	0,0000	25,8433
2022-03-17	06:39:00		60	5	0	0	0	0	0	0	0	0	0	0	0	0	0	0	0	0	0	0	0	0,0015	0,0000	25,8433
2022-03-17	06:40:00		60	0	0	0	0	0	0	0	0	0	0	0	0	0	0	0	0	0	0	0	0	0,0000	0,0000	25,8433
2022-03-17	06:41:00		60	0	0	0	0	0	0	0	0	0	0	0	0	0	0	0	0	0	0	0	0	0,0000	0,0000	25,8433
2022-03-17	06:42:00		60	0	0	0	0	0	0	0	0	0	0	0	0	0	0	0	0	0	0	0	0	0,0000	0,0000	25,8433
2022-03-17	06:43:00		60	4	0	0	0	0	0	0	0	0	0	0	0	0	0	0	0	0	0	0	0	0,0012	0,0000	25,8433
2022-03-17	06:44:00		60	7	0	0	0	0	0	0	0	0	0	0	0	0	0	0	0	0	0	0	0	0,0020	0,0000	25,8434
2022-03-17	06:45:00		60	4	0	0	0	0	0	0	0	0	0	0	0	0	0	0	0	0	0	0	0	0,0012	0,0000	25,8434
2022-03-17	06:46:00		60	0	0	0	0	0	0	0	0	0	0	0	0	0	0	0	0	0	0	0	0	0,0000	0,0000	25,8434
2022-03-17	06:47:00		60	0	0	0	0	0	0	0	0	0	0	0	0	0	0	0	0	0	0	0	0	0,0000	0,0000	25,8434
2022-03-17	06:48:00		60	4	0	0	0	0	0	0	0	0	0	0	0	0	0	0	0	0	0	0	0	0,0012	0,0000	25,8434
2022-03-17	06:49:00		60	0	0	0	0	0	0	0	0	0	0	0	0	0	0	0	0	0	0	0	0	0,0000	0,0000	25,8434
2022-03-17	06:50:00		60	4	0	0	0	0	0	0	0	0	0	0	0	0	0	0	0	0	0	0	0	0,0012	0,0000	25,8434
2022-03-17	06:51:00		60	6	0	0	0	0	0	0	0	0	0	0	0	0	0	0	0	0	0	0	0	0,0017	0,0000	25,8435
2022-03-17	06:52:00		60	0	0	0	0	0	0	0	0	0	0	0	0	0	0	0	0	0	0	0	0	0,0000	0,0000	25,8435
2022-03-17	06:53:00		60	4	0	0	0	0	0	0	0	0	0	0	0	0	0	0	0	0	0	0	0	0,0012	0,0000	25,8435
2022-03-17	06:54:00		60	0	0	0	0	0	0	0	0	0	0	0	0	0	0	0	0	0	0	0	0	0,0000	0,0000	25,8435
2022-03-17	06:55:00		60	0	0	0	0	0	0	0	0	0	0	0	0	0	0	0	0	0	0	0	0	0,0000	0,0000	25,8435
2022-03-17	06:56:00		60	9	0	0	0	0	0	0	0	0	0	0	0	0	0	0	0	0	0	0	0	0,0026	0,0000	25,8435
2022-03-17	06:57:00		60	0	0	0	0	0	0	0	0	0	0	0	0	0	0	0	0	0	0	0	0	0,0000	0,0000	25,8435
2022-03-17	06:58:00		60	0	0	0	0	0	0	0	0	0	0	0	0	0	0	0	0	0	0	0	0	0,0000	0,0000	25,8435
2022-03-17	06:59:00		60	20	0	0	0	0	0	0	0	0	0	0	0	0	0	0	0	0	0	0	0	0,0058	0,0001	25,8436
2022-03-17	07:00:00		60	0	0	0	0	0	0	0	0	0	0	0	0	0	0	0	0	0	0	0	0	0,0000	0,0000	25,8436
2022-03-17	07:01:00		60	0	0	0	0	0	0	0	0	0	0	0	0	0	0	0	0	0	0	0	0	0,0000	0,0000	25,8436
2022-03-17	07:02:00		60	0	0	0	0	0	0	0	0	0	0	0	0	0	0	0	0	0	0	0	0	0,0000	0,0000	25,8436
2022-03-17	07:03:00		60	4	0	0	0	0	0	0	0	0	0	0	0	0	0	0	0	0	0	0	0	0,0012	0,0000	25,8436
2022-03-17	07:04:00		60	0	0	0	0	0	0	0	0	0	0	0	0	0	0	0	0	0	0	0	0	0,0000	0,0000	25,8436
2022-03-17	07:05:00		60	0	0	0	0	0	0	0	0	0	0	0	0	0	0	0	0	0	0	0	0	0,0000	0,0000	25,8436
2022-03-17	07:06:00		60	0	0	0	0	0	0	0	0	0	0	0	0	0	0	0	0	0	0	0	0	0,0000	0,0000	25,8436
2022-03-17	07:07:00		60	0	0	0	0	0	0	0	0	0	0	0	0	0	0	0	0	0	0	0	0	0,0000	0,0000	25,8436
2022-03-17	07:08:00		60	0	0	0	0	0	0	0	0	0	0	0	0	0	0	0	0	0	0	0	0	0,0000	0,0000	25,8436
2022-03-17	07:09:00		60	6	0	0	0	0	0	0	0	0	0	0	0	0	0	0	0	0	0	0	0	0,0017	0,0000	25,8437
2022-03-17	07:10:00		60	0	0	0	0	0	0	0	0	0	0	0	0	0	0	0	0	0	0	0	0	0,0000	0,0000	25,8437
2022-03-17	07:11:00		60	4	0	0	0	0	0	0	0	0	0	0	0	0	0	0	0	0	0	0	0	0,0012	0,0000	25,8437
2022-03-17	07:12:00		60	4	0	0	0	0	0	0	0	0	0	0	0	0	0	0	0	0	0	0	0	0,0012	0,0000	25,8437
2022-03-17	07:13:00		60	0	0	0	0	0	0	0	0	0	0	0	0	0	0	0	0	0	0	0	0	0,0000	0,0000	25,8437
2022-03-17	07:14:00		60	0	0	0	0	0	0	0	0	0	0	0	0	0	0	0	0	0	0	0	0	0,0000	0,0000	25,8437
2022-03-17	07:15:00		60	0	0	0	0	0	0	0	0	0	0	0	0	0	0	0	0	0	0	0	0	0,0000	0,0000	25,8437
2022-03-17	07:16:00		60	0	0	0	0	0	0	0	0	0	0	0	0	0	0	0	0	0	0	0	0	0,0000	0,0000	25,8437
2022-03-17	07:17:00		60	4	0	0	0	0	0	0	0	0	0	0	0	0	0	0	0	0	0	0	0	0,0012	0,0000	25,8437
2022-03-17	07:18:00		60	0	0	0	0	0	0	0	0	0	0	0	0	0	0	0	0	0	0	0	0	0,0000	0,0000	25,8437
2022-03-17	07:19:00		60	0	0	0	0	0	0	0	0	0	0	0	0	0	0	0	0	0	0	0	0	0,0000	0,0000	25,8437
2022-03-17	07:20:00		60	4	0	0	0	0	0	0	0	0	0	0	0	0	0	0	0	0	0	0	0	0,0012	0,0000	25,8437
2022-03-17	07:21:00		60	0	0	0	0	0	0	0	0	0	0	0	0	0	0	0	0	0	0	0	0	0,0000	0,0000	25,8437
2022-03-17	07:22:00		60	0	0	0	0	0	0	0	0	0	0	0	0	0	0	0	0	0	0	0	0	0,0000	0,0000	25,8437
2022-03-17	07:23:00		60	0	0	0	0	0	0	0	0	0	0	0	0	0	0	0	0	0	0	0	0	0,0000	0,0000	25,8437
2022-03-17	07:24:00		60	0	0	0	0	0	0	0	0	0	0	0	0	0	0	0	0	0	0	0	0	0,0000	0,0000	25,8437
2022-03-17	07:25:00		60	0	0	0	0	0	0	0	0	0	0	0	0	0	0	0	0	0	0	0	0	0,0000	0,0000	25,8437
2022-03-17	07:26:00		60	0	0	0	0	0	0	0	0	0	0	0	0	0	0	0	0	0	0	0	0	0,0000	0,0000	25,8437
2022-03-17	07:27:00		60	4	0	0	0	0	0	0	0	0	0	0	0	0	0	0	0	0	0	0	0	0,0012	0,0000	25,8438
2022-03-17	07:28:00		60	5	0	0	0	0	0	0	0	0	0	0	0	0	0	0	0	0	0	0	0	0,0015	0,0000	25,8438
2022-03-17	07:29:00		60	4	0	0	0	0	0	0	0	0	0	0	0	0	0	0	0	0	0	0	0	0,0012	0,0000	25,8438
2022-03-17	07:30:00		60	6	0	0	0	0	0	0	0	0	0	0	0	0	0	0	0	0	0	0	0	0,0017	0,0000	25,8438
2022-03-17	07:31:00		60	0	0	0	0	0	0	0	0	0	0	0	0	0	0	0	0	0	0	0	0	0,0000	0,0000	25,8438
2022-03-17	07:32:00		60	0	0	0	0	0	0	0	0	0	0	0	0	0	0	0	0	0	0	0	0	0,0000	0,0000	25,8438
2022-03-17	07:33:00		60	0	0	0	0	0	0	0	0	0	0	0	0	0	0	0	0	0	0	0	0	0,0000	0,0000	25,8438
2022-03-17	07:34:00		60	0	0	0	0	0	0	0	0	0	0	0	0	0	0	0	0	0	0	0	0	0,0000	0,0000	25,8438
2022-03-17	07:35:00		60	0	0	0	0	0	0	0	0	0	0	0	0	0	0	0	0	0	0	0	0	0,0000	0,0000	25,8438
2022-03-17	07:36:00		60	0	0	0	0	0	0	0	0	0	0	0	0	0	0	0	0	0	0	0	0	0,0000	0,0000	25,8438
2022-03-17	07:37:00		60	0	0	0	0	0	0	0	0	0	0	0	0	0	0	0	0	0	0	0	0	0,0000	0,0000	25,8438
2022-03-17	07:38:00		60	0	0	0	0	0	0	0	0	0	0	0	0	0	0	0	0	0	0	0	0	0,0000	0,0000	25,8438
2022-03-17	07:39:00		60	0	0	0	0	0	0	0	0	0	0	0	0	0	0	0	0	0	0	0	0	0,0000	0,0000	25,8438
2022-03-17	07:40:00		60	0	0	0	0	0	0	0	0	0	0	0	0	0	0	0	0	0	0	0	0	0,0000	0,0000	25,8438
2022-03-17	07:41:00		60	0	0	0	0	0	0	0	0	0	0	0	0	0	0	0	0	0	0	0	0	0,0000	0,0000	25,8438
2022-03-17	07:42:00		60	0	0	0	0	0	0	0	0	0	0	0	0	0	0	0	0	0	0	0	0	0,0000	0,0000	25,8438
2022-03-17	07:43:00		60	0	0	0	0	0	0	0	0	0	0	0	0	0	0	0	0	0	0	0	0	0,0000	0,0000	25,8438
2022-03-17	07:44:00		60	0	0	0	0	0	0	0	0	0	0	0	0	0	0	0	0	0	0	0	0	0,0000	0,0000	25,8438
2022-03-17	07:45:00		60	0	0	0	0	0	0	0	0	0	0	0	0	0	0	0	0	0	0	0	0	0,0000	0,0000	25,8438
2022-03-17	07:46:00		60	0	0	0	0	0	0	0	0	0	0	0	0	0	0	0	0	0	0	0	0	0,0000	0,0000	25,8438
2022-03-17	07:47:00		60	0	0	0	0	0	0	0	0	0	0	0	0	0	0	0	0	0	0	0	0	0,0000	0,0000	25,8438
2022-03-17	07:48:00		60	0	0	0	0	0	0	0	0	0	0	0	0	0	0	0	0	0	0	0	0	0,0000	0,0000	25,8438
2022-03-17	07:49:00		60	0	0	0	0	0	0	0	0	0	0	0	0	0	0	0	0	0	0	0	0	0,0000	0,0000	25,8438
2022-03-17	07:50:00		60	0	0	0	0	0	0	0	0	0	0	0	0	0	0	0	0	0	0	0	0	0,0000	0,0000	25,8438
2022-03-17	07:51:00		60	0	0	0	0	0	0	0	0	0	0	0	0	0	0	0	0	0	0	0	0	0,0000	0,0000	25,8438
2022-03-17	07:52:00		60	0	0	0	0	0	0	0	0	0	0	0	0	0	0	0	0	0	0	0	0	0,0000	0,0000	25,8438
2022-03-17	07:53:00		60	0	0	0	0	0	0	0	0	0	0	0	0	0	0	0	0	0	0	0	0	0,0000	0,0000	25,8438
2022-03-17	07:54:00		60	0	0	0	0	0	0	0	0	0	0	0	0	0	0	0	0	0	0	0	0	0,0000	0,0000	25,8438
2022-03-17	07:55:00		60	4	0	0	0	0	0	0	0	0	0	0	0	0	0	0	0	0	0	0	0	0,0012	0,0000	25,8439
2022-03-17	07:56:00		60	0	0	0	0	0	0	0	0	0	0	0	0	0	0	0	0	0	0	0	0	0,0000	0,0000	25,8439
2022-03-17	07:57:00		60	4	0	0	0	0	0	0	0	0	0	0	0	0	0	0	0	0	0	0	0	0,0012	0,0000	25,8439
2022-03-17	07:58:00		60	0	0	0	0	0	0	0	0	0	0	0	0	0	0	0	0	0	0	0	0	0,0000	0,0000	25,8439
2022-03-17	07:59:00		60	9	0	0	0	0	0	0	0	0	0	0	0	0	0	0	0	0	0	0	0	0,0026	0,0000	25,8439
2022-03-17	08:00:00		60	12	0	0	0	0	0	0	0	0	0	0	0	0	0	0	0	0	0	0	0	0,0035	0,0001	25,8440
2022-03-17	08:01:00		60	6	0	0	0	0	0	0	0	0	0	0	0	0	0	0	0	0	0	0	0	0,0017	0,0000	25,8440
2022-03-17	08:02:00		60	12	0	0	0	0	0	0	0	0	0	0	0	0	0	0	0	0	0	0	0	0,0035	0,0001	25,8441
2022-03-17	08:03:00		60	0	0	0	0	0	0	0	0	0	0	0	0	0	0	0	0	0	0	0	0	0,0000	0,0000	25,8441
2022-03-17	08:04:00		60	22	0	0	0	0	0	0	0	0	0	0	0	0	0	0	0	0	0	0	0	0,0064	0,0001	25,8442
2022-03-17	08:05:00		60	4	0	0	0	0	0	0	0	0	0	0	0	0	0	0	0	0	0	0	0	0,0012	0,0000	25,8442
2022-03-17	08:06:00		60	0	0	0	0	0	0	0	0	0	0	0	0	0	0	0	0	0	0	0	0	0,0000	0,0000	25,8442
2022-03-17	08:07:00		60	0	0	0	0	0	0	0	0	0	0	0	0	0	0	0	0	0	0	0	0	0,0000	0,0000	25,8442
2022-03-17	08:08:00		60	0	0	0	0	0	0	0	0	0	0	0	0	0	0	0	0	0	0	0	0	0,0000	0,0000	25,8442
2022-03-17	08:09:00		60	5	0	0	0	0	0	0	0	0	0	0	0	0	0	0	0	0	0	0	0	0,0015	0,0000	25,8442
2022-03-17	08:10:00		60	0	0	0	0	0	0	0	0	0	0	0	0	0	0	0	0	0	0	0	0	0,0000	0,0000	25,8442
2022-03-17	08:11:00		60	0	0	0	0	0	0	0	0	0	0	0	0	0	0	0	0	0	0	0	0	0,0000	0,0000	25,8442
2022-03-17	08:12:00		60	0	0	0	0	0	0	0	0	0	0	0	0	0	0	0	0	0	0	0	0	0,0000	0,0000	25,8442
2022-03-17	08:13:00		60	0	0	0	0	0	0	0	0	0	0	0	0	0	0	0	0	0	0	0	0	0,0000	0,0000	25,8442
2022-03-17	08:14:00		60	4	0	0	0	0	0	0	0	0	0	0	0	0	0	0	0	0	0	0	0	0,0012	0,0000	25,8442
2022-03-17	08:15:00		60	0	0	0	0	0	0	0	0	0	0	0	0	0	0	0	0	0	0	0	0	0,0000	0,0000	25,8442
2022-03-17	08:16:00		60	0	0	0	0	0	0	0	0	0	0	0	0	0	0	0	0	0	0	0	0	0,0000	0,0000	25,8442
2022-03-17	08:17:00		60	4	0	0	0	0	0	0	0	0	0	0	0	0	0	0	0	0	0	0	0	0,0012	0,0000	25,8443
2022-03-17	08:18:00		60	0	0	0	0	0	0	0	0	0	0	0	0	0	0	0	0	0	0	0	0	0,0000	0,0000	25,8443
2022-03-17	08:19:00		60	0	0	0	0	0	0	0	0	0	0	0	0	0	0	0	0	0	0	0	0	0,0000	0,0000	25,8443
2022-03-17	08:20:00		60	0	0	0	0	0	0	0	0	0	0	0	0	0	0	0	0	0	0	0	0	0,0000	0,0000	25,8443
2022-03-17	08:21:00		60	0	0	0	0	0	0	0	0	0	0	0	0	0	0	0	0	0	0	0	0	0,0000	0,0000	25,8443
2022-03-17	08:22:00		60	0	0	0	0	0	0	0	0	0	0	0	0	0	0	0	0	0	0	0	0	0,0000	0,0000	25,8443
2022-03-17	08:23:00		60	0	0	0	0	0	0	0	0	0	0	0	0	0	0	0	0	0	0	0	0	0,0000	0,0000	25,8443
2022-03-17	08:24:00		60	0	0	0	0	0	0	0	0	0	0	0	0	0	0	0	0	0	0	0	0	0,0000	0,0000	25,8443
2022-03-17	08:25:00		60	0	0	0	0	0	0	0	0	0	0	0	0	0	0	0	0	0	0	0	0	0,0000	0,0000	25,8443
2022-03-17	08:26:00		60	0	0	0	0	0	0	0	0	0	0	0	0	0	0	0	0	0	0	0	0	0,0000	0,0000	25,8443
2022-03-17	08:27:00		60	0	0	0	0	0	0	0	0	0	0	0	0	0	0	0	0	0	0	0	0	0,0000	0,0000	25,8443
2022-03-17	08:28:00		60	0	0	0	0	0	0	0	0	0	0	0	0	0	0	0	0	0	0	0	0	0,0000	0,0000	25,8443
2022-03-17	08:29:00		60	0	0	0	0	0	0	0	0	0	0	0	0	0	0	0	0	0	0	0	0	0,0000	0,0000	25,8443
2022-03-17	08:30:00		60	0	0	0	0	0	0	0	0	0	0	0	0	0	0	0	0	0	0	0	0	0,0000	0,0000	25,8443
2022-03-17	08:31:00		60	0	0	0	0	0	0	0	0	0	0	0	0	0	0	0	0	0	0	0	0	0,0000	0,0000	25,8443
2022-03-17	08:32:00		60	0	0	0	0	0	0	0	0	0	0	0	0	0	0	0	0	0	0	0	0	0,0000	0,0000	25,8443
2022-03-17	08:33:00		60	0	0	0	0	0	0	0	0	0	0	0	0	0	0	0	0	0	0	0	0	0,0000	0,0000	25,8443
2022-03-17	08:34:00		60	0	0	0	0	0	0	0	0	0	0	0	0	0	0	0	0	0	0	0	0	0,0000	0,0000	25,8443
2022-03-17	08:35:00		60	0	0	0	0	0	0	0	0	0	0	0	0	0	0	0	0	0	0	0	0	0,0000	0,0000	25,8443
2022-03-17	08:36:00		60	0	0	0	0	0	0	0	0	0	0	0	0	0	0	0	0	0	0	0	0	0,0000	0,0000	25,8443
2022-03-17	08:37:00		60	3	2	5	7	0	0	0	0	0	0	0	0	0	0	0	0	0	0	0	0	0,0197	0,0003	25,8446
2022-03-17	08:38:00		60	3	1	2	2	0	0	0	0	0	0	0	0	0	0	0	0	0	0	0	0	0,0071	0,0001	25,8447
2022-03-17	08:39:00		60	1	0	0	1	0	0	0	0	0	0	0	0	0	0	0	0	0	0	0	0	0,0021	0,0000	25,8447
2022-03-17	08:40:00		60	0	0	0	0	0	0	0	0	0	0	0	0	0	0	0	0	0	0	0	0	0,0000	0,0000	25,8447
2022-03-17	08:41:00		60	0	0	0	0	0	0	0	0	0	0	0	0	0	0	0	0	0	0	0	0	0,0000	0,0000	25,8447
2022-03-17	08:42:00		60	20	0	0	0	0	0	0	0	0	0	0	0	0	0	0	0	0	0	0	0	0,0058	0,0001	25,8448
2022-03-17	08:43:00		60	20	37	2	0	0	0	0	0	0	0	0	0	0	0	0	0	0	0	0	0	0,0298	0,0005	25,8453
2022-03-17	08:44:00		60	50	62	2	0	0	0	0	0	0	0	0	0	0	0	0	0	0	0	0	0	0,0533	0,0009	25,8462
2022-03-17	08:45:00		60	28	47	1	0	0	0	0	0	0	0	0	0	0	0	0	0	0	0	0	0	0,0370	0,0006	25,8468
2022-03-17	08:46:00		60	66	15	1	0	0	0	0	0	0	0	0	0	0	0	0	0	0	0	0	0	0,0291	0,0005	25,8473
2022-03-17	08:47:00		60	59	8	0	0	0	0	0	0	0	0	0	0	0	0	0	0	0	0	0	0	0,0219	0,0004	25,8477
2022-03-17	08:48:00		60	48	6	0	0	0	0	0	0	0	0	0	0	0	0	0	0	0	0	0	0	0,0175	0,0003	25,8480
2022-03-17	08:49:00		60	89	9	0	0	0	0	0	0	0	0	0	0	0	0	0	0	0	0	0	0	0,0312	0,0005	25,8485
2022-03-17	08:50:00		60	82	75	1	0	0	0	0	0	0	0	0	0	0	0	0	0	0	0	0	0	0,0693	0,0012	25,8496
2022-03-17	08:51:00		60	49	88	3	0	0	0	0	0	0	0	0	0	0	0	0	0	0	0	0	0	0,0695	0,0012	25,8508
2022-03-17	08:52:00		60	83	30	1	0	0	0	0	0	0	0	0	0	0	0	0	0	0	0	0	0	0,0429	0,0007	25,8515
2022-03-17	08:53:00		60	50	31	1	0	0	0	0	0	0	0	0	0	0	0	0	0	0	0	0	0	0,0339	0,0006	25,8521
2022-03-17	08:54:00		60	10	9	0	0	0	0	0	0	0	0	0	0	0	0	0	0	0	0	0	0	0,0082	0,0001	25,8522
2022-03-17	08:55:00		60	0	0	0	0	0	0	0	0	0	0	0	0	0	0	0	0	0	0	0	0	0,0000	0,0000	25,8522
2022-03-17	08:56:00		60	4	0	0	0	0	0	0	0	0	0	0	0	0	0	0	0	0	0	0	0	0,0012	0,0000	25,8522
2022-03-17	08:57:00		60	10	0	0	0	0	0	0	0	0	0	0	0	0	0	0	0	0	0	0	0	0,0029	0,0000	25,8523
2022-03-17	08:58:00		60	6	1	0	0	0	0	0	0	0	0	0	0	0	0	0	0	0	0	0	0	0,0023	0,0000	25,8523
2022-03-17	08:59:00		60	49	2	0	0	0	0	0	0	0	0	0	0	0	0	0	0	0	0	0	0	0,0154	0,0003	25,8526
2022-03-17	09:00:00		60	4	1	0	0	0	0	0	0	0	0	0	0	0	0	0	0	0	0	0	0	0,0018	0,0000	25,8526
2022-03-17	09:01:00		60	9	0	0	0	0	0	0	0	0	0	0	0	0	0	0	0	0	0	0	0	0,0026	0,0000	25,8527
2022-03-17	09:02:00		60	0	0	0	0	0	0	0	0	0	0	0	0	0	0	0	0	0	0	0	0	0,0000	0,0000	25,8527
2022-03-17	09:03:00		60	14	0	0	0	0	0	0	0	0	0	0	0	0	0	0	0	0	0	0	0	0,0041	0,0001	25,8527
2022-03-17	09:04:00		60	27	3	0	0	0	0	0	0	0	0	0	0	0	0	0	0	0	0	0	0	0,0096	0,0002	25,8529
2022-03-17	09:05:00		60	9	2	0	0	0	0	0	0	0	0	0	0	0	0	0	0	0	0	0	0	0,0038	0,0001	25,8530
2022-03-17	09:06:00		60	5	1	0	0	0	0	0	0	0	0	0	0	0	0	0	0	0	0	0	0	0,0020	0,0000	25,8530
2022-03-17	09:07:00		60	0	0	0	0	0	0	0	0	0	0	0	0	0	0	0	0	0	0	0	0	0,0000	0,0000	25,8530
2022-03-17	09:08:00		60	4	0	0	0	0	0	0	0	0	0	0	0	0	0	0	0	0	0	0	0	0,0012	0,0000	25,8530
2022-03-17	09:09:00		60	0	0	0	0	0	0	0	0	0	0	0	0	0	0	0	0	0	0	0	0	0,0000	0,0000	25,8530
2022-03-17	09:10:00		60	0	0	0	0	0	0	0	0	0	0	0	0	0	0	0	0	0	0	0	0	0,0000	0,0000	25,8530
