YYYY-MM-DD	hh:mm:ss	Status	Interval [s]	n1	n2	n3	n4	n5	n6	n7	n8	n9	n10	n11	n12	n13	n14	n15	n16	n17	n18	n19	n20	RI [mm/h]	RA [mm]	RAT [mm]
2022-03-30	18:29:00		60	1	0	1	1	1	0	0	0	0	0	0	0	0	0	0	0	0	0	0	0	0,0060	0,0001	206,4345
2022-03-30	18:30:00		60	0	1	0	4	1	1	0	0	0	0	0	0	0	0	0	0	0	0	0	0	0,0153	0,0003	206,4347
2022-03-30	18:31:00		60	1	1	2	4	0	2	0	0	0	0	0	0	0	0	0	0	0	0	0	0	0,0196	0,0003	206,4350
2022-03-30	18:32:00		60	2	0	2	1	0	1	1	0	0	0	0	0	0	0	0	0	0	0	0	0	0,0180	0,0003	206,4353
2022-03-30	18:33:00		60	1	1	0	4	0	0	0	0	0	0	0	0	0	0	0	0	0	0	0	0	0,0080	0,0001	206,4355
2022-03-30	18:34:00		60	3	0	5	0	1	0	0	0	0	0	0	0	0	0	0	0	0	0	0	0	0,0090	0,0002	206,4356
2022-03-30	18:35:00		60	2	2	2	3	0	0	0	0	0	0	0	0	0	0	0	0	0	0	0	0	0,0092	0,0002	206,4358
2022-03-30	18:36:00		60	3	0	2	1	0	1	0	0	0	0	0	0	0	0	0	0	0	0	0	0	0,0095	0,0002	206,4359
2022-03-30	18:37:00		60	2	3	4	0	0	0	0	0	0	0	0	0	0	0	0	0	0	0	0	0	0,0066	0,0001	206,4360
2022-03-30	18:38:00		60	0	3	1	0	0	0	0	0	0	0	0	0	0	0	0	0	0	0	0	0	0,0028	0,0000	206,4361
2022-03-30	18:39:00		60	1	3	1	1	0	0	0	0	0	0	0	0	0	0	0	0	0	0	0	0	0,0049	0,0001	206,4362
2022-03-30	18:40:00		60	0	0	2	0	0	0	0	0	0	0	0	0	0	0	0	0	0	0	0	0	0,0021	0,0000	206,4362
2022-03-30	18:41:00		60	1	0	3	0	0	0	0	0	0	0	0	0	0	0	0	0	0	0	0	0	0,0034	0,0001	206,4363
2022-03-30	18:42:00		60	0	0	0	0	0	0	0	0	0	0	0	0	0	0	0	0	0	0	0	0	0,0000	0,0000	206,4363
2022-03-30	18:43:00		60	0	0	1	0	0	0	0	0	0	0	0	0	0	0	0	0	0	0	0	0	0,0011	0,0000	206,4363
2022-03-30	18:44:00		60	0	0	0	0	0	0	0	0	0	0	0	0	0	0	0	0	0	0	0	0	0,0000	0,0000	206,4363
2022-03-30	18:45:00		60	0	0	0	0	0	0	0	0	0	0	0	0	0	0	0	0	0	0	0	0	0,0000	0,0000	206,4363
2022-03-30	18:46:00		60	0	0	0	0	0	0	0	0	0	0	0	0	0	0	0	0	0	0	0	0	0,0000	0,0000	206,4363
2022-03-30	18:47:00		60	0	0	0	0	0	0	0	0	0	0	0	0	0	0	0	0	0	0	0	0	0,0000	0,0000	206,4363
2022-03-30	18:48:00		60	0	0	0	0	0	0	0	0	0	0	0	0	0	0	0	0	0	0	0	0	0,0000	0,0000	206,4363
2022-03-30	18:49:00		60	0	0	0	0	0	0	0	0	0	0	0	0	0	0	0	0	0	0	0	0	0,0000	0,0000	206,4363
2022-03-30	18:50:00		60	0	0	0	0	0	0	0	0	0	0	0	0	0	0	0	0	0	0	0	0	0,0000	0,0000	206,4363
2022-03-30	18:51:00		60	0	0	0	1	0	0	1	0	0	0	0	0	0	0	0	0	0	0	0	0	0,0105	0,0002	206,4365
2022-03-30	18:52:00		60	0	0	0	0	0	0	0	0	0	0	0	0	0	0	0	0	0	0	0	0	0,0000	0,0000	206,4365
2022-03-30	18:53:00		60	1	0	2	0	1	1	0	0	0	0	0	0	0	0	0	0	0	0	0	0	0,0101	0,0002	206,4366
2022-03-30	18:54:00		60	0	0	0	0	0	0	0	0	0	0	0	0	0	0	0	0	0	0	0	0	0,0000	0,0000	206,4366
2022-03-30	18:55:00		60	0	0	1	1	0	1	0	0	0	0	0	0	0	0	0	0	0	0	0	0	0,0076	0,0001	206,4368
2022-03-30	18:56:00		60	0	0	0	0	0	1	1	0	0	0	0	0	0	0	0	0	0	0	0	0	0,0135	0,0002	206,4370
2022-03-30	18:57:00		60	0	0	0	1	0	3	1	0	0	0	0	0	0	0	0	0	0	0	0	0	0,0249	0,0004	206,4374
2022-03-30	18:58:00		60	0	1	1	0	0	1	1	0	0	0	0	0	0	0	0	0	0	0	0	0	0,0152	0,0003	206,4376
2022-03-30	18:59:00		60	0	3	0	1	1	1	0	0	0	0	0	0	0	0	0	0	0	0	0	0	0,0112	0,0002	206,4378
2022-03-30	19:00:00		60	0	0	0	1	2	2	0	0	0	0	0	0	0	0	0	0	0	0	0	0	0,0171	0,0003	206,4381
2022-03-30	19:01:00		60	1	1	2	4	1	0	0	0	0	0	0	0	0	0	0	0	0	0	0	0	0,0130	0,0002	206,4383
2022-03-30	19:02:00		60	1	0	1	4	0	1	0	1	0	0	0	0	0	0	0	0	0	0	0	0	0,0280	0,0005	206,4388
2022-03-30	19:03:00		60	0	0	3	4	3	1	0	0	0	1	0	0	0	0	0	0	0	0	0	0	0,0527	0,0009	206,4397
2022-03-30	19:04:00		60	0	2	0	5	2	2	2	1	0	0	1	0	0	0	0	0	0	0	0	0	0,1016	0,0017	206,4414
2022-03-30	19:05:00		60	1	1	4	7	1	1	2	1	0	1	0	0	0	0	0	0	0	0	0	0	0,0864	0,0014	206,4428
2022-03-30	19:06:00		60	1	2	5	3	1	7	2	4	1	0	0	0	0	0	0	0	0	0	0	0	0,1466	0,0024	206,4453
2022-03-30	19:07:00		60	0	0	2	2	4	4	2	2	2	1	0	0	0	0	0	0	0	0	0	0	0,1553	0,0026	206,4478
2022-03-30	19:08:00		60	0	6	1	5	9	0	10	4	1	1	0	0	0	0	0	0	0	0	0	0	0,2364	0,0039	206,4518
2022-03-30	19:09:00		60	3	5	2	6	4	3	1	4	0	1	0	0	0	0	0	0	0	0	0	0	0,1394	0,0023	206,4541
2022-03-30	19:10:00		60	2	1	4	2	2	5	6	1	0	0	0	0	0	0	0	0	0	0	0	0	0,1058	0,0018	206,4559
2022-03-30	19:11:00		60	1	2	4	4	2	6	1	2	0	0	1	0	0	0	0	0	0	0	0	0	0,1295	0,0022	206,4580
2022-03-30	19:12:00		60	3	10	4	5	2	3	2	1	2	0	0	0	0	0	0	0	0	0	0	0	0,1152	0,0019	206,4599
2022-03-30	19:13:00		60	3	4	7	7	3	1	8	0	1	2	1	0	0	0	0	0	0	0	0	0	0,2297	0,0038	206,4638
2022-03-30	19:14:00		60	4	4	4	5	7	6	4	5	1	1	0	0	0	0	0	0	0	0	0	0	0,2249	0,0037	206,4675
2022-03-30	19:15:00		60	4	2	0	2	2	1	4	3	1	4	0	0	0	0	0	0	0	0	0	0	0,2333	0,0039	206,4714
2022-03-30	19:16:00		60	1	2	3	4	3	5	3	4	0	0	0	0	0	0	0	0	0	0	0	0	0,1297	0,0022	206,4736
2022-03-30	19:17:00		60	1	6	4	2	5	8	3	2	0	0	0	0	0	0	0	0	0	0	0	0	0,1201	0,0020	206,4756
2022-03-30	19:18:00		60	2	2	3	3	5	10	4	0	0	0	0	0	0	0	0	0	0	0	0	0	0,1074	0,0018	206,4774
2022-03-30	19:19:00		60	4	2	3	5	4	11	5	1	0	2	0	0	0	0	0	0	0	0	0	0	0,1950	0,0032	206,4806
2022-03-30	19:20:00		60	1	1	4	11	5	9	5	3	0	0	0	0	0	0	0	0	0	0	0	0	0,1701	0,0028	206,4835
2022-03-30	19:21:00		60	2	6	3	5	5	7	4	1	1	1	0	0	0	0	0	0	0	0	0	0	0,1642	0,0027	206,4862
2022-03-30	19:22:00		60	4	3	4	5	8	6	2	4	0	0	0	0	0	0	0	0	0	0	0	0	0,1445	0,0024	206,4886
2022-03-30	19:23:00		60	1	4	4	6	3	3	7	3	0	0	0	0	0	0	0	0	0	0	0	0	0,1461	0,0024	206,4910
2022-03-30	19:24:00		60	2	4	4	5	2	4	4	4	0	0	0	0	0	0	0	0	0	0	0	0	0,1351	0,0023	206,4933
2022-03-30	19:25:00		60	3	2	6	2	2	3	5	0	0	0	0	0	0	0	0	0	0	0	0	0	0,0757	0,0013	206,4945
2022-03-30	19:26:00		60	1	3	1	1	1	5	1	0	0	0	0	0	0	0	0	0	0	0	0	0	0,0404	0,0007	206,4952
2022-03-30	19:27:00		60	0	2	4	3	1	4	4	1	0	0	0	0	0	0	0	0	0	0	0	0	0,0825	0,0014	206,4966
2022-03-30	19:28:00		60	1	5	3	2	6	2	3	0	0	0	0	0	0	0	0	0	0	0	0	0	0,0630	0,0010	206,4976
2022-03-30	19:29:00		60	2	1	5	3	3	3	0	0	0	0	0	0	0	0	0	0	0	0	0	0	0,0347	0,0006	206,4982
2022-03-30	19:30:00		60	5	2	3	4	1	1	2	0	0	0	0	0	0	0	0	0	0	0	0	0	0,0380	0,0006	206,4989
2022-03-30	19:31:00		60	3	2	3	2	3	4	0	0	0	0	0	0	0	0	0	0	0	0	0	0	0,0365	0,0006	206,4995
2022-03-30	19:32:00		60	0	2	1	1	2	0	0	0	0	0	0	0	0	0	0	0	0	0	0	0	0,0098	0,0002	206,4996
2022-03-30	19:33:00		60	0	1	1	1	0	1	0	0	0	0	0	0	0	0	0	0	0	0	0	0	0,0082	0,0001	206,4998
2022-03-30	19:34:00		60	2	0	3	2	1	0	0	0	0	0	0	0	0	0	0	0	0	0	0	0	0,0102	0,0002	206,4999
2022-03-30	19:35:00		60	1	4	0	2	2	0	0	0	0	0	0	0	0	0	0	0	0	0	0	0	0,0120	0,0002	206,5001
2022-03-30	19:36:00		60	0	2	1	3	0	0	0	0	0	0	0	0	0	0	0	0	0	0	0	0	0,0076	0,0001	206,5003
2022-03-30	19:37:00		60	1	2	5	3	0	0	0	0	0	0	0	0	0	0	0	0	0	0	0	0	0,0121	0,0002	206,5005
2022-03-30	19:38:00		60	1	1	1	0	1	0	0	0	0	0	0	0	0	0	0	0	0	0	0	0	0,0048	0,0001	206,5005
2022-03-30	19:39:00		60	2	0	0	1	0	0	0	0	0	0	0	0	0	0	0	0	0	0	0	0	0,0024	0,0000	206,5006
2022-03-30	19:40:00		60	1	3	3	1	0	0	0	0	0	0	0	0	0	0	0	0	0	0	0	0	0,0070	0,0001	206,5007
2022-03-30	19:41:00		60	0	1	1	0	0	0	0	0	0	0	0	0	0	0	0	0	0	0	0	0	0,0016	0,0000	206,5007
2022-03-30	19:42:00		60	1	1	2	2	2	0	0	0	0	0	0	0	0	0	0	0	0	0	0	0	0,0123	0,0002	206,5009
2022-03-30	19:43:00		60	3	2	2	0	4	2	0	0	0	0	0	0	0	0	0	0	0	0	0	0	0,0252	0,0004	206,5013
2022-03-30	19:44:00		60	0	3	1	2	0	2	0	0	0	0	0	0	0	0	0	0	0	0	0	0	0,0159	0,0003	206,5016
2022-03-30	19:45:00		60	1	2	1	1	0	0	0	0	0	0	0	0	0	0	0	0	0	0	0	0	0,0043	0,0001	206,5017
2022-03-30	19:46:00		60	1	2	3	0	0	0	0	0	0	0	0	0	0	0	0	0	0	0	0	0	0,0046	0,0001	206,5018
2022-03-30	19:47:00		60	0	1	0	1	0	0	0	0	0	0	0	0	0	0	0	0	0	0	0	0	0,0024	0,0000	206,5018
2022-03-30	19:48:00		60	0	1	2	1	0	0	0	0	0	0	0	0	0	0	0	0	0	0	0	0	0,0045	0,0001	206,5019
2022-03-30	19:49:00		60	2	0	1	3	0	0	0	0	0	0	0	0	0	0	0	0	0	0	0	0	0,0070	0,0001	206,5020
2022-03-30	19:50:00		60	1	2	0	2	1	0	0	0	0	0	0	0	0	0	0	0	0	0	0	0	0,0079	0,0001	206,5021
2022-03-30	19:51:00		60	0	0	4	3	0	0	0	0	0	0	0	0	0	0	0	0	0	0	0	0	0,0095	0,0002	206,5023
2022-03-30	19:52:00		60	0	0	1	0	0	0	0	0	0	0	0	0	0	0	0	0	0	0	0	0	0,0011	0,0000	206,5023
2022-03-30	19:53:00		60	0	1	0	2	0	0	1	0	0	0	0	0	0	0	0	0	0	0	0	0	0,0129	0,0002	206,5025
2022-03-30	19:54:00		60	0	4	1	2	0	0	1	0	0	0	0	0	0	0	0	0	0	0	0	0	0,0157	0,0003	206,5028
2022-03-30	19:55:00		60	0	1	1	0	1	1	0	0	0	0	0	0	0	0	0	0	0	0	0	0	0,0093	0,0002	206,5029
2022-03-30	19:56:00		60	1	0	1	0	2	2	2	0	0	0	0	0	0	0	0	0	0	0	0	0	0,0341	0,0006	206,5035
2022-03-30	19:57:00		60	0	1	2	3	1	1	0	0	0	0	0	0	0	0	0	0	0	0	0	0	0,0157	0,0003	206,5038
2022-03-30	19:58:00		60	0	1	2	1	0	2	1	0	0	0	0	0	0	0	0	0	0	0	0	0	0,0228	0,0004	206,5041
2022-03-30	19:59:00		60	6	1	0	0	0	1	0	0	0	0	0	0	0	0	0	0	0	0	0	0	0,0071	0,0001	206,5043
2022-03-30	20:00:00		60	0	0	1	1	1	2	0	0	0	0	0	0	0	0	0	0	0	0	0	0	0,0153	0,0003	206,5045
2022-03-30	20:01:00		60	2	1	2	1	1	2	1	0	0	0	0	0	0	0	0	0	0	0	0	0	0,0262	0,0004	206,5050
2022-03-30	20:02:00		60	0	2	0	3	0	1	0	0	0	0	0	0	0	0	0	0	0	0	0	0	0,0113	0,0002	206,5051
2022-03-30	20:03:00		60	1	3	2	0	1	0	0	0	0	0	0	0	0	0	0	0	0	0	0	0	0,0070	0,0001	206,5053
2022-03-30	20:04:00		60	1	2	2	6	0	0	0	0	0	0	0	0	0	0	0	0	0	0	0	0	0,0142	0,0002	206,5055
2022-03-30	20:05:00		60	1	0	1	1	0	0	0	0	0	0	0	0	0	0	0	0	0	0	0	0	0,0031	0,0001	206,5055
2022-03-30	20:06:00		60	2	0	0	3	2	0	0	0	0	0	0	0	0	0	0	0	0	0	0	0	0,0117	0,0002	206,5057
2022-03-30	20:07:00		60	0	2	2	1	1	1	0	0	0	0	0	0	0	0	0	0	0	0	0	0	0,0127	0,0002	206,5060
2022-03-30	20:08:00		60	0	0	0	3	2	0	0	0	0	0	0	0	0	0	0	0	0	0	0	0	0,0111	0,0002	206,5061
2022-03-30	20:09:00		60	1	0	2	2	2	1	1	0	0	0	0	0	0	0	0	0	0	0	0	0	0,0252	0,0004	206,5066
2022-03-30	20:10:00		60	0	5	3	2	1	0	0	0	0	0	0	0	0	0	0	0	0	0	0	0	0,0125	0,0002	206,5068
2022-03-30	20:11:00		60	3	1	3	1	2	1	2	0	0	0	0	0	0	0	0	0	0	0	0	0	0,0344	0,0006	206,5073
2022-03-30	20:12:00		60	0	1	3	3	1	4	4	0	0	0	0	0	0	0	0	0	0	0	0	0	0,0660	0,0011	206,5084
2022-03-30	20:13:00		60	1	1	2	2	2	5	2	0	0	0	0	0	0	0	0	0	0	0	0	0	0,0537	0,0009	206,5093
2022-03-30	20:14:00		60	0	3	1	3	1	2	7	1	0	0	0	0	0	0	0	0	0	0	0	0	0,0965	0,0016	206,5109
2022-03-30	20:15:00		60	3	4	2	7	5	5	5	1	0	0	0	0	0	0	0	0	0	0	0	0	0,1145	0,0019	206,5129
2022-03-30	20:16:00		60	3	2	2	4	8	3	6	1	0	0	0	0	0	0	0	0	0	0	0	0	0,1159	0,0019	206,5148
2022-03-30	20:17:00		60	0	3	4	4	4	2	6	1	0	0	0	0	0	0	0	0	0	0	0	0	0,1014	0,0017	206,5165
2022-03-30	20:18:00		60	1	1	2	5	1	5	1	0	0	0	0	0	0	0	0	0	0	0	0	0	0,0474	0,0008	206,5173
2022-03-30	20:19:00		60	0	1	1	3	3	2	1	3	0	0	0	0	0	0	0	0	0	0	0	0	0,0783	0,0013	206,5186
2022-03-30	20:20:00		60	0	3	6	1	3	4	7	3	0	0	0	0	0	0	0	0	0	0	0	0	0,1432	0,0024	206,5210
2022-03-30	20:21:00		60	0	1	3	4	2	3	0	1	0	0	2	0	0	0	0	0	0	0	0	0	0,1336	0,0022	206,5232
2022-03-30	20:22:00		60	1	3	0	4	3	4	3	0	2	0	0	0	0	0	0	0	0	0	0	0	0,1060	0,0018	206,5249
2022-03-30	20:23:00		60	3	1	0	2	1	2	1	2	1	0	0	0	0	0	0	0	0	0	0	0	0,0773	0,0013	206,5262
2022-03-30	20:24:00		60	1	4	1	3	5	3	0	1	1	2	0	0	0	0	0	0	0	0	0	0	0,1321	0,0022	206,5284
2022-03-30	20:25:00		60	2	1	5	1	2	8	4	0	0	0	0	0	0	0	0	0	0	0	0	0	0,0871	0,0015	206,5299
2022-03-30	20:26:00		60	2	3	1	5	3	2	3	0	1	0	0	0	0	0	0	0	0	0	0	0	0,0781	0,0013	206,5312
2022-03-30	20:27:00		60	0	0	1	3	0	6	4	0	1	0	0	0	0	0	0	0	0	0	0	0	0,0915	0,0015	206,5327
2022-03-30	20:28:00		60	1	1	5	4	2	3	1	0	0	0	0	0	0	0	0	0	0	0	0	0	0,0421	0,0007	206,5334
2022-03-30	20:29:00		60	4	1	5	4	1	3	4	0	0	1	0	0	0	0	0	0	0	0	0	0	0,0953	0,0016	206,5350
2022-03-30	20:30:00		60	0	5	2	2	3	2	5	1	0	0	0	0	0	0	0	0	0	0	0	0	0,0853	0,0014	206,5364
2022-03-30	20:31:00		60	1	2	3	2	1	3	2	0	0	0	0	0	0	0	0	0	0	0	0	0	0,0429	0,0007	206,5371
2022-03-30	20:32:00		60	4	3	3	0	3	0	0	0	0	0	0	0	0	0	0	0	0	0	0	0	0,0147	0,0002	206,5374
2022-03-30	20:33:00		60	2	1	1	2	3	2	2	0	0	0	0	0	0	0	0	0	0	0	0	0	0,0414	0,0007	206,5381
2022-03-30	20:34:00		60	2	3	1	3	2	2	3	0	0	0	0	0	0	0	0	0	0	0	0	0	0,0503	0,0008	206,5389
2022-03-30	20:35:00		60	2	2	4	1	0	3	0	0	0	0	0	1	0	0	0	0	0	0	0	0	0,0945	0,0016	206,5405
2022-03-30	20:36:00		60	1	2	1	1	1	2	0	1	0	0	0	0	0	0	0	0	0	0	0	0	0,0316	0,0005	206,5410
2022-03-30	20:37:00		60	0	0	1	4	1	2	3	0	0	0	0	0	0	0	0	0	0	0	0	0	0,0468	0,0008	206,5418
2022-03-30	20:38:00		60	1	0	0	5	6	2	3	1	2	0	0	0	0	0	0	0	0	0	0	0	0,1199	0,0020	206,5438
2022-03-30	20:39:00		60	2	1	1	3	2	2	2	1	0	1	0	0	0	0	0	0	0	0	0	0	0,0842	0,0014	206,5452
2022-03-30	20:40:00		60	0	3	0	0	1	3	5	2	1	0	0	0	0	0	0	0	0	0	0	0	0,1138	0,0019	206,5471
2022-03-30	20:41:00		60	0	0	5	6	4	1	5	1	0	0	0	0	0	0	0	0	0	0	0	0	0,0907	0,0015	206,5486
2022-03-30	20:42:00		60	1	1	2	8	1	2	3	0	0	0	0	0	0	0	0	0	0	0	0	0	0,0558	0,0009	206,5495
2022-03-30	20:43:00		60	1	1	5	2	2	3	1	1	0	0	1	0	0	0	0	0	0	0	0	0	0,0973	0,0016	206,5512
2022-03-30	20:44:00		60	0	1	4	6	0	1	4	0	0	0	0	0	0	0	0	0	0	0	0	0	0,0552	0,0009	206,5521
2022-03-30	20:45:00		60	2	3	4	4	2	0	2	1	0	0	0	0	0	0	0	0	0	0	0	0	0,0517	0,0009	206,5529
2022-03-30	20:46:00		60	10	0	1	3	4	4	3	0	0	0	0	0	0	0	0	0	0	0	0	0	0,0661	0,0011	206,5540
2022-03-30	20:47:00		60	9	5	2	4	1	3	4	2	0	0	0	0	0	0	0	0	0	0	0	0	0,0966	0,0016	206,5556
2022-03-30	20:48:00		60	3	0	2	2	0	2	0	0	0	0	0	0	0	0	0	0	0	0	0	0	0,0161	0,0003	206,5559
2022-03-30	20:49:00		60	15	4	1	1	4	2	0	0	0	0	0	0	0	0	0	0	0	0	0	0	0,0306	0,0005	206,5564
2022-03-30	20:50:00		60	21	2	3	3	0	2	3	1	1	0	0	0	0	0	0	0	0	0	0	0	0,0878	0,0015	206,5579
2022-03-30	20:51:00		60	2	3	3	5	4	2	2	1	0	0	0	0	0	0	0	0	0	0	0	0	0,0677	0,0011	206,5590
2022-03-30	20:52:00		60	4	3	3	4	5	1	3	0	0	0	0	0	0	0	0	0	0	0	0	0	0,0586	0,0010	206,5600
2022-03-30	20:53:00		60	3	0	0	5	1	2	2	0	0	0	0	0	0	0	0	0	0	0	0	0	0,0397	0,0007	206,5607
2022-03-30	20:54:00		60	12	2	3	6	6	3	3	0	1	0	0	0	0	0	0	0	0	0	0	0	0,0978	0,0016	206,5623
2022-03-30	20:55:00		60	8	1	3	6	1	3	1	1	0	0	0	0	0	0	0	0	0	0	0	0	0,0575	0,0010	206,5632
2022-03-30	20:56:00		60	4	5	3	2	0	3	2	2	0	0	0	0	0	0	0	0	0	0	0	0	0,0723	0,0012	206,5644
2022-03-30	20:57:00		60	6	3	5	2	3	5	1	2	0	0	1	0	0	0	0	0	0	0	0	0	0,1272	0,0021	206,5666
2022-03-30	20:58:00		60	6	5	2	6	1	4	3	2	1	0	0	0	0	0	0	0	0	0	0	0	0,1167	0,0019	206,5685
2022-03-30	20:59:00		60	3	2	4	7	4	3	4	0	0	0	0	0	0	0	0	0	0	0	0	0	0,0795	0,0013	206,5698
2022-03-30	21:00:00		60	6	1	3	9	2	4	1	1	1	1	0	0	0	0	0	0	0	0	0	0	0,1204	0,0020	206,5718
2022-03-30	21:01:00		60	7	3	3	5	2	1	3	1	0	0	1	0	0	0	0	0	0	0	0	0	0,1113	0,0019	206,5737
2022-03-30	21:02:00		60	13	0	3	2	0	3	6	0	0	0	1	0	0	0	0	0	0	0	0	0	0,1211	0,0020	206,5757
2022-03-30	21:03:00		60	14	2	2	4	1	4	2	1	1	0	0	0	0	0	0	0	0	0	0	0	0,0902	0,0015	206,5772
2022-03-30	21:04:00		60	4	1	2	1	2	4	1	1	0	0	1	0	0	0	0	0	0	0	0	0	0,0980	0,0016	206,5789
2022-03-30	21:05:00		60	6	0	0	2	1	7	3	2	0	1	0	0	0	0	0	0	0	0	0	0	0,1265	0,0021	206,5810
2022-03-30	21:06:00		60	5	4	1	1	2	2	3	1	0	0	0	0	0	0	0	0	0	0	0	0	0,0630	0,0010	206,5820
2022-03-30	21:07:00		60	3	5	3	4	1	2	4	0	0	0	0	0	0	0	0	0	0	0	0	0	0,0615	0,0010	206,5830
2022-03-30	21:08:00		60	4	2	2	3	1	1	1	0	0	0	0	0	0	0	0	0	0	0	0	0	0,0262	0,0004	206,5835
2022-03-30	21:09:00		60	1	2	5	3	5	1	5	0	0	0	0	0	0	0	0	0	0	0	0	0	0,0749	0,0012	206,5847
2022-03-30	21:10:00		60	3	6	1	3	0	0	0	0	0	0	0	0	0	0	0	0	0	0	0	0	0,0108	0,0002	206,5849
2022-03-30	21:11:00		60	5	2	2	1	1	1	2	0	0	0	0	0	0	0	0	0	0	0	0	0	0,0316	0,0005	206,5854
2022-03-30	21:12:00		60	3	2	0	2	4	2	1	1	0	0	0	0	0	0	0	0	0	0	0	0	0,0502	0,0008	206,5863
2022-03-30	21:13:00		60	4	1	3	2	1	5	4	0	1	0	0	0	0	0	0	0	0	0	0	0	0,0916	0,0015	206,5878
2022-03-30	21:14:00		60	6	2	1	3	1	2	3	1	0	0	0	0	0	0	0	0	0	0	0	0	0,0628	0,0010	206,5888
2022-03-30	21:15:00		60	6	2	3	2	2	3	1	0	0	0	0	0	0	0	0	0	0	0	0	0	0,0385	0,0006	206,5895
2022-03-30	21:16:00		60	3	1	2	4	2	4	2	1	1	0	0	0	0	0	0	0	0	0	0	0	0,0893	0,0015	206,5910
2022-03-30	21:17:00		60	7	2	5	3	1	5	8	4	0	1	0	0	0	0	0	0	0	0	0	0	0,1987	0,0033	206,5943
2022-03-30	21:18:00		60	4	1	4	3	2	5	2	1	1	0	0	0	0	0	0	0	0	0	0	0	0,0947	0,0016	206,5959
2022-03-30	21:19:00		60	7	2	2	1	3	1	4	0	0	0	0	0	0	0	0	0	0	0	0	0	0,0554	0,0009	206,5968
2022-03-30	21:20:00		60	5	2	2	3	3	5	0	1	0	0	0	0	0	0	0	0	0	0	0	0	0,0574	0,0010	206,5977
2022-03-30	21:21:00		60	12	2	1	4	5	3	4	0	0	0	0	0	0	0	0	0	0	0	0	0	0,0765	0,0013	206,5990
2022-03-30	21:22:00		60	2	0	4	5	3	4	1	0	0	0	0	0	0	0	0	0	0	0	0	0	0,0502	0,0008	206,5998
2022-03-30	21:23:00		60	3	1	2	7	5	0	1	1	0	0	0	0	0	0	0	0	0	0	0	0	0,0539	0,0009	206,6007
2022-03-30	21:24:00		60	3	0	1	2	1	1	1	0	1	0	0	0	0	0	0	0	0	0	0	0	0,0433	0,0007	206,6015
2022-03-30	21:25:00		60	1	4	2	2	4	3	2	0	0	0	0	0	0	0	0	0	0	0	0	0	0,0516	0,0009	206,6023
2022-03-30	21:26:00		60	5	3	2	3	0	2	4	1	0	0	0	0	0	0	0	0	0	0	0	0	0,0700	0,0012	206,6035
2022-03-30	21:27:00		60	7	1	1	1	0	6	4	0	0	0	0	0	0	0	0	0	0	0	0	0	0,0691	0,0012	206,6046
2022-03-30	21:28:00		60	4	0	2	1	5	2	3	0	2	0	0	0	0	0	0	0	0	0	0	0	0,0981	0,0016	206,6063
2022-03-30	21:29:00		60	0	2	2	5	1	5	2	2	1	0	1	0	0	0	0	0	0	0	0	0	0,1514	0,0025	206,6088
2022-03-30	21:30:00		60	15	1	2	4	2	8	2	2	2	0	1	0	0	0	0	0	0	0	0	0	0,1921	0,0032	206,6120
2022-03-30	21:31:00		60	6	1	2	7	5	6	2	0	0	0	0	0	0	0	0	0	0	0	0	0	0,0774	0,0013	206,6133
2022-03-30	21:32:00		60	3	3	2	9	3	2	4	5	1	0	0	0	0	0	0	0	0	0	0	0	0,1694	0,0028	206,6161
2022-03-30	21:33:00		60	1	3	2	4	2	9	8	1	1	0	0	0	0	0	0	0	0	0	0	0	0,1662	0,0028	206,6189
2022-03-30	21:34:00		60	4	5	2	6	4	5	4	1	0	0	0	0	0	0	0	0	0	0	0	0	0,1020	0,0017	206,6206
2022-03-30	21:35:00		60	8	2	2	5	5	6	2	0	0	0	0	0	0	0	0	0	0	0	0	0	0,0750	0,0013	206,6218
2022-03-30	21:36:00		60	29	3	7	7	5	5	2	3	0	0	0	0	0	0	0	0	0	0	0	0	0,1302	0,0022	206,6240
2022-03-30	21:37:00		60	27	5	2	7	3	5	0	1	0	0	0	0	0	0	0	0	0	0	0	0	0,0727	0,0012	206,6252
2022-03-30	21:38:00		60	12	2	3	5	8	3	0	0	0	0	0	0	0	0	0	0	0	0	0	0	0,0541	0,0009	206,6261
2022-03-30	21:39:00		60	21	3	9	2	2	4	2	0	0	0	0	0	0	0	0	0	0	0	0	0	0,0632	0,0011	206,6272
2022-03-30	21:40:00		60	11	5	5	3	4	2	0	0	0	0	0	0	0	0	0	0	0	0	0	0	0,0378	0,0006	206,6278
2022-03-30	21:41:00		60	5	2	10	5	4	0	0	0	0	0	0	0	0	0	0	0	0	0	0	0	0,0335	0,0006	206,6284
2022-03-30	21:42:00		60	9	1	1	4	4	1	0	0	0	0	0	0	0	0	0	0	0	0	0	0	0,0277	0,0005	206,6288
2022-03-30	21:43:00		60	10	7	3	1	1	0	0	0	0	0	0	0	0	0	0	0	0	0	0	0	0,0149	0,0002	206,6291
2022-03-30	21:44:00		60	12	1	3	1	2	1	0	0	0	0	0	0	0	0	0	0	0	0	0	0	0,0195	0,0003	206,6294
2022-03-30	21:45:00		60	8	5	3	2	0	0	0	0	0	0	0	0	0	0	0	0	0	0	0	0	0,0120	0,0002	206,6296
2022-03-30	21:46:00		60	5	2	1	2	0	0	0	0	0	0	0	0	0	0	0	0	0	0	0	0	0,0072	0,0001	206,6297
2022-03-30	21:47:00		60	7	4	0	0	0	0	0	0	0	0	0	0	0	0	0	0	0	0	0	0	0,0044	0,0001	206,6298
2022-03-30	21:48:00		60	6	3	1	0	0	1	0	0	0	0	0	0	0	0	0	0	0	0	0	0	0,0094	0,0002	206,6300
2022-03-30	21:49:00		60	8	0	0	1	0	0	0	0	0	0	0	0	0	0	0	0	0	0	0	0	0,0041	0,0001	206,6300
2022-03-30	21:50:00		60	10	0	0	0	0	0	0	0	0	0	0	0	0	0	0	0	0	0	0	0	0,0029	0,0000	206,6301
2022-03-30	21:51:00		60	33	1	1	2	2	1	0	0	0	0	0	0	0	0	0	0	0	0	0	0	0,0253	0,0004	206,6305
2022-03-30	21:52:00		60	19	1	0	1	2	0	0	1	0	0	0	0	0	0	0	0	0	0	0	0	0,0285	0,0005	206,6310
2022-03-30	21:53:00		60	33	0	3	3	0	0	2	0	0	0	0	0	0	0	0	0	0	0	0	0	0,0355	0,0006	206,6316
2022-03-30	21:54:00		60	22	1	2	3	1	1	0	1	0	0	0	0	0	0	0	0	0	0	0	0	0,0369	0,0006	206,6322
2022-03-30	21:55:00		60	10	2	2	4	0	1	2	1	0	0	0	0	0	0	0	0	0	0	0	0	0,0504	0,0008	206,6330
2022-03-30	21:56:00		60	9	1	2	2	1	1	5	0	0	0	0	0	0	0	0	0	0	0	0	0	0,0602	0,0010	206,6340
2022-03-30	21:57:00		60	9	3	2	4	2	4	2	0	0	0	0	0	0	0	0	0	0	0	0	0	0,0559	0,0009	206,6349
2022-03-30	21:58:00		60	15	6	7	1	2	3	0	0	0	0	0	0	0	0	0	0	0	0	0	0	0,0371	0,0006	206,6356
2022-03-30	21:59:00		60	7	6	3	5	7	0	0	0	0	0	0	0	0	0	0	0	0	0	0	0	0,0378	0,0006	206,6362
2022-03-30	22:00:00		60	11	2	3	1	2	0	0	0	0	0	0	0	0	0	0	0	0	0	0	0	0,0151	0,0003	206,6364
2022-03-30	22:01:00		60	16	2	2	4	1	0	0	0	0	0	0	0	0	0	0	0	0	0	0	0	0,0179	0,0003	206,6367
2022-03-30	22:02:00		60	25	0	1	3	0	0	0	0	0	0	0	0	0	0	0	0	0	0	0	0	0,0136	0,0002	206,6370
2022-03-30	22:03:00		60	27	1	0	5	0	0	0	0	0	0	0	0	0	0	0	0	0	0	0	0	0,0173	0,0003	206,6373
2022-03-30	22:04:00		60	30	1	3	1	1	0	0	0	0	0	0	0	0	0	0	0	0	0	0	0	0,0171	0,0003	206,6375
2022-03-30	22:05:00		60	18	1	1	0	0	0	0	0	0	0	0	0	0	0	0	0	0	0	0	0	0,0069	0,0001	206,6377
2022-03-30	22:06:00		60	8	2	1	0	0	0	0	0	0	0	0	0	0	0	0	0	0	0	0	0	0,0046	0,0001	206,6377
2022-03-30	22:07:00		60	4	1	0	0	0	0	0	1	1	0	0	0	0	0	0	0	0	0	0	0	0,0380	0,0006	206,6384
2022-03-30	22:08:00		60	13	2	0	1	0	0	4	1	1	0	0	0	0	0	0	0	0	0	0	0	0,0779	0,0013	206,6397
2022-03-30	22:09:00		60	11	2	2	0	1	1	4	0	1	0	0	0	0	0	0	0	0	0	0	0	0,0705	0,0012	206,6408
2022-03-30	22:10:00		60	10	0	0	0	0	4	5	0	0	0	0	0	0	0	0	0	0	0	0	0	0,0657	0,0011	206,6419
2022-03-30	22:11:00		60	14	0	0	2	2	6	6	0	0	0	0	0	0	0	0	0	0	0	0	0	0,0945	0,0016	206,6435
2022-03-30	22:12:00		60	22	1	0	1	3	3	3	0	0	0	0	0	0	0	0	0	0	0	0	0	0,0579	0,0010	206,6445
2022-03-30	22:13:00		60	16	0	1	3	4	2	0	0	0	0	0	0	0	0	0	0	0	0	0	0	0,0321	0,0005	206,6450
2022-03-30	22:14:00		60	19	0	2	4	3	0	0	0	0	0	0	0	0	0	0	0	0	0	0	0	0,0234	0,0004	206,6454
2022-03-30	22:15:00		60	27	1	2	4	6	0	0	0	0	0	0	0	0	0	0	0	0	0	0	0	0,0349	0,0006	206,6460
2022-03-30	22:16:00		60	18	1	6	3	0	0	0	0	0	0	0	0	0	0	0	0	0	0	0	0	0,0175	0,0003	206,6463
2022-03-30	22:17:00		60	19	0	4	1	1	1	0	0	0	0	0	0	0	0	0	0	0	0	0	0	0,0192	0,0003	206,6466
2022-03-30	22:18:00		60	22	2	5	3	1	0	0	0	0	0	0	0	0	0	0	0	0	0	0	0	0,0210	0,0004	206,6469
2022-03-30	22:19:00		60	16	3	1	1	0	0	0	0	0	0	0	0	0	0	0	0	0	0	0	0	0,0093	0,0002	206,6471
2022-03-30	22:20:00		60	19	7	1	1	0	0	0	0	0	0	0	0	0	0	0	0	0	0	0	0	0,0125	0,0002	206,6473
2022-03-30	22:21:00		60	23	0	1	0	0	0	0	0	0	0	0	0	0	0	0	0	0	0	0	0	0,0077	0,0001	206,6474
2022-03-30	22:22:00		60	60	0	0	1	1	0	0	0	0	0	0	0	0	0	0	0	0	0	0	0	0,0221	0,0004	206,6478
2022-03-30	22:23:00		60	18	0	2	0	0	0	0	0	0	0	0	0	0	0	0	0	0	0	0	0	0,0073	0,0001	206,6479
2022-03-30	22:24:00		60	26	0	0	0	0	0	0	0	0	0	0	0	0	0	0	0	0	0	0	0	0,0076	0,0001	206,6481
2022-03-30	22:25:00		60	31	0	0	0	1	0	0	0	0	0	0	0	0	0	0	0	0	0	0	0	0,0119	0,0002	206,6483
2022-03-30	22:26:00		60	8	0	0	1	0	0	0	0	0	0	0	0	0	0	0	0	0	0	0	0	0,0041	0,0001	206,6483
2022-03-30	22:27:00		60	5	1	0	0	0	0	0	0	0	0	0	0	0	0	0	0	0	0	0	0	0,0020	0,0000	206,6484
2022-03-30	22:28:00		60	15	0	1	1	0	0	0	0	0	0	0	0	0	0	0	0	0	0	0	0	0,0072	0,0001	206,6485
2022-03-30	22:29:00		60	14	0	0	0	0	0	0	0	0	0	0	0	0	0	0	0	0	0	0	0	0,0041	0,0001	206,6485
2022-03-30	22:30:00		60	14	0	1	0	1	0	0	0	0	0	0	0	0	0	0	0	0	0	0	0	0,0080	0,0001	206,6487
2022-03-30	22:31:00		60	9	0	0	0	0	0	0	0	0	0	0	0	0	0	0	0	0	0	0	0	0,0026	0,0000	206,6487
2022-03-30	22:32:00		60	10	1	0	0	0	0	0	0	0	0	0	0	0	0	0	0	0	0	0	0	0,0035	0,0001	206,6488
2022-03-30	22:33:00		60	4	0	0	0	0	0	0	0	0	0	0	0	0	0	0	0	0	0	0	0	0,0012	0,0000	206,6488
2022-03-30	22:34:00		60	4	0	0	0	0	0	0	0	0	0	0	0	0	0	0	0	0	0	0	0	0,0012	0,0000	206,6488
2022-03-30	22:35:00		60	12	0	0	0	0	0	0	0	0	0	0	0	0	0	0	0	0	0	0	0	0,0035	0,0001	206,6489
2022-03-30	22:36:00		60	5	0	0	0	0	0	0	0	0	0	0	0	0	0	0	0	0	0	0	0	0,0015	0,0000	206,6489
2022-03-30	22:37:00		60	0	0	0	0	0	0	0	0	0	0	0	0	0	0	0	0	0	0	0	0	0,0000	0,0000	206,6489
2022-03-30	22:38:00		60	0	0	0	0	0	0	0	0	0	0	0	0	0	0	0	0	0	0	0	0	0,0000	0,0000	206,6489
2022-03-30	22:39:00		60	0	0	0	0	0	0	0	0	0	0	0	0	0	0	0	0	0	0	0	0	0,0000	0,0000	206,6489
2022-03-30	22:40:00		60	0	0	0	0	0	0	0	0	0	0	0	0	0	0	0	0	0	0	0	0	0,0000	0,0000	206,6489
2022-03-30	22:41:00		60	0	0	0	0	0	0	0	0	0	0	0	0	0	0	0	0	0	0	0	0	0,0000	0,0000	206,6489
2022-03-30	22:42:00		60	0	0	0	0	0	0	0	0	0	0	0	0	0	0	0	0	0	0	0	0	0,0000	0,0000	206,6489
2022-03-30	22:43:00		60	0	0	0	0	0	0	0	0	0	0	0	0	0	0	0	0	0	0	0	0	0,0000	0,0000	206,6489
2022-03-30	22:44:00		60	0	0	0	0	0	0	0	0	0	0	0	0	0	0	0	0	0	0	0	0	0,0000	0,0000	206,6489
2022-03-30	22:45:00		60	0	0	0	0	0	0	0	0	0	0	0	0	0	0	0	0	0	0	0	0	0,0000	0,0000	206,6489
2022-03-30	22:46:00		60	0	0	0	0	0	0	0	0	0	0	0	0	0	0	0	0	0	0	0	0	0,0000	0,0000	206,6489
2022-03-30	22:47:00		60	0	0	0	0	0	0	0	0	0	0	0	0	0	0	0	0	0	0	0	0	0,0000	0,0000	206,6489
2022-03-30	22:48:00		60	0	0	0	0	0	0	0	0	0	0	0	0	0	0	0	0	0	0	0	0	0,0000	0,0000	206,6489
2022-03-30	22:49:00		60	0	0	0	0	0	0	0	0	0	0	0	0	0	0	0	0	0	0	0	0	0,0000	0,0000	206,6489
2022-03-30	22:50:00		60	0	0	0	0	0	0	0	0	0	0	0	0	0	0	0	0	0	0	0	0	0,0000	0,0000	206,6489
2022-03-30	22:51:00		60	0	0	0	0	0	0	0	0	0	0	0	0	0	0	0	0	0	0	0	0	0,0000	0,0000	206,6489
2022-03-30	22:52:00		60	0	0	0	0	0	0	0	0	0	0	0	0	0	0	0	0	0	0	0	0	0,0000	0,0000	206,6489
2022-03-30	22:53:00		60	0	0	0	0	0	0	0	0	0	0	0	0	0	0	0	0	0	0	0	0	0,0000	0,0000	206,6489
2022-03-30	22:54:00		60	0	0	0	0	0	0	0	0	0	0	0	0	0	0	0	0	0	0	0	0	0,0000	0,0000	206,6489
2022-03-30	22:55:00		60	0	0	0	0	0	0	0	0	0	0	0	0	0	0	0	0	0	0	0	0	0,0000	0,0000	206,6489
2022-03-30	22:56:00		60	0	0	0	0	1	0	0	0	0	0	0	0	0	0	0	0	0	0	0	0	0,0029	0,0000	206,6489
2022-03-30	22:57:00		60	0	0	1	0	0	0	0	0	0	0	0	0	0	0	0	0	0	0	0	0	0,0011	0,0000	206,6490
2022-03-30	22:58:00		60	0	0	0	0	0	0	0	0	0	0	0	0	0	0	0	0	0	0	0	0	0,0000	0,0000	206,6490
2022-03-30	22:59:00		60	0	0	0	1	0	1	0	0	0	0	0	0	0	0	0	0	0	0	0	0	0,0066	0,0001	206,6491
2022-03-30	23:00:00		60	0	1	0	1	0	0	0	0	0	0	0	0	0	0	0	0	0	0	0	0	0,0024	0,0000	206,6491
2022-03-30	23:01:00		60	0	0	1	1	1	0	0	0	0	0	0	0	0	0	0	0	0	0	0	0	0,0057	0,0001	206,6492
2022-03-30	23:02:00		60	0	0	2	0	0	2	0	0	0	0	0	0	0	0	0	0	0	0	0	0	0,0117	0,0002	206,6494
2022-03-30	23:03:00		60	1	1	0	3	0	1	0	0	0	0	0	0	0	0	0	0	0	0	0	0	0,0110	0,0002	206,6496
2022-03-30	23:04:00		60	3	1	1	2	3	3	0	0	0	0	0	0	0	0	0	0	0	0	0	0	0,0290	0,0005	206,6501
2022-03-30	23:05:00		60	4	0	1	5	2	3	4	0	0	0	0	0	0	0	0	0	0	0	0	0	0,0661	0,0011	206,6512
2022-03-30	23:06:00		60	1	0	2	2	1	2	2	1	0	0	0	0	0	0	0	0	0	0	0	0	0,0507	0,0008	206,6520
2022-03-30	23:07:00		60	0	3	0	6	1	1	2	0	0	0	0	0	0	0	0	0	0	0	0	0	0,0375	0,0006	206,6526
2022-03-30	23:08:00		60	0	3	5	3	3	8	2	2	0	0	0	0	0	0	0	0	0	0	0	0	0,1063	0,0018	206,6544
2022-03-30	23:09:00		60	5	2	4	6	6	12	1	0	0	0	0	0	0	0	0	0	0	0	0	0	0,1009	0,0017	206,6561
2022-03-30	23:10:00		60	7	4	1	6	7	7	5	0	0	1	0	0	0	0	0	0	0	0	0	0	0,1424	0,0024	206,6585
2022-03-30	23:11:00		60	5	2	5	11	10	7	3	2	4	1	3	0	0	0	0	0	0	0	0	0	0,3921	0,0065	206,6650
2022-03-30	23:12:00		60	4	5	4	11	7	5	4	3	0	2	2	0	1	0	0	0	0	0	0	0	0,4055	0,0068	206,6718
2022-03-30	23:13:00		60	3	8	6	4	5	6	6	4	2	3	1	1	0	0	0	0	0	0	0	0	0,4200	0,0070	206,6788
2022-03-30	23:14:00		60	7	6	6	7	7	7	6	7	1	2	2	0	0	0	0	0	0	0	0	0	0,4013	0,0067	206,6855
2022-03-30	23:15:00		60	2	2	3	8	6	9	5	5	2	3	0	0	0	1	0	0	0	0	0	0	0,4755	0,0079	206,6934
2022-03-30	23:16:00		60	2	4	6	7	4	9	7	1	1	0	1	0	0	0	0	0	0	0	0	0	0,2176	0,0036	206,6970
2022-03-30	23:17:00		60	14	6	3	6	6	5	6	2	2	3	3	2	1	0	0	0	0	0	0	0	0,6596	0,0110	206,7080
2022-03-30	23:18:00		60	6	7	10	5	2	6	6	8	4	2	3	1	0	0	0	0	0	0	0	0	0,5787	0,0096	206,7176
2022-03-30	23:19:00		60	8	13	7	6	8	9	11	16	2	0	4	2	0	0	0	0	0	0	0	0	0,7907	0,0132	206,7308
2022-03-30	23:20:00		60	6	8	4	3	4	9	16	9	3	3	3	2	0	0	0	0	0	0	0	0	0,7716	0,0129	206,7437
2022-03-30	23:21:00		60	5	9	1	3	6	9	22	6	0	2	1	0	0	0	0	0	0	0	0	0	0,4564	0,0076	206,7513
2022-03-30	23:22:00		60	1	3	2	3	8	5	11	6	2	0	0	0	0	0	0	0	0	0	0	0	0,2843	0,0047	206,7560
2022-03-30	23:23:00		60	3	2	0	7	5	11	7	1	1	0	0	0	0	0	0	0	0	0	0	0	0,1789	0,0030	206,7590
2022-03-30	23:24:00		60	0	1	0	4	8	14	3	1	0	0	0	0	0	0	0	0	0	0	0	0	0,1387	0,0023	206,7613
2022-03-30	23:25:00		60	0	0	1	10	7	9	1	0	0	0	0	0	0	0	0	0	0	0	0	0	0,0907	0,0015	206,7628
2022-03-30	23:26:00		60	0	1	1	8	6	3	0	0	0	0	0	0	0	0	0	0	0	0	0	0	0,0475	0,0008	206,7636
2022-03-30	23:27:00		60	0	0	4	11	2	0	0	0	0	0	0	0	0	0	0	0	0	0	0	0	0,0295	0,0005	206,7641
2022-03-30	23:28:00		60	1	6	7	11	4	0	0	0	0	0	0	0	0	0	0	0	0	0	0	0	0,0422	0,0007	206,7648
2022-03-30	23:29:00		60	0	5	7	4	0	0	0	0	0	0	0	0	0	0	0	0	0	0	0	0	0,0174	0,0003	206,7651
2022-03-30	23:30:00		60	0	3	9	0	0	0	0	0	0	0	0	0	0	0	0	0	0	0	0	0	0,0112	0,0002	206,7653
2022-03-30	23:31:00		60	3	2	3	1	0	0	0	0	0	0	0	0	0	0	0	0	0	0	0	0	0,0070	0,0001	206,7654
2022-03-30	23:32:00		60	2	6	3	1	0	0	0	0	0	0	0	0	0	0	0	0	0	0	0	0	0,0091	0,0002	206,7656
2022-03-30	23:33:00		60	0	5	0	1	0	0	0	0	0	0	0	0	0	0	0	0	0	0	0	0	0,0047	0,0001	206,7656
2022-03-30	23:34:00		60	0	0	0	0	0	0	0	0	0	0	0	0	0	0	0	0	0	0	0	0	0,0000	0,0000	206,7656
2022-03-30	23:35:00		60	0	0	0	0	0	0	0	0	0	0	0	0	0	0	0	0	0	0	0	0	0,0000	0,0000	206,7656
2022-03-30	23:36:00		60	0	0	0	0	0	0	0	0	0	0	0	0	0	0	0	0	0	0	0	0	0,0000	0,0000	206,7656
2022-03-30	23:37:00		60	0	0	0	0	0	0	0	0	0	0	0	0	0	0	0	0	0	0	0	0	0,0000	0,0000	206,7656
2022-03-30	23:38:00		60	0	0	0	0	0	0	0	0	0	0	0	0	0	0	0	0	0	0	0	0	0,0000	0,0000	206,7656
2022-03-30	23:39:00		60	0	0	0	0	0	0	0	0	0	0	0	0	0	0	0	0	0	0	0	0	0,0000	0,0000	206,7656
2022-03-30	23:40:00		60	0	0	0	0	0	0	0	0	0	0	0	0	0	0	0	0	0	0	0	0	0,0000	0,0000	206,7656
2022-03-30	23:41:00		60	0	0	0	0	0	0	0	0	0	0	0	0	0	0	0	0	0	0	0	0	0,0000	0,0000	206,7656
2022-03-30	23:42:00		60	0	0	0	0	0	0	0	0	0	0	0	0	0	0	0	0	0	0	0	0	0,0000	0,0000	206,7656
2022-03-30	23:43:00		60	0	0	0	0	0	0	0	0	0	0	0	0	0	0	0	0	0	0	0	0	0,0000	0,0000	206,7656
2022-03-30	23:44:00		60	0	0	0	0	0	0	0	0	0	0	0	0	0	0	0	0	0	0	0	0	0,0000	0,0000	206,7656
2022-03-30	23:45:00		60	0	0	0	0	0	0	0	0	0	0	0	0	0	0	0	0	0	0	0	0	0,0000	0,0000	206,7656
2022-03-30	23:46:00		60	0	0	0	0	1	0	0	0	0	0	0	0	0	0	0	0	0	0	0	0	0,0029	0,0000	206,7657
2022-03-30	23:47:00		60	0	0	0	0	0	0	0	0	0	0	0	0	0	0	0	0	0	0	0	0	0,0000	0,0000	206,7657
2022-03-30	23:48:00		60	0	0	0	0	0	0	0	0	0	0	0	0	0	0	0	0	0	0	0	0	0,0000	0,0000	206,7657
2022-03-30	23:49:00		60	0	0	0	0	0	0	0	0	0	0	0	0	0	0	0	0	0	0	0	0	0,0000	0,0000	206,7657
2022-03-30	23:50:00		60	0	0	0	0	0	0	0	0	0	0	0	0	0	0	0	0	0	0	0	0	0,0000	0,0000	206,7657
2022-03-30	23:51:00		60	0	0	0	0	0	0	0	0	0	0	0	0	0	0	0	0	0	0	0	0	0,0000	0,0000	206,7657
2022-03-30	23:52:00		60	0	0	0	0	0	0	0	0	0	0	0	0	0	0	0	0	0	0	0	0	0,0000	0,0000	206,7657
2022-03-30	23:53:00		60	0	0	0	0	0	0	0	0	0	0	0	0	0	0	0	0	0	0	0	0	0,0000	0,0000	206,7657
2022-03-30	23:54:00		60	0	0	0	0	0	0	0	0	0	0	0	0	0	0	0	0	0	0	0	0	0,0000	0,0000	206,7657
2022-03-30	23:55:00		60	0	0	0	0	0	0	0	0	0	0	0	0	0	0	0	0	0	0	0	0	0,0000	0,0000	206,7657
2022-03-30	23:56:00		60	0	0	0	0	0	0	0	0	0	0	0	0	0	0	0	0	0	0	0	0	0,0000	0,0000	206,7657
2022-03-30	23:57:00		60	0	0	0	0	0	0	0	0	0	0	0	0	0	0	0	0	0	0	0	0	0,0000	0,0000	206,7657
2022-03-30	23:58:00		60	0	0	0	0	0	0	0	0	0	0	0	0	0	0	0	0	0	0	0	0	0,0000	0,0000	206,7657
2022-03-30	23:59:00		60	5	0	0	0	0	0	0	0	0	0	0	0	0	0	0	0	0	0	0	0	0,0015	0,0000	206,7657
2022-03-31	00:00:00		60	0	0	0	0	0	0	0	0	0	0	0	0	0	0	0	0	0	0	0	0	0,0000	0,0000	206,7657
2022-03-31	00:01:00		60	7	0	0	0	0	0	0	0	0	0	0	0	0	0	0	0	0	0	0	0	0,0020	0,0000	206,7657
2022-03-31	00:02:00		60	7	0	0	0	0	0	0	0	0	0	0	0	0	0	0	0	0	0	0	0	0,0020	0,0000	206,7658
2022-03-31	00:03:00		60	0	0	0	0	0	0	0	0	0	0	0	0	0	0	0	0	0	0	0	0	0,0000	0,0000	206,7658
2022-03-31	00:04:00		60	0	0	0	0	0	0	0	0	0	0	0	0	0	0	0	0	0	0	0	0	0,0000	0,0000	206,7658
2022-03-31	00:05:00		60	0	0	0	0	0	0	0	0	0	0	0	0	0	0	0	0	0	0	0	0	0,0000	0,0000	206,7658
2022-03-31	00:06:00		60	2	0	0	0	0	1	0	0	0	0	0	0	0	0	0	0	0	0	0	0	0,0054	0,0001	206,7659
2022-03-31	00:07:00		60	1	0	0	1	1	1	2	0	0	0	0	0	0	0	0	0	0	0	0	0	0,0272	0,0005	206,7663
2022-03-31	00:08:00		60	2	0	0	6	0	1	3	0	0	0	0	0	0	0	0	0	0	0	0	0	0,0422	0,0007	206,7670
2022-03-31	00:09:00		60	1	0	0	21	2	5	0	0	0	0	0	0	0	0	0	0	0	0	0	0	0,0672	0,0011	206,7681
2022-03-31	00:10:00		60	1	1	8	21	2	1	1	0	0	0	0	0	0	0	0	0	0	0	0	0	0,0658	0,0011	206,7692
2022-03-31	00:11:00		60	1	3	30	6	3	0	0	0	0	0	0	0	0	0	0	0	0	0	0	0	0,0529	0,0009	206,7701
2022-03-31	00:12:00		60	0	2	30	2	3	1	0	0	0	0	0	0	0	0	0	0	0	0	0	0	0,0497	0,0008	206,7710
2022-03-31	00:13:00		60	0	7	8	0	0	0	0	0	0	0	0	0	0	0	0	0	0	0	0	0	0,0126	0,0002	206,7712
2022-03-31	00:14:00		60	3	6	2	4	0	0	0	0	0	0	0	0	0	0	0	0	0	0	0	0	0,0136	0,0002	206,7714
2022-03-31	00:15:00		60	5	1	2	0	1	0	0	0	0	0	0	0	0	0	0	0	0	0	0	0	0,0070	0,0001	206,7715
2022-03-31	00:16:00		60	5	4	1	0	1	0	0	0	0	0	0	0	0	0	0	0	0	0	0	0	0,0078	0,0001	206,7716
2022-03-31	00:17:00		60	4	2	2	0	0	0	2	1	0	0	0	0	0	0	0	0	0	0	0	0	0,0367	0,0006	206,7722
2022-03-31	00:18:00		60	3	4	1	1	0	0	4	0	0	0	0	0	0	0	0	0	0	0	0	0	0,0410	0,0007	206,7729
2022-03-31	00:19:00		60	1	0	1	6	0	0	1	0	0	0	0	0	0	0	0	0	0	0	0	0	0,0207	0,0003	206,7733
2022-03-31	00:20:00		60	2	3	2	0	0	2	0	0	0	0	0	0	0	0	0	0	0	0	0	0	0,0140	0,0002	206,7735
2022-03-31	00:21:00		60	1	3	6	5	0	3	1	0	0	0	0	0	0	0	0	0	0	0	0	0	0,0403	0,0007	206,7742
2022-03-31	00:22:00		60	2	3	12	3	3	1	1	0	0	0	0	0	0	0	0	0	0	0	0	0	0,0424	0,0007	206,7749
2022-03-31	00:23:00		60	1	9	11	2	0	1	0	0	0	0	0	0	0	0	0	0	0	0	0	0	0,0255	0,0004	206,7753
2022-03-31	00:24:00		60	2	11	9	1	6	0	0	0	0	0	0	0	0	0	0	0	0	0	0	0	0,0356	0,0006	206,7759
2022-03-31	00:25:00		60	7	8	7	6	1	0	0	0	0	0	0	0	0	0	0	0	0	0	0	0	0,0276	0,0005	206,7764
2022-03-31	00:26:00		60	5	12	5	5	0	0	0	0	0	0	0	0	0	0	0	0	0	0	0	0	0,0227	0,0004	206,7767
2022-03-31	00:27:00		60	6	10	5	5	0	0	0	0	0	0	0	0	0	0	0	0	0	0	0	0	0,0218	0,0004	206,7771
2022-03-31	00:28:00		60	3	9	3	1	0	0	0	1	0	0	0	0	0	0	0	0	0	0	0	0	0,0259	0,0004	206,7775
2022-03-31	00:29:00		60	4	10	5	1	0	0	2	0	2	0	1	0	0	0	0	0	0	0	0	0	0,1184	0,0020	206,7795
2022-03-31	00:30:00		60	9	9	5	1	0	1	7	3	1	0	0	0	0	0	0	0	0	0	0	0	0,1468	0,0024	206,7820
2022-03-31	00:31:00		60	1	7	5	0	0	4	4	0	1	0	0	0	0	0	0	0	0	0	0	0	0,0852	0,0014	206,7834
2022-03-31	00:32:00		60	3	4	2	1	2	9	6	1	0	0	0	0	0	0	0	0	0	0	0	0	0,1231	0,0021	206,7854
2022-03-31	00:33:00		60	2	2	0	1	3	12	9	0	0	0	0	0	0	0	0	0	0	0	0	0	0,1482	0,0025	206,7879
2022-03-31	00:34:00		60	1	1	1	1	4	6	2	0	0	0	0	0	0	0	0	0	0	0	0	0	0,0614	0,0010	206,7889
2022-03-31	00:35:00		60	0	4	0	3	3	4	1	0	0	0	0	0	0	0	0	0	0	0	0	0	0,0442	0,0007	206,7897
2022-03-31	00:36:00		60	0	0	1	1	2	8	0	0	0	0	0	0	0	0	0	0	0	0	0	0	0,0468	0,0008	206,7904
2022-03-31	00:37:00		60	2	3	0	0	2	1	0	0	0	0	0	0	0	0	0	0	0	0	0	0	0,0129	0,0002	206,7907
2022-03-31	00:38:00		60	0	0	0	0	0	0	0	0	0	0	0	0	0	0	0	0	0	0	0	0	0,0000	0,0000	206,7907
2022-03-31	00:39:00		60	1	1	0	0	1	0	0	0	0	0	0	0	0	0	0	0	0	0	0	0	0,0038	0,0001	206,7907
2022-03-31	00:40:00		60	0	0	0	0	0	0	0	0	0	0	0	0	0	0	0	0	0	0	0	0	0,0000	0,0000	206,7907
2022-03-31	00:41:00		60	0	0	0	0	0	0	0	0	0	0	0	0	0	0	0	0	0	0	0	0	0,0000	0,0000	206,7907
2022-03-31	00:42:00		60	0	0	0	0	0	0	0	0	0	0	0	0	0	0	0	0	0	0	0	0	0,0000	0,0000	206,7907
2022-03-31	00:43:00		60	0	0	0	0	0	0	0	0	0	0	0	0	0	0	0	0	0	0	0	0	0,0000	0,0000	206,7907
2022-03-31	00:44:00		60	0	0	0	0	0	0	0	0	0	0	0	0	0	0	0	0	0	0	0	0	0,0000	0,0000	206,7907
2022-03-31	00:45:00		60	0	0	1	0	0	0	0	0	0	0	0	0	0	0	0	0	0	0	0	0	0,0011	0,0000	206,7907
2022-03-31	00:46:00		60	0	0	1	0	0	0	0	0	0	0	0	0	0	0	0	0	0	0	0	0	0,0011	0,0000	206,7908
2022-03-31	00:47:00		60	0	0	0	0	0	0	0	0	0	0	0	0	0	0	0	0	0	0	0	0	0,0000	0,0000	206,7908
2022-03-31	00:48:00		60	0	0	0	0	0	0	0	0	0	0	0	0	0	0	0	0	0	0	0	0	0,0000	0,0000	206,7908
2022-03-31	00:49:00		60	0	0	0	0	0	0	0	0	0	0	0	0	0	0	0	0	0	0	0	0	0,0000	0,0000	206,7908
2022-03-31	00:50:00		60	0	0	0	0	0	0	0	0	0	0	0	0	0	0	0	0	0	0	0	0	0,0000	0,0000	206,7908
2022-03-31	00:51:00		60	0	0	0	0	0	0	0	0	0	0	0	0	0	0	0	0	0	0	0	0	0,0000	0,0000	206,7908
2022-03-31	00:52:00		60	0	0	0	0	0	0	0	0	0	0	0	0	0	0	0	0	0	0	0	0	0,0000	0,0000	206,7908
2022-03-31	00:53:00		60	0	0	0	0	0	0	0	0	0	0	0	0	0	0	0	0	0	0	0	0	0,0000	0,0000	206,7908
2022-03-31	00:54:00		60	0	0	0	0	0	0	0	0	0	0	0	0	0	0	0	0	0	0	0	0	0,0000	0,0000	206,7908
2022-03-31	00:55:00		60	0	0	0	0	0	0	0	0	0	0	0	0	0	0	0	0	0	0	0	0	0,0000	0,0000	206,7908
2022-03-31	00:56:00		60	0	0	0	0	0	0	0	0	0	0	0	0	0	0	0	0	0	0	0	0	0,0000	0,0000	206,7908
2022-03-31	00:57:00		60	0	0	0	0	0	0	0	0	0	0	0	0	0	0	0	0	0	0	0	0	0,0000	0,0000	206,7908
2022-03-31	00:58:00		60	0	0	0	0	0	0	0	0	0	0	0	0	0	0	0	0	0	0	0	0	0,0000	0,0000	206,7908
2022-03-31	00:59:00		60	6	0	0	0	0	0	0	0	0	0	0	0	0	0	0	0	0	0	0	0	0,0017	0,0000	206,7908
2022-03-31	01:00:00		60	0	0	0	0	0	0	0	0	0	0	0	0	0	0	0	0	0	0	0	0	0,0000	0,0000	206,7908
2022-03-31	01:01:00		60	0	0	0	0	0	0	0	0	0	0	0	0	0	0	0	0	0	0	0	0	0,0000	0,0000	206,7908
2022-03-31	01:02:00		60	0	0	0	0	0	0	0	0	0	0	0	0	0	0	0	0	0	0	0	0	0,0000	0,0000	206,7908
2022-03-31	01:03:00		60	0	0	0	0	0	0	0	0	0	0	0	0	0	0	0	0	0	0	0	0	0,0000	0,0000	206,7908
2022-03-31	01:04:00		60	0	0	0	0	0	0	0	0	0	0	0	0	0	0	0	0	0	0	0	0	0,0000	0,0000	206,7908
2022-03-31	01:05:00		60	0	0	0	0	0	0	0	0	0	0	0	0	0	0	0	0	0	0	0	0	0,0000	0,0000	206,7908
2022-03-31	01:06:00		60	0	0	0	0	0	0	0	0	0	0	0	0	0	0	0	0	0	0	0	0	0,0000	0,0000	206,7908
2022-03-31	01:07:00		60	0	0	0	0	0	0	0	0	0	0	0	0	0	0	0	0	0	0	0	0	0,0000	0,0000	206,7908
2022-03-31	01:08:00		60	0	0	0	0	0	0	0	0	0	0	0	0	0	0	0	0	0	0	0	0	0,0000	0,0000	206,7908
2022-03-31	01:09:00		60	0	0	0	0	0	0	0	0	0	0	0	0	0	0	0	0	0	0	0	0	0,0000	0,0000	206,7908
2022-03-31	01:10:00		60	0	0	0	0	0	0	0	0	0	0	0	0	0	0	0	0	0	0	0	0	0,0000	0,0000	206,7908
2022-03-31	01:11:00		60	0	0	0	0	0	0	0	0	0	0	0	0	0	0	0	0	0	0	0	0	0,0000	0,0000	206,7908
2022-03-31	01:12:00		60	0	0	0	0	0	0	0	0	0	0	0	0	0	0	0	0	0	0	0	0	0,0000	0,0000	206,7908
2022-03-31	01:13:00		60	0	0	0	0	0	0	0	0	0	0	0	0	0	0	0	0	0	0	0	0	0,0000	0,0000	206,7908
2022-03-31	01:14:00		60	0	0	0	0	0	0	1	0	0	0	0	0	0	0	0	0	0	0	0	0	0,0087	0,0001	206,7909
2022-03-31	01:15:00		60	0	0	0	0	0	0	0	0	0	0	0	0	0	0	0	0	0	0	0	0	0,0000	0,0000	206,7909
2022-03-31	01:16:00		60	0	0	0	0	0	0	0	0	0	0	0	0	0	0	0	0	0	0	0	0	0,0000	0,0000	206,7909
2022-03-31	01:17:00		60	0	0	0	0	0	0	0	0	0	0	0	0	0	0	0	0	0	0	0	0	0,0000	0,0000	206,7909
2022-03-31	01:18:00		60	0	0	0	0	0	0	0	0	0	0	0	0	0	0	0	0	0	0	0	0	0,0000	0,0000	206,7909
2022-03-31	01:19:00		60	0	0	2	0	1	0	0	0	0	0	0	0	0	0	0	0	0	0	0	0	0,0050	0,0001	206,7910
2022-03-31	01:20:00		60	2	0	1	0	2	0	0	0	0	0	0	0	0	0	0	0	0	0	0	0	0,0074	0,0001	206,7911
2022-03-31	01:21:00		60	1	1	1	0	0	0	0	0	0	0	0	0	0	0	0	0	0	0	0	0	0,0019	0,0000	206,7912
2022-03-31	01:22:00		60	1	0	0	0	1	0	0	0	0	0	0	0	0	0	0	0	0	0	0	0	0,0032	0,0001	206,7912
2022-03-31	01:23:00		60	1	0	0	1	1	0	0	0	0	0	0	0	0	0	0	0	0	0	0	0	0,0049	0,0001	206,7913
2022-03-31	01:24:00		60	2	0	1	0	0	0	0	0	0	0	0	0	0	0	0	0	0	0	0	0	0,0016	0,0000	206,7913
2022-03-31	01:25:00		60	0	0	0	0	0	0	0	0	0	0	0	0	0	0	0	0	0	0	0	0	0,0000	0,0000	206,7913
2022-03-31	01:26:00		60	1	0	0	1	0	0	0	0	0	0	0	0	0	0	0	0	0	0	0	0	0,0021	0,0000	206,7914
2022-03-31	01:27:00		60	0	0	0	2	0	0	0	0	0	0	0	0	0	0	0	0	0	0	0	0	0,0035	0,0001	206,7914
2022-03-31	01:28:00		60	0	0	0	0	0	0	0	0	0	0	0	0	0	0	0	0	0	0	0	0	0,0000	0,0000	206,7914
2022-03-31	01:29:00		60	1	0	1	1	0	0	0	0	0	0	0	0	0	0	0	0	0	0	0	0	0,0031	0,0001	206,7915
2022-03-31	01:30:00		60	0	0	2	0	0	0	0	0	0	0	0	0	0	0	0	0	0	0	0	0	0,0021	0,0000	206,7915
2022-03-31	01:31:00		60	0	2	1	1	0	0	0	0	0	0	0	0	0	0	0	0	0	0	0	0	0,0040	0,0001	206,7916
2022-03-31	01:32:00		60	0	0	2	1	0	0	0	0	0	0	0	0	0	0	0	0	0	0	0	0	0,0039	0,0001	206,7916
2022-03-31	01:33:00		60	0	2	1	0	1	0	0	0	0	0	0	0	0	0	0	0	0	0	0	0	0,0051	0,0001	206,7917
2022-03-31	01:34:00		60	0	6	0	0	1	0	0	0	0	0	0	0	0	0	0	0	0	0	0	0	0,0064	0,0001	206,7918
2022-03-31	01:35:00		60	4	3	1	0	1	1	0	0	0	0	0	0	0	0	0	0	0	0	0	0	0,0117	0,0002	206,7920
2022-03-31	01:36:00		60	5	5	2	0	1	0	0	0	0	0	0	0	0	0	0	0	0	0	0	0	0,0094	0,0002	206,7922
2022-03-31	01:37:00		60	3	1	1	0	0	0	0	0	0	0	0	0	0	0	0	0	0	0	0	0	0,0025	0,0000	206,7922
2022-03-31	01:38:00		60	4	4	0	0	0	0	0	0	0	0	0	0	0	0	0	0	0	0	0	0	0,0035	0,0001	206,7923
2022-03-31	01:39:00		60	0	0	0	0	0	0	0	0	0	0	0	0	0	0	0	0	0	0	0	0	0,0000	0,0000	206,7923
2022-03-31	01:40:00		60	4	0	0	0	0	0	0	0	0	0	0	0	0	0	0	0	0	0	0	0	0,0012	0,0000	206,7923
2022-03-31	01:41:00		60	3	0	1	1	0	0	0	0	0	0	0	0	0	0	0	0	0	0	0	0	0,0037	0,0001	206,7924
2022-03-31	01:42:00		60	0	0	0	0	0	0	0	0	0	0	0	0	0	0	0	0	0	0	0	0	0,0000	0,0000	206,7924
2022-03-31	01:43:00		60	0	0	0	0	0	0	0	0	0	0	0	0	0	0	0	0	0	0	0	0	0,0000	0,0000	206,7924
2022-03-31	01:44:00		60	0	0	0	0	0	0	0	0	0	0	0	0	0	0	0	0	0	0	0	0	0,0000	0,0000	206,7924
2022-03-31	01:45:00		60	0	0	0	0	0	0	0	0	0	0	0	0	0	0	0	0	0	0	0	0	0,0000	0,0000	206,7924
2022-03-31	01:46:00		60	0	0	0	0	0	0	0	0	0	0	0	0	0	0	0	0	0	0	0	0	0,0000	0,0000	206,7924
2022-03-31	01:47:00		60	0	0	0	0	0	0	0	0	0	0	0	0	0	0	0	0	0	0	0	0	0,0000	0,0000	206,7924
2022-03-31	01:48:00		60	1	0	0	0	1	0	0	0	0	0	0	0	0	0	0	0	0	0	0	0	0,0032	0,0001	206,7924
2022-03-31	01:49:00		60	2	0	0	0	1	0	0	0	0	0	0	0	0	0	0	0	0	0	0	0	0,0035	0,0001	206,7925
2022-03-31	01:50:00		60	0	0	0	0	0	1	0	0	0	0	0	0	0	0	0	0	0	0	0	0	0,0048	0,0001	206,7926
2022-03-31	01:51:00		60	1	0	4	0	0	1	0	0	0	0	0	0	0	0	0	0	0	0	0	0	0,0093	0,0002	206,7927
2022-03-31	01:52:00		60	2	2	1	0	2	0	1	0	0	0	0	0	0	0	0	0	0	0	0	0	0,0173	0,0003	206,7930
2022-03-31	01:53:00		60	2	0	3	1	2	4	1	0	0	0	0	0	0	0	0	0	0	0	0	0	0,0391	0,0007	206,7937
2022-03-31	01:54:00		60	3	1	1	2	2	0	3	0	0	0	0	0	0	0	0	0	0	0	0	0	0,0380	0,0006	206,7943
2022-03-31	01:55:00		60	1	3	4	0	3	6	1	0	0	0	0	0	0	0	0	0	0	0	0	0	0,0523	0,0009	206,7952
2022-03-31	01:56:00		60	1	1	4	7	4	2	1	0	0	0	0	0	0	0	0	0	0	0	0	0	0,0473	0,0008	206,7960
2022-03-31	01:57:00		60	3	4	1	7	8	6	0	0	0	0	0	0	0	0	0	0	0	0	0	0	0,0684	0,0011	206,7971
2022-03-31	01:58:00		60	3	2	4	5	2	1	1	0	0	0	0	0	0	0	0	0	0	0	0	0	0,0344	0,0006	206,7977
2022-03-31	01:59:00		60	13	2	1	6	5	1	0	0	0	0	0	0	0	0	0	0	0	0	0	0	0,0358	0,0006	206,7983
2022-03-31	02:00:00		60	5	7	5	6	1	0	0	0	0	0	0	0	0	0	0	0	0	0	0	0	0,0244	0,0004	206,7987
2022-03-31	02:01:00		60	1	2	4	1	0	0	0	0	0	0	0	0	0	0	0	0	0	0	0	0	0,0075	0,0001	206,7988
2022-03-31	02:02:00		60	0	0	0	0	0	0	0	0	0	0	0	0	0	0	0	0	0	0	0	0	0,0000	0,0000	206,7988
2022-03-31	02:03:00		60	0	0	0	1	0	0	0	0	0	0	0	0	0	0	0	0	0	0	0	0	0,0018	0,0000	206,7988
2022-03-31	02:04:00		60	1	4	1	1	0	0	0	0	0	0	0	0	0	0	0	0	0	0	0	0	0,0055	0,0001	206,7989
2022-03-31	02:05:00		60	0	1	2	0	0	0	0	0	0	0	0	0	0	0	0	0	0	0	0	0	0,0027	0,0000	206,7990
2022-03-31	02:06:00		60	0	0	0	0	0	0	0	0	0	0	0	0	0	0	0	0	0	0	0	0	0,0000	0,0000	206,7990
2022-03-31	02:07:00		60	2	2	0	1	0	0	0	0	0	0	0	0	0	0	0	0	0	0	0	0	0,0035	0,0001	206,7990
2022-03-31	02:08:00		60	0	0	0	0	0	0	0	0	0	0	0	0	0	0	0	0	0	0	0	0	0,0000	0,0000	206,7990
2022-03-31	02:09:00		60	0	0	0	0	0	0	0	0	0	0	0	0	0	0	0	0	0	0	0	0	0,0000	0,0000	206,7990
2022-03-31	02:10:00		60	0	0	0	0	0	0	0	0	0	0	0	0	0	0	0	0	0	0	0	0	0,0000	0,0000	206,7990
2022-03-31	02:11:00		60	0	0	0	0	0	0	0	0	0	0	0	0	0	0	0	0	0	0	0	0	0,0000	0,0000	206,7990
2022-03-31	02:12:00		60	0	0	0	0	0	0	0	0	0	0	0	0	0	0	0	0	0	0	0	0	0,0000	0,0000	206,7990
2022-03-31	02:13:00		60	0	0	0	0	0	0	0	0	0	0	0	0	0	0	0	0	0	0	0	0	0,0000	0,0000	206,7990
2022-03-31	02:14:00		60	0	0	0	0	0	0	0	0	0	0	0	0	0	0	0	0	0	0	0	0	0,0000	0,0000	206,7990
2022-03-31	02:15:00		60	0	0	0	0	0	0	0	0	0	0	0	0	0	0	0	0	0	0	0	0	0,0000	0,0000	206,7990
2022-03-31	02:16:00		60	0	0	0	0	0	0	0	0	0	0	0	0	0	0	0	0	0	0	0	0	0,0000	0,0000	206,7990
2022-03-31	02:17:00		60	0	0	0	0	0	0	0	0	0	0	0	0	0	0	0	0	0	0	0	0	0,0000	0,0000	206,7990
2022-03-31	02:18:00		60	0	0	0	0	0	0	0	0	0	0	0	0	0	0	0	0	0	0	0	0	0,0000	0,0000	206,7990
2022-03-31	02:19:00		60	0	0	0	0	0	0	0	0	0	0	0	0	0	0	0	0	0	0	0	0	0,0000	0,0000	206,7990
2022-03-31	02:20:00		60	0	0	0	1	1	1	0	0	0	0	0	0	0	0	0	0	0	0	0	0	0,0094	0,0002	206,7992
2022-03-31	02:21:00		60	2	0	0	0	4	3	1	0	0	0	0	0	0	0	0	0	0	0	0	0	0,0352	0,0006	206,7998
2022-03-31	02:22:00		60	1	0	0	2	2	0	1	0	0	0	0	0	0	0	0	0	0	0	0	0	0,0183	0,0003	206,8001
2022-03-31	02:23:00		60	1	0	2	1	2	2	0	0	0	0	0	0	0	0	0	0	0	0	0	0	0,0195	0,0003	206,8004
2022-03-31	02:24:00		60	1	0	1	8	1	3	2	0	0	0	0	0	0	0	0	0	0	0	0	0	0,0502	0,0008	206,8012
2022-03-31	02:25:00		60	1	0	3	5	3	1	0	0	0	0	0	0	0	0	0	0	0	0	0	0	0,0257	0,0004	206,8017
2022-03-31	02:26:00		60	1	3	3	5	3	1	1	0	0	0	0	0	0	0	0	0	0	0	0	0	0,0362	0,0006	206,8023
2022-03-31	02:27:00		60	1	2	6	4	3	2	0	0	0	0	0	0	0	0	0	0	0	0	0	0	0,0331	0,0006	206,8028
2022-03-31	02:28:00		60	1	2	3	2	7	4	1	0	0	0	0	0	0	0	0	0	0	0	0	0	0,0562	0,0009	206,8037
2022-03-31	02:29:00		60	2	1	5	2	3	1	0	0	0	0	0	0	0	0	0	0	0	0	0	0	0,0234	0,0004	206,8041
2022-03-31	02:30:00		60	3	6	11	6	1	2	1	0	0	0	0	0	0	0	0	0	0	0	0	0	0,0478	0,0008	206,8049
2022-03-31	02:31:00		60	3	9	9	5	8	3	0	0	0	0	0	0	0	0	0	0	0	0	0	0	0,0619	0,0010	206,8060
2022-03-31	02:32:00		60	2	7	8	6	3	2	1	0	0	0	0	0	0	0	0	0	0	0	0	0	0,0507	0,0008	206,8068
2022-03-31	02:33:00		60	4	11	5	5	1	2	0	0	0	0	0	0	0	0	0	0	0	0	0	0	0,0342	0,0006	206,8074
2022-03-31	02:34:00		60	6	6	7	1	2	2	0	0	0	0	0	0	0	0	0	0	0	0	0	0	0,0297	0,0005	206,8079
2022-03-31	02:35:00		60	3	2	5	2	0	0	0	0	0	0	0	0	0	0	0	0	0	0	0	0	0,0109	0,0002	206,8081
2022-03-31	02:36:00		60	3	4	3	0	2	1	0	0	0	0	0	0	0	0	0	0	0	0	0	0	0,0169	0,0003	206,8083
2022-03-31	02:37:00		60	1	3	2	3	2	1	1	0	0	0	0	0	0	0	0	0	0	0	0	0	0,0288	0,0005	206,8088
2022-03-31	02:38:00		60	3	2	3	2	1	0	0	0	0	0	0	0	0	0	0	0	0	0	0	0	0,0116	0,0002	206,8090
2022-03-31	02:39:00		60	2	7	3	3	1	0	0	0	0	0	0	0	0	0	0	0	0	0	0	0	0,0161	0,0003	206,8093
2022-03-31	02:40:00		60	3	1	3	3	2	0	0	0	0	0	0	0	0	0	0	0	0	0	0	0	0,0157	0,0003	206,8095
2022-03-31	02:41:00		60	6	4	2	2	1	2	0	0	0	0	0	0	0	0	0	0	0	0	0	0	0,0222	0,0004	206,8099
2022-03-31	02:42:00		60	3	4	1	1	6	0	1	0	0	0	0	0	0	0	0	0	0	0	0	0	0,0321	0,0005	206,8104
2022-03-31	02:43:00		60	2	3	6	5	0	4	1	0	0	0	0	0	0	0	0	0	0	0	0	0	0,0454	0,0008	206,8112
2022-03-31	02:44:00		60	2	3	3	4	1	2	0	0	0	0	0	0	0	0	0	0	0	0	0	0	0,0250	0,0004	206,8116
2022-03-31	02:45:00		60	3	6	1	0	1	1	0	0	0	0	0	0	0	0	0	0	0	0	0	0	0,0131	0,0002	206,8118
2022-03-31	02:46:00		60	3	3	1	3	0	1	0	0	0	0	0	0	0	0	0	0	0	0	0	0	0,0138	0,0002	206,8121
2022-03-31	02:47:00		60	2	1	1	4	0	0	0	0	0	0	0	0	0	0	0	0	0	0	0	0	0,0093	0,0002	206,8122
2022-03-31	02:48:00		60	4	2	1	2	1	1	0	0	0	0	0	0	0	0	0	0	0	0	0	0	0,0146	0,0002	206,8125
2022-03-31	02:49:00		60	3	1	1	1	0	0	0	0	0	0	0	0	0	0	0	0	0	0	0	0	0,0043	0,0001	206,8125
2022-03-31	02:50:00		60	5	1	1	2	0	0	0	0	0	0	0	0	0	0	0	0	0	0	0	0	0,0066	0,0001	206,8127
2022-03-31	02:51:00		60	2	3	1	1	1	0	0	0	0	0	0	0	0	0	0	0	0	0	0	0	0,0081	0,0001	206,8128
2022-03-31	02:52:00		60	0	3	0	1	0	0	0	0	0	0	0	0	0	0	0	0	0	0	0	0	0,0035	0,0001	206,8128
2022-03-31	02:53:00		60	2	3	1	1	0	0	0	0	0	0	0	0	0	0	0	0	0	0	0	0	0,0052	0,0001	206,8129
2022-03-31	02:54:00		60	0	0	0	0	0	0	0	0	0	0	0	0	0	0	0	0	0	0	0	0	0,0000	0,0000	206,8129
2022-03-31	02:55:00		60	0	0	0	1	1	0	0	0	0	0	0	0	0	0	0	0	0	0	0	0	0,0047	0,0001	206,8130
2022-03-31	02:56:00		60	0	0	0	0	0	0	0	0	0	0	0	0	0	0	0	0	0	0	0	0	0,0000	0,0000	206,8130
2022-03-31	02:57:00		60	0	0	0	0	0	0	0	0	0	0	0	0	0	0	0	0	0	0	0	0	0,0000	0,0000	206,8130
2022-03-31	02:58:00		60	3	0	1	0	0	0	0	0	0	0	0	0	0	0	0	0	0	0	0	0	0,0019	0,0000	206,8130
2022-03-31	02:59:00		60	1	0	1	1	0	0	0	0	0	0	0	0	0	0	0	0	0	0	0	0	0,0031	0,0001	206,8131
2022-03-31	03:00:00		60	2	4	0	0	0	0	0	0	0	0	0	0	0	0	0	0	0	0	0	0	0,0029	0,0000	206,8131
2022-03-31	03:01:00		60	0	0	0	0	0	0	0	0	0	0	0	0	0	0	0	0	0	0	0	0	0,0000	0,0000	206,8131
2022-03-31	03:02:00		60	0	0	0	0	0	0	0	0	0	0	0	0	0	0	0	0	0	0	0	0	0,0000	0,0000	206,8131
2022-03-31	03:03:00		60	0	0	0	0	0	0	0	0	0	0	0	0	0	0	0	0	0	0	0	0	0,0000	0,0000	206,8131
2022-03-31	03:04:00		60	4	2	0	0	0	0	0	0	0	0	0	0	0	0	0	0	0	0	0	0	0,0023	0,0000	206,8132
2022-03-31	03:05:00		60	0	0	0	0	0	0	0	0	0	0	0	0	0	0	0	0	0	0	0	0	0,0000	0,0000	206,8132
2022-03-31	03:06:00		60	0	0	0	0	0	0	0	0	0	0	0	0	0	0	0	0	0	0	0	0	0,0000	0,0000	206,8132
2022-03-31	03:07:00		60	0	0	0	0	0	0	0	0	0	0	0	0	0	0	0	0	0	0	0	0	0,0000	0,0000	206,8132
2022-03-31	03:08:00		60	0	0	0	0	0	0	0	0	0	0	0	0	0	0	0	0	0	0	0	0	0,0000	0,0000	206,8132
2022-03-31	03:09:00		60	0	0	0	0	0	0	0	0	0	0	0	0	0	0	0	0	0	0	0	0	0,0000	0,0000	206,8132
2022-03-31	03:10:00		60	0	0	0	0	0	0	0	0	0	0	0	0	0	0	0	0	0	0	0	0	0,0000	0,0000	206,8132
2022-03-31	03:11:00		60	0	0	0	0	0	0	0	0	0	0	0	0	0	0	0	0	0	0	0	0	0,0000	0,0000	206,8132
2022-03-31	03:12:00		60	2	1	1	0	0	0	0	0	0	0	0	0	0	0	0	0	0	0	0	0	0,0022	0,0000	206,8132
2022-03-31	03:13:00		60	0	0	0	0	0	0	0	0	0	0	0	0	0	0	0	0	0	0	0	0	0,0000	0,0000	206,8132
2022-03-31	03:14:00		60	0	0	0	0	0	0	0	0	0	0	0	0	0	0	0	0	0	0	0	0	0,0000	0,0000	206,8132
2022-03-31	03:15:00		60	0	0	1	0	0	0	0	0	0	0	0	0	0	0	0	0	0	0	0	0	0,0011	0,0000	206,8132
2022-03-31	03:16:00		60	2	1	1	0	0	0	0	0	0	0	0	0	0	0	0	0	0	0	0	0	0,0022	0,0000	206,8133
2022-03-31	03:17:00		60	0	0	0	0	0	0	0	0	0	0	0	0	0	0	0	0	0	0	0	0	0,0000	0,0000	206,8133
2022-03-31	03:18:00		60	0	0	0	0	0	0	0	0	0	0	0	0	0	0	0	0	0	0	0	0	0,0000	0,0000	206,8133
2022-03-31	03:19:00		60	0	0	0	0	0	0	0	0	0	0	0	0	0	0	0	0	0	0	0	0	0,0000	0,0000	206,8133
2022-03-31	03:20:00		60	0	0	0	0	0	0	0	0	0	0	0	0	0	0	0	0	0	0	0	0	0,0000	0,0000	206,8133
2022-03-31	03:21:00		60	0	0	0	0	0	0	0	0	0	0	0	0	0	0	0	0	0	0	0	0	0,0000	0,0000	206,8133
2022-03-31	03:22:00		60	0	0	0	0	0	0	0	0	0	0	0	0	0	0	0	0	0	0	0	0	0,0000	0,0000	206,8133
2022-03-31	03:23:00		60	0	0	0	0	0	0	0	0	0	0	0	0	0	0	0	0	0	0	0	0	0,0000	0,0000	206,8133
2022-03-31	03:24:00		60	0	0	0	0	0	0	0	0	0	0	0	0	0	0	0	0	0	0	0	0	0,0000	0,0000	206,8133
2022-03-31	03:25:00		60	0	0	0	0	0	0	0	0	0	0	0	0	0	0	0	0	0	0	0	0	0,0000	0,0000	206,8133
2022-03-31	03:26:00		60	0	0	0	0	0	0	0	0	0	0	0	0	0	0	0	0	0	0	0	0	0,0000	0,0000	206,8133
2022-03-31	03:27:00		60	0	0	0	0	0	0	0	0	0	0	0	0	0	0	0	0	0	0	0	0	0,0000	0,0000	206,8133
2022-03-31	03:28:00		60	0	0	0	0	0	0	0	0	0	0	0	0	0	0	0	0	0	0	0	0	0,0000	0,0000	206,8133
2022-03-31	03:29:00		60	0	0	0	0	0	0	0	0	0	0	0	0	0	0	0	0	0	0	0	0	0,0000	0,0000	206,8133
2022-03-31	03:30:00		60	0	0	0	0	0	0	0	0	0	0	0	0	0	0	0	0	0	0	0	0	0,0000	0,0000	206,8133
2022-03-31	03:31:00		60	0	0	0	0	0	0	0	0	0	0	0	0	0	0	0	0	0	0	0	0	0,0000	0,0000	206,8133
2022-03-31	03:32:00		60	0	0	0	0	0	0	0	0	0	0	0	0	0	0	0	0	0	0	0	0	0,0000	0,0000	206,8133
2022-03-31	03:33:00		60	0	0	0	0	0	0	0	0	0	0	0	0	0	0	0	0	0	0	0	0	0,0000	0,0000	206,8133
2022-03-31	03:34:00		60	0	0	0	0	0	0	0	0	0	0	0	0	0	0	0	0	0	0	0	0	0,0000	0,0000	206,8133
2022-03-31	03:35:00		60	0	0	0	0	0	0	0	0	0	0	0	0	0	0	0	0	0	0	0	0	0,0000	0,0000	206,8133
2022-03-31	03:36:00		60	0	0	0	0	0	0	0	0	0	0	0	0	0	0	0	0	0	0	0	0	0,0000	0,0000	206,8133
2022-03-31	03:37:00		60	0	0	0	0	0	0	0	0	0	0	0	0	0	0	0	0	0	0	0	0	0,0000	0,0000	206,8133
2022-03-31	03:38:00		60	0	0	0	0	0	0	0	0	0	0	0	0	0	0	0	0	0	0	0	0	0,0000	0,0000	206,8133
2022-03-31	03:39:00		60	0	0	0	0	0	0	0	0	0	0	0	0	0	0	0	0	0	0	0	0	0,0000	0,0000	206,8133
2022-03-31	03:40:00		60	0	0	0	0	0	0	0	0	0	0	0	0	0	0	0	0	0	0	0	0	0,0000	0,0000	206,8133
2022-03-31	03:41:00		60	0	0	0	0	0	0	0	0	0	0	0	0	0	0	0	0	0	0	0	0	0,0000	0,0000	206,8133
2022-03-31	03:42:00		60	0	0	0	0	0	0	0	0	0	0	0	0	0	0	0	0	0	0	0	0	0,0000	0,0000	206,8133
2022-03-31	03:43:00		60	0	0	0	0	0	0	0	0	0	0	0	0	0	0	0	0	0	0	0	0	0,0000	0,0000	206,8133
2022-03-31	03:44:00		60	0	0	0	0	0	0	0	0	0	0	0	0	0	0	0	0	0	0	0	0	0,0000	0,0000	206,8133
2022-03-31	03:45:00		60	0	0	0	0	0	0	0	0	0	0	0	0	0	0	0	0	0	0	0	0	0,0000	0,0000	206,8133
2022-03-31	03:46:00		60	0	0	0	0	0	0	0	0	0	0	0	0	0	0	0	0	0	0	0	0	0,0000	0,0000	206,8133
2022-03-31	03:47:00		60	0	0	0	0	0	0	0	0	0	0	0	0	0	0	0	0	0	0	0	0	0,0000	0,0000	206,8133
2022-03-31	03:48:00		60	0	0	0	0	0	0	0	0	0	0	0	0	0	0	0	0	0	0	0	0	0,0000	0,0000	206,8133
2022-03-31	03:49:00		60	0	0	0	0	0	0	0	0	0	0	0	0	0	0	0	0	0	0	0	0	0,0000	0,0000	206,8133
2022-03-31	03:50:00		60	0	0	0	0	0	0	0	0	0	0	0	0	0	0	0	0	0	0	0	0	0,0000	0,0000	206,8133
2022-03-31	03:51:00		60	0	0	0	0	0	0	0	0	0	0	0	0	0	0	0	0	0	0	0	0	0,0000	0,0000	206,8133
2022-03-31	03:52:00		60	0	0	0	0	0	0	0	0	0	0	0	0	0	0	0	0	0	0	0	0	0,0000	0,0000	206,8133
2022-03-31	03:53:00		60	0	0	0	0	0	0	0	0	0	0	0	0	0	0	0	0	0	0	0	0	0,0000	0,0000	206,8133
2022-03-31	03:54:00		60	0	0	0	0	0	0	0	0	0	0	0	0	0	0	0	0	0	0	0	0	0,0000	0,0000	206,8133
2022-03-31	03:55:00		60	0	0	0	0	0	0	0	0	0	0	0	0	0	0	0	0	0	0	0	0	0,0000	0,0000	206,8133
2022-03-31	03:56:00		60	0	0	0	0	0	0	0	0	0	0	0	0	0	0	0	0	0	0	0	0	0,0000	0,0000	206,8133
2022-03-31	03:57:00		60	0	0	0	0	0	0	0	0	0	0	0	0	0	0	0	0	0	0	0	0	0,0000	0,0000	206,8133
2022-03-31	03:58:00		60	0	0	0	0	0	0	0	0	0	0	0	0	0	0	0	0	0	0	0	0	0,0000	0,0000	206,8133
2022-03-31	03:59:00		60	6	0	0	0	0	0	0	0	0	0	0	0	0	0	0	0	0	0	0	0	0,0017	0,0000	206,8133
2022-03-31	04:00:00		60	0	0	0	0	0	0	0	0	0	0	0	0	0	0	0	0	0	0	0	0	0,0000	0,0000	206,8133
2022-03-31	04:01:00		60	0	0	0	0	0	0	0	0	0	0	0	0	0	0	0	0	0	0	0	0	0,0000	0,0000	206,8133
2022-03-31	04:02:00		60	0	0	0	0	0	0	0	0	0	0	0	0	0	0	0	0	0	0	0	0	0,0000	0,0000	206,8133
2022-03-31	04:03:00		60	0	0	0	0	0	0	0	0	0	0	0	0	0	0	0	0	0	0	0	0	0,0000	0,0000	206,8133
2022-03-31	04:04:00		60	0	0	0	0	0	0	0	0	0	0	0	0	0	0	0	0	0	0	0	0	0,0000	0,0000	206,8133
2022-03-31	04:05:00		60	0	0	0	0	0	0	0	0	0	0	0	0	0	0	0	0	0	0	0	0	0,0000	0,0000	206,8133
2022-03-31	04:06:00		60	0	0	0	0	0	0	0	0	0	0	0	0	0	0	0	0	0	0	0	0	0,0000	0,0000	206,8133
2022-03-31	04:07:00		60	0	0	0	0	0	0	0	0	0	0	0	0	0	0	0	0	0	0	0	0	0,0000	0,0000	206,8133
2022-03-31	04:08:00		60	0	0	0	0	0	0	0	0	0	0	0	0	0	0	0	0	0	0	0	0	0,0000	0,0000	206,8133
2022-03-31	04:09:00		60	0	0	0	0	0	0	0	0	0	0	0	0	0	0	0	0	0	0	0	0	0,0000	0,0000	206,8133
2022-03-31	04:10:00		60	0	0	0	0	0	0	0	0	0	0	0	0	0	0	0	0	0	0	0	0	0,0000	0,0000	206,8133
2022-03-31	04:11:00		60	0	0	0	0	0	0	0	0	0	0	0	0	0	0	0	0	0	0	0	0	0,0000	0,0000	206,8133
2022-03-31	04:12:00		60	0	0	0	0	0	0	0	0	0	0	0	0	0	0	0	0	0	0	0	0	0,0000	0,0000	206,8133
2022-03-31	04:13:00		60	0	0	0	0	0	0	0	0	0	0	0	0	0	0	0	0	0	0	0	0	0,0000	0,0000	206,8133
2022-03-31	04:14:00		60	0	0	0	0	0	0	0	0	0	0	0	0	0	0	0	0	0	0	0	0	0,0000	0,0000	206,8133
2022-03-31	04:15:00		60	0	0	0	0	0	0	0	0	0	0	0	0	0	0	0	0	0	0	0	0	0,0000	0,0000	206,8133
2022-03-31	04:16:00		60	0	0	0	0	0	0	0	0	0	0	0	0	0	0	0	0	0	0	0	0	0,0000	0,0000	206,8133
2022-03-31	04:17:00		60	0	0	0	0	0	0	0	0	0	0	0	0	0	0	0	0	0	0	0	0	0,0000	0,0000	206,8133
2022-03-31	04:18:00		60	0	0	0	0	0	0	0	0	0	0	0	0	0	0	0	0	0	0	0	0	0,0000	0,0000	206,8133
2022-03-31	04:19:00		60	0	0	0	0	0	0	0	0	0	0	0	0	0	0	0	0	0	0	0	0	0,0000	0,0000	206,8133
2022-03-31	04:20:00		60	0	0	1	1	0	0	0	0	0	0	0	0	0	0	0	0	0	0	0	0	0,0028	0,0000	206,8134
2022-03-31	04:21:00		60	7	0	0	0	0	0	0	0	0	0	0	0	0	0	0	0	0	0	0	0	0,0020	0,0000	206,8134
2022-03-31	04:22:00		60	0	0	0	0	0	0	0	0	0	0	0	0	0	0	0	0	0	0	0	0	0,0000	0,0000	206,8134
2022-03-31	04:23:00		60	3	0	0	2	0	0	0	0	0	0	0	0	0	0	0	0	0	0	0	0	0,0044	0,0001	206,8135
2022-03-31	04:24:00		60	0	0	0	0	0	0	0	0	0	0	0	0	0	0	0	0	0	0	0	0	0,0000	0,0000	206,8135
2022-03-31	04:25:00		60	0	0	0	0	0	0	0	0	0	0	0	0	0	0	0	0	0	0	0	0	0,0000	0,0000	206,8135
2022-03-31	04:26:00		60	0	0	0	0	0	0	0	0	0	0	0	0	0	0	0	0	0	0	0	0	0,0000	0,0000	206,8135
2022-03-31	04:27:00		60	0	0	0	0	0	0	0	0	0	0	0	0	0	0	0	0	0	0	0	0	0,0000	0,0000	206,8135
2022-03-31	04:28:00		60	0	0	0	0	0	0	0	0	0	0	0	0	0	0	0	0	0	0	0	0	0,0000	0,0000	206,8135
2022-03-31	04:29:00		60	0	0	0	0	0	0	0	0	0	0	0	0	0	0	0	0	0	0	0	0	0,0000	0,0000	206,8135
2022-03-31	04:30:00		60	0	0	0	0	0	0	0	0	0	0	0	0	0	0	0	0	0	0	0	0	0,0000	0,0000	206,8135
2022-03-31	04:31:00		60	0	0	0	0	0	0	0	0	0	0	0	0	0	0	0	0	0	0	0	0	0,0000	0,0000	206,8135
2022-03-31	04:32:00		60	0	0	0	0	0	0	0	0	0	0	0	0	0	0	0	0	0	0	0	0	0,0000	0,0000	206,8135
2022-03-31	04:33:00		60	0	0	0	0	0	0	0	0	0	0	0	0	0	0	0	0	0	0	0	0	0,0000	0,0000	206,8135
2022-03-31	04:34:00		60	1	0	0	1	0	0	0	0	0	0	0	0	0	0	0	0	0	0	0	0	0,0021	0,0000	206,8135
2022-03-31	04:35:00		60	0	0	0	0	0	2	0	0	0	0	0	0	0	0	0	0	0	0	0	0	0,0096	0,0002	206,8137
2022-03-31	04:36:00		60	0	0	0	0	0	0	0	0	0	0	0	0	0	0	0	0	0	0	0	0	0,0000	0,0000	206,8137
2022-03-31	04:37:00		60	1	0	0	0	1	2	0	0	0	0	0	0	0	0	0	0	0	0	0	0	0,0127	0,0002	206,8139
2022-03-31	04:38:00		60	0	0	0	1	4	0	1	0	0	0	0	0	0	0	0	0	0	0	0	0	0,0220	0,0004	206,8142
2022-03-31	04:39:00		60	1	0	0	2	0	0	0	0	0	0	0	0	0	0	0	0	0	0	0	0	0,0038	0,0001	206,8143
2022-03-31	04:40:00		60	1	0	0	1	1	4	0	0	0	0	0	0	0	0	0	0	0	0	0	0	0,0241	0,0004	206,8147
2022-03-31	04:41:00		60	0	0	0	4	0	3	1	0	0	0	0	0	0	0	0	0	0	0	0	0	0,0302	0,0005	206,8152
2022-03-31	04:42:00		60	1	0	2	3	2	0	0	0	0	0	0	0	0	0	0	0	0	0	0	0	0,0135	0,0002	206,8154
2022-03-31	04:43:00		60	2	0	4	1	2	0	0	0	0	0	0	0	0	0	0	0	0	0	0	0	0,0123	0,0002	206,8156
2022-03-31	04:44:00		60	1	0	0	7	2	3	0	0	0	0	0	0	0	0	0	0	0	0	0	0	0,0328	0,0005	206,8162
2022-03-31	04:45:00		60	0	1	5	7	2	2	0	0	0	0	0	0	0	0	0	0	0	0	0	0	0,0336	0,0006	206,8167
2022-03-31	04:46:00		60	0	1	1	4	1	3	0	0	0	0	0	0	0	0	0	0	0	0	0	0	0,0260	0,0004	206,8172
2022-03-31	04:47:00		60	1	1	4	4	1	1	1	0	0	0	0	0	0	0	0	0	0	0	0	0	0,0286	0,0005	206,8176
2022-03-31	04:48:00		60	2	1	1	1	0	2	0	0	0	0	0	0	0	0	0	0	0	0	0	0	0,0136	0,0002	206,8179
2022-03-31	04:49:00		60	3	6	2	3	1	1	0	0	0	0	0	0	0	0	0	0	0	0	0	0	0,0195	0,0003	206,8182
2022-03-31	04:50:00		60	1	4	0	1	1	2	0	0	0	0	0	0	0	0	0	0	0	0	0	0	0,0169	0,0003	206,8185
2022-03-31	04:51:00		60	0	0	2	2	3	0	0	0	0	0	0	0	0	0	0	0	0	0	0	0	0,0143	0,0002	206,8187
2022-03-31	04:52:00		60	1	1	3	0	0	0	0	0	0	0	0	0	0	0	0	0	0	0	0	0	0,0040	0,0001	206,8188
2022-03-31	04:53:00		60	0	1	1	1	1	1	0	0	0	0	0	0	0	0	0	0	0	0	0	0	0,0111	0,0002	206,8190
2022-03-31	04:54:00		60	2	0	4	0	1	0	0	0	0	0	0	0	0	0	0	0	0	0	0	0	0,0077	0,0001	206,8191
2022-03-31	04:55:00		60	0	0	1	4	1	1	0	0	0	0	0	0	0	0	0	0	0	0	0	0	0,0158	0,0003	206,8194
2022-03-31	04:56:00		60	3	0	0	2	1	0	0	0	0	0	0	0	0	0	0	0	0	0	0	0	0,0073	0,0001	206,8195
2022-03-31	04:57:00		60	3	1	1	4	1	1	0	0	0	0	0	0	0	0	0	0	0	0	0	0	0,0173	0,0003	206,8198
2022-03-31	04:58:00		60	2	0	1	2	1	0	0	0	0	0	0	0	0	0	0	0	0	0	0	0	0,0081	0,0001	206,8199
2022-03-31	04:59:00		60	11	4	3	2	0	0	0	0	0	0	0	0	0	0	0	0	0	0	0	0	0,0123	0,0002	206,8201
2022-03-31	05:00:00		60	2	0	10	1	0	0	0	0	0	0	0	0	0	0	0	0	0	0	0	0	0,0129	0,0002	206,8203
2022-03-31	05:01:00		60	2	3	3	0	0	0	0	0	0	0	0	0	0	0	0	0	0	0	0	0	0,0055	0,0001	206,8204
2022-03-31	05:02:00		60	1	2	3	0	0	0	0	0	0	0	0	0	0	0	0	0	0	0	0	0	0,0046	0,0001	206,8205
2022-03-31	05:03:00		60	0	3	2	0	0	0	0	0	0	0	0	0	0	0	0	0	0	0	0	0	0,0039	0,0001	206,8206
2022-03-31	05:04:00		60	2	3	1	0	0	0	0	0	0	0	0	0	0	0	0	0	0	0	0	0	0,0034	0,0001	206,8206
2022-03-31	05:05:00		60	1	1	1	0	0	0	0	0	0	0	0	0	0	0	0	0	0	0	0	0	0,0019	0,0000	206,8206
2022-03-31	05:06:00		60	0	0	0	0	0	0	0	0	0	0	0	0	0	0	0	0	0	0	0	0	0,0000	0,0000	206,8206
2022-03-31	05:07:00		60	0	0	0	0	0	0	0	0	0	0	0	0	0	0	0	0	0	0	0	0	0,0000	0,0000	206,8206
2022-03-31	05:08:00		60	0	0	0	0	0	0	0	0	0	0	0	0	0	0	0	0	0	0	0	0	0,0000	0,0000	206,8206
2022-03-31	05:09:00		60	0	0	0	0	0	0	0	0	0	0	0	0	0	0	0	0	0	0	0	0	0,0000	0,0000	206,8206
2022-03-31	05:10:00		60	0	0	0	0	0	0	0	0	0	0	0	0	0	0	0	0	0	0	0	0	0,0000	0,0000	206,8206
2022-03-31	05:11:00		60	0	0	0	0	0	0	0	0	0	0	0	0	0	0	0	0	0	0	0	0	0,0000	0,0000	206,8206
2022-03-31	05:12:00		60	0	0	0	0	0	0	0	0	0	0	0	0	0	0	0	0	0	0	0	0	0,0000	0,0000	206,8206
2022-03-31	05:13:00		60	0	0	0	0	0	0	0	0	0	0	0	0	0	0	0	0	0	0	0	0	0,0000	0,0000	206,8206
2022-03-31	05:14:00		60	0	0	0	0	0	0	0	0	0	0	0	0	0	0	0	0	0	0	0	0	0,0000	0,0000	206,8206
2022-03-31	05:15:00		60	0	0	0	0	0	0	0	0	0	0	0	0	0	0	0	0	0	0	0	0	0,0000	0,0000	206,8206
2022-03-31	05:16:00		60	0	0	0	0	0	0	0	0	0	0	0	0	0	0	0	0	0	0	0	0	0,0000	0,0000	206,8206
2022-03-31	05:17:00		60	0	0	0	0	0	0	0	0	0	0	0	0	0	0	0	0	0	0	0	0	0,0000	0,0000	206,8206
2022-03-31	05:18:00		60	0	0	0	0	0	0	0	0	0	0	0	0	0	0	0	0	0	0	0	0	0,0000	0,0000	206,8206
2022-03-31	05:19:00		60	0	0	0	0	0	0	0	0	0	0	0	0	0	0	0	0	0	0	0	0	0,0000	0,0000	206,8206
2022-03-31	05:20:00		60	0	0	0	0	0	0	0	0	0	0	0	0	0	0	0	0	0	0	0	0	0,0000	0,0000	206,8206
2022-03-31	05:21:00		60	0	0	0	0	0	0	0	0	0	0	0	0	0	0	0	0	0	0	0	0	0,0000	0,0000	206,8206
2022-03-31	05:22:00		60	0	0	0	0	0	0	0	0	0	0	0	0	0	0	0	0	0	0	0	0	0,0000	0,0000	206,8206
2022-03-31	05:23:00		60	0	0	0	0	0	0	0	0	0	0	0	0	0	0	0	0	0	0	0	0	0,0000	0,0000	206,8206
2022-03-31	05:24:00		60	0	0	0	0	0	0	0	0	0	0	0	0	0	0	0	0	0	0	0	0	0,0000	0,0000	206,8206
2022-03-31	05:25:00		60	0	0	0	0	0	0	0	0	0	0	0	0	0	0	0	0	0	0	0	0	0,0000	0,0000	206,8206
2022-03-31	05:26:00		60	0	0	0	0	0	0	0	0	0	0	0	0	0	0	0	0	0	0	0	0	0,0000	0,0000	206,8206
2022-03-31	05:27:00		60	0	0	0	0	0	0	0	0	0	0	0	0	0	0	0	0	0	0	0	0	0,0000	0,0000	206,8206
2022-03-31	05:28:00		60	0	0	0	0	0	0	0	0	0	0	0	0	0	0	0	0	0	0	0	0	0,0000	0,0000	206,8206
2022-03-31	05:29:00		60	0	0	0	0	0	0	0	0	0	0	0	0	0	0	0	0	0	0	0	0	0,0000	0,0000	206,8206
2022-03-31	05:30:00		60	0	0	0	0	0	0	0	0	0	0	0	0	0	0	0	0	0	0	0	0	0,0000	0,0000	206,8206
2022-03-31	05:31:00		60	0	0	0	0	0	0	0	0	0	0	0	0	0	0	0	0	0	0	0	0	0,0000	0,0000	206,8206
2022-03-31	05:32:00		60	0	0	0	0	0	0	0	0	0	0	0	0	0	0	0	0	0	0	0	0	0,0000	0,0000	206,8206
2022-03-31	05:33:00		60	0	0	0	0	0	0	0	0	0	0	0	0	0	0	0	0	0	0	0	0	0,0000	0,0000	206,8206
2022-03-31	05:34:00		60	0	0	0	0	0	0	0	0	0	0	0	0	0	0	0	0	0	0	0	0	0,0000	0,0000	206,8206
2022-03-31	05:35:00		60	0	0	0	0	0	0	0	0	0	0	0	0	0	0	0	0	0	0	0	0	0,0000	0,0000	206,8206
2022-03-31	05:36:00		60	0	0	0	0	0	0	0	0	0	0	0	0	0	0	0	0	0	0	0	0	0,0000	0,0000	206,8206
2022-03-31	05:37:00		60	0	0	0	0	0	0	0	0	0	0	0	0	0	0	0	0	0	0	0	0	0,0000	0,0000	206,8206
2022-03-31	05:38:00		60	0	0	0	0	0	0	0	0	0	0	0	0	0	0	0	0	0	0	0	0	0,0000	0,0000	206,8206
2022-03-31	05:39:00		60	0	0	0	0	0	0	0	0	0	0	0	0	0	0	0	0	0	0	0	0	0,0000	0,0000	206,8206
2022-03-31	05:40:00		60	0	0	0	0	0	0	0	0	0	0	0	0	0	0	0	0	0	0	0	0	0,0000	0,0000	206,8206
2022-03-31	05:41:00		60	0	0	0	0	0	0	0	0	0	0	0	0	0	0	0	0	0	0	0	0	0,0000	0,0000	206,8206
2022-03-31	05:42:00		60	0	0	0	0	0	0	0	0	0	0	0	0	0	0	0	0	0	0	0	0	0,0000	0,0000	206,8206
2022-03-31	05:43:00		60	0	0	0	0	0	0	0	0	0	0	0	0	0	0	0	0	0	0	0	0	0,0000	0,0000	206,8206
2022-03-31	05:44:00		60	0	0	0	0	0	0	0	0	0	0	0	0	0	0	0	0	0	0	0	0	0,0000	0,0000	206,8206
2022-03-31	05:45:00		60	0	0	0	0	0	0	0	0	0	0	0	0	0	0	0	0	0	0	0	0	0,0000	0,0000	206,8206
2022-03-31	05:46:00		60	0	0	0	0	0	0	0	0	0	0	0	0	0	0	0	0	0	0	0	0	0,0000	0,0000	206,8206
2022-03-31	05:47:00		60	0	0	0	0	0	0	0	0	0	0	0	0	0	0	0	0	0	0	0	0	0,0000	0,0000	206,8206
2022-03-31	05:48:00		60	0	0	0	0	0	0	0	0	0	0	0	0	0	0	0	0	0	0	0	0	0,0000	0,0000	206,8206
2022-03-31	05:49:00		60	0	0	0	0	0	0	0	0	0	0	0	0	0	0	0	0	0	0	0	0	0,0000	0,0000	206,8206
2022-03-31	05:50:00		60	0	0	0	0	0	0	0	0	0	0	0	0	0	0	0	0	0	0	0	0	0,0000	0,0000	206,8206
2022-03-31	05:51:00		60	0	0	0	0	0	0	0	0	0	0	0	0	0	0	0	0	0	0	0	0	0,0000	0,0000	206,8206
2022-03-31	05:52:00		60	0	0	0	0	0	0	0	0	0	0	0	0	0	0	0	0	0	0	0	0	0,0000	0,0000	206,8206
2022-03-31	05:53:00		60	0	0	0	0	0	0	0	0	0	0	0	0	0	0	0	0	0	0	0	0	0,0000	0,0000	206,8206
2022-03-31	05:54:00		60	0	0	0	0	0	0	0	0	0	0	0	0	0	0	0	0	0	0	0	0	0,0000	0,0000	206,8206
2022-03-31	05:55:00		60	0	0	0	0	0	0	0	0	0	0	0	0	0	0	0	0	0	0	0	0	0,0000	0,0000	206,8206
2022-03-31	05:56:00		60	0	0	0	0	0	0	0	0	0	0	0	0	0	0	0	0	0	0	0	0	0,0000	0,0000	206,8206
2022-03-31	05:57:00		60	0	0	0	0	0	0	0	0	0	0	0	0	0	0	0	0	0	0	0	0	0,0000	0,0000	206,8206
2022-03-31	05:58:00		60	0	0	0	0	0	0	0	0	0	0	0	0	0	0	0	0	0	0	0	0	0,0000	0,0000	206,8206
2022-03-31	05:59:00		60	9	0	0	0	0	0	0	0	0	0	0	0	0	0	0	0	0	0	0	0	0,0026	0,0000	206,8207
2022-03-31	06:00:00		60	0	0	0	0	0	0	0	0	0	0	0	0	0	0	0	0	0	0	0	0	0,0000	0,0000	206,8207
2022-03-31	06:01:00		60	0	0	0	0	0	0	0	0	0	0	0	0	0	0	0	0	0	0	0	0	0,0000	0,0000	206,8207
2022-03-31	06:02:00		60	0	0	0	0	0	0	0	0	0	0	0	0	0	0	0	0	0	0	0	0	0,0000	0,0000	206,8207
2022-03-31	06:03:00		60	0	0	0	0	0	0	0	0	0	0	0	0	0	0	0	0	0	0	0	0	0,0000	0,0000	206,8207
2022-03-31	06:04:00		60	0	0	0	0	0	0	0	0	0	0	0	0	0	0	0	0	0	0	0	0	0,0000	0,0000	206,8207
2022-03-31	06:05:00		60	0	0	0	0	0	0	0	0	0	0	0	0	0	0	0	0	0	0	0	0	0,0000	0,0000	206,8207
2022-03-31	06:06:00		60	0	0	0	0	0	0	0	0	0	0	0	0	0	0	0	0	0	0	0	0	0,0000	0,0000	206,8207
2022-03-31	06:07:00		60	0	0	0	0	0	0	0	0	0	0	0	0	0	0	0	0	0	0	0	0	0,0000	0,0000	206,8207
2022-03-31	06:08:00		60	0	0	0	0	0	0	0	0	0	0	0	0	0	0	0	0	0	0	0	0	0,0000	0,0000	206,8207
2022-03-31	06:09:00		60	0	0	0	0	0	0	0	0	0	0	0	0	0	0	0	0	0	0	0	0	0,0000	0,0000	206,8207
2022-03-31	06:10:00		60	0	0	0	0	0	0	0	0	0	0	0	0	0	0	0	0	0	0	0	0	0,0000	0,0000	206,8207
2022-03-31	06:11:00		60	0	0	0	0	0	0	0	0	0	0	0	0	0	0	0	0	0	0	0	0	0,0000	0,0000	206,8207
2022-03-31	06:12:00		60	0	0	0	0	0	0	0	0	0	0	0	0	0	0	0	0	0	0	0	0	0,0000	0,0000	206,8207
2022-03-31	06:13:00		60	0	0	0	0	0	0	0	0	0	0	0	0	0	0	0	0	0	0	0	0	0,0000	0,0000	206,8207
2022-03-31	06:14:00		60	0	0	0	0	0	0	0	0	0	0	0	0	0	0	0	0	0	0	0	0	0,0000	0,0000	206,8207
2022-03-31	06:15:00		60	0	0	0	0	0	0	0	0	0	0	0	0	0	0	0	0	0	0	0	0	0,0000	0,0000	206,8207
2022-03-31	06:16:00		60	0	0	0	0	0	0	0	0	0	0	0	0	0	0	0	0	0	0	0	0	0,0000	0,0000	206,8207
2022-03-31	06:17:00		60	0	0	0	0	0	0	0	0	0	0	0	0	0	0	0	0	0	0	0	0	0,0000	0,0000	206,8207
2022-03-31	06:18:00		60	0	0	0	0	0	0	0	0	0	0	0	0	0	0	0	0	0	0	0	0	0,0000	0,0000	206,8207
2022-03-31	06:19:00		60	0	0	0	0	0	0	0	0	0	0	0	0	0	0	0	0	0	0	0	0	0,0000	0,0000	206,8207
2022-03-31	06:20:00		60	0	0	0	0	0	0	0	0	0	0	0	0	0	0	0	0	0	0	0	0	0,0000	0,0000	206,8207
2022-03-31	06:21:00		60	0	0	0	0	0	0	0	0	0	0	0	0	0	0	0	0	0	0	0	0	0,0000	0,0000	206,8207
2022-03-31	06:22:00		60	0	0	0	0	0	0	0	0	0	0	0	0	0	0	0	0	0	0	0	0	0,0000	0,0000	206,8207
2022-03-31	06:23:00		60	0	0	0	0	0	0	0	0	0	0	0	0	0	0	0	0	0	0	0	0	0,0000	0,0000	206,8207
2022-03-31	06:24:00		60	0	0	0	0	0	0	0	0	0	0	0	0	0	0	0	0	0	0	0	0	0,0000	0,0000	206,8207
2022-03-31	06:25:00		60	0	0	0	0	0	0	0	0	0	0	0	0	0	0	0	0	0	0	0	0	0,0000	0,0000	206,8207
2022-03-31	06:26:00		60	0	0	0	0	0	0	0	0	0	0	0	0	0	0	0	0	0	0	0	0	0,0000	0,0000	206,8207
2022-03-31	06:27:00		60	0	0	0	0	0	0	0	0	0	0	0	0	0	0	0	0	0	0	0	0	0,0000	0,0000	206,8207
2022-03-31	06:28:00		60	0	0	0	0	0	0	0	0	0	0	0	0	0	0	0	0	0	0	0	0	0,0000	0,0000	206,8207
2022-03-31	06:29:00		60	0	0	0	0	0	0	0	0	0	0	0	0	0	0	0	0	0	0	0	0	0,0000	0,0000	206,8207
2022-03-31	06:30:00		60	0	0	0	0	0	0	0	0	0	0	0	0	0	0	0	0	0	0	0	0	0,0000	0,0000	206,8207
2022-03-31	06:31:00		60	0	0	0	0	0	0	0	0	0	0	0	0	0	0	0	0	0	0	0	0	0,0000	0,0000	206,8207
2022-03-31	06:32:00		60	0	0	0	0	0	0	0	0	0	0	0	0	0	0	0	0	0	0	0	0	0,0000	0,0000	206,8207
2022-03-31	06:33:00		60	0	0	0	0	0	0	0	0	0	0	0	0	0	0	0	0	0	0	0	0	0,0000	0,0000	206,8207
2022-03-31	06:34:00		60	0	0	0	0	0	0	0	0	0	0	0	0	0	0	0	0	0	0	0	0	0,0000	0,0000	206,8207
2022-03-31	06:35:00		60	0	0	0	0	0	0	0	0	0	0	0	0	0	0	0	0	0	0	0	0	0,0000	0,0000	206,8207
2022-03-31	06:36:00		60	0	0	0	0	0	0	0	0	0	0	0	0	0	0	0	0	0	0	0	0	0,0000	0,0000	206,8207
2022-03-31	06:37:00		60	0	0	0	0	0	0	0	0	0	0	0	0	0	0	0	0	0	0	0	0	0,0000	0,0000	206,8207
2022-03-31	06:38:00		60	0	0	0	0	0	0	0	0	0	0	0	0	0	0	0	0	0	0	0	0	0,0000	0,0000	206,8207
2022-03-31	06:39:00		60	0	0	0	0	0	0	0	0	0	0	0	0	0	0	0	0	0	0	0	0	0,0000	0,0000	206,8207
2022-03-31	06:40:00		60	0	0	0	0	0	0	0	0	0	0	0	0	0	0	0	0	0	0	0	0	0,0000	0,0000	206,8207
2022-03-31	06:41:00		60	0	0	0	0	0	0	0	0	0	0	0	0	0	0	0	0	0	0	0	0	0,0000	0,0000	206,8207
2022-03-31	06:42:00		60	0	0	0	0	0	0	0	0	0	0	0	0	0	0	0	0	0	0	0	0	0,0000	0,0000	206,8207
2022-03-31	06:43:00		60	0	0	0	0	0	0	0	0	0	0	0	0	0	0	0	0	0	0	0	0	0,0000	0,0000	206,8207
2022-03-31	06:44:00		60	0	0	0	0	0	0	0	0	0	0	0	0	0	0	0	0	0	0	0	0	0,0000	0,0000	206,8207
2022-03-31	06:45:00		60	0	0	0	0	0	0	0	0	0	0	0	0	0	0	0	0	0	0	0	0	0,0000	0,0000	206,8207
2022-03-31	06:46:00		60	0	0	0	0	0	0	0	0	0	0	0	0	0	0	0	0	0	0	0	0	0,0000	0,0000	206,8207
2022-03-31	06:47:00		60	0	0	0	0	0	0	0	0	0	0	0	0	0	0	0	0	0	0	0	0	0,0000	0,0000	206,8207
2022-03-31	06:48:00		60	0	0	0	0	0	0	0	0	0	0	0	0	0	0	0	0	0	0	0	0	0,0000	0,0000	206,8207
2022-03-31	06:49:00		60	0	0	0	0	0	0	0	0	0	0	0	0	0	0	0	0	0	0	0	0	0,0000	0,0000	206,8207
2022-03-31	06:50:00		60	0	0	0	0	0	0	0	0	0	0	0	0	0	0	0	0	0	0	0	0	0,0000	0,0000	206,8207
2022-03-31	06:51:00		60	0	0	0	0	0	0	0	0	0	0	0	0	0	0	0	0	0	0	0	0	0,0000	0,0000	206,8207
2022-03-31	06:52:00		60	0	0	0	0	0	0	0	0	0	0	0	0	0	0	0	0	0	0	0	0	0,0000	0,0000	206,8207
2022-03-31	06:53:00		60	0	0	0	0	0	0	0	0	0	0	0	0	0	0	0	0	0	0	0	0	0,0000	0,0000	206,8207
2022-03-31	06:54:00		60	0	0	0	0	0	0	0	0	0	0	0	0	0	0	0	0	0	0	0	0	0,0000	0,0000	206,8207
2022-03-31	06:55:00		60	0	0	0	0	0	0	0	0	0	0	0	0	0	0	0	0	0	0	0	0	0,0000	0,0000	206,8207
2022-03-31	06:56:00		60	0	0	0	0	0	0	0	0	0	0	0	0	0	0	0	0	0	0	0	0	0,0000	0,0000	206,8207
2022-03-31	06:57:00		60	0	0	0	0	0	0	0	0	0	0	0	0	0	0	0	0	0	0	0	0	0,0000	0,0000	206,8207
2022-03-31	06:58:00		60	0	0	0	0	0	0	0	0	0	0	0	0	0	0	0	0	0	0	0	0	0,0000	0,0000	206,8207
2022-03-31	06:59:00		60	0	0	0	0	0	0	0	0	0	0	0	0	0	0	0	0	0	0	0	0	0,0000	0,0000	206,8207
2022-03-31	07:00:00		60	7	0	0	0	0	0	0	0	0	0	0	0	0	0	0	0	0	0	0	0	0,0020	0,0000	206,8207
2022-03-31	07:01:00		60	0	0	0	0	0	0	0	0	0	0	0	0	0	0	0	0	0	0	0	0	0,0000	0,0000	206,8207
2022-03-31	07:02:00		60	6	0	0	0	0	0	0	0	0	0	0	0	0	0	0	0	0	0	0	0	0,0017	0,0000	206,8208
2022-03-31	07:03:00		60	0	0	0	0	0	0	0	0	0	0	0	0	0	0	0	0	0	0	0	0	0,0000	0,0000	206,8208
2022-03-31	07:04:00		60	0	0	0	0	0	0	0	0	0	0	0	0	0	0	0	0	0	0	0	0	0,0000	0,0000	206,8208
2022-03-31	07:05:00		60	0	0	0	0	0	0	0	0	0	0	0	0	0	0	0	0	0	0	0	0	0,0000	0,0000	206,8208
2022-03-31	07:06:00		60	0	0	0	0	0	0	0	0	0	0	0	0	0	0	0	0	0	0	0	0	0,0000	0,0000	206,8208
2022-03-31	07:07:00		60	0	0	0	0	0	0	0	0	0	0	0	0	0	0	0	0	0	0	0	0	0,0000	0,0000	206,8208
2022-03-31	07:08:00		60	0	0	0	0	0	0	0	0	0	0	0	0	0	0	0	0	0	0	0	0	0,0000	0,0000	206,8208
2022-03-31	07:09:00		60	0	0	0	0	0	0	0	0	0	0	0	0	0	0	0	0	0	0	0	0	0,0000	0,0000	206,8208
2022-03-31	07:10:00		60	0	0	0	0	0	0	0	0	0	0	0	0	0	0	0	0	0	0	0	0	0,0000	0,0000	206,8208
2022-03-31	07:11:00		60	0	0	0	0	0	0	0	0	0	0	0	0	0	0	0	0	0	0	0	0	0,0000	0,0000	206,8208
2022-03-31	07:12:00		60	0	0	0	0	0	0	0	0	0	0	0	0	0	0	0	0	0	0	0	0	0,0000	0,0000	206,8208
2022-03-31	07:13:00		60	0	0	0	0	0	0	0	0	0	0	0	0	0	0	0	0	0	0	0	0	0,0000	0,0000	206,8208
2022-03-31	07:14:00		60	0	0	0	0	0	0	0	0	0	0	0	0	0	0	0	0	0	0	0	0	0,0000	0,0000	206,8208
2022-03-31	07:15:00		60	0	0	0	0	0	0	0	0	0	0	0	0	0	0	0	0	0	0	0	0	0,0000	0,0000	206,8208
2022-03-31	07:16:00		60	0	0	0	0	0	0	0	0	0	0	0	0	0	0	0	0	0	0	0	0	0,0000	0,0000	206,8208
2022-03-31	07:17:00		60	0	0	0	0	0	0	0	0	0	0	0	0	0	0	0	0	0	0	0	0	0,0000	0,0000	206,8208
2022-03-31	07:18:00		60	0	0	0	0	0	0	0	0	0	0	0	0	0	0	0	0	0	0	0	0	0,0000	0,0000	206,8208
2022-03-31	07:19:00		60	0	0	0	0	0	0	0	0	0	0	0	0	0	0	0	0	0	0	0	0	0,0000	0,0000	206,8208
2022-03-31	07:20:00		60	0	0	0	0	0	0	0	0	0	0	0	0	0	0	0	0	0	0	0	0	0,0000	0,0000	206,8208
2022-03-31	07:21:00		60	0	0	0	0	0	0	0	0	0	0	0	0	0	0	0	0	0	0	0	0	0,0000	0,0000	206,8208
2022-03-31	07:22:00		60	0	0	0	0	0	0	0	0	0	0	0	0	0	0	0	0	0	0	0	0	0,0000	0,0000	206,8208
2022-03-31	07:23:00		60	0	0	0	0	0	0	0	0	0	0	0	0	0	0	0	0	0	0	0	0	0,0000	0,0000	206,8208
2022-03-31	07:24:00		60	0	0	0	0	0	0	0	0	0	0	0	0	0	0	0	0	0	0	0	0	0,0000	0,0000	206,8208
2022-03-31	07:25:00		60	0	0	0	0	0	0	0	0	0	0	0	0	0	0	0	0	0	0	0	0	0,0000	0,0000	206,8208
2022-03-31	07:26:00		60	0	0	0	0	0	0	0	0	0	0	0	0	0	0	0	0	0	0	0	0	0,0000	0,0000	206,8208
2022-03-31	07:27:00		60	0	0	0	0	0	0	0	0	0	0	0	0	0	0	0	0	0	0	0	0	0,0000	0,0000	206,8208
2022-03-31	07:28:00		60	0	0	0	0	0	0	0	0	0	0	0	0	0	0	0	0	0	0	0	0	0,0000	0,0000	206,8208
2022-03-31	07:29:00		60	0	0	0	0	0	0	0	0	0	0	0	0	0	0	0	0	0	0	0	0	0,0000	0,0000	206,8208
2022-03-31	07:30:00		60	0	0	0	0	0	0	0	0	0	0	0	0	0	0	0	0	0	0	0	0	0,0000	0,0000	206,8208
2022-03-31	07:31:00		60	7	0	0	0	0	0	0	0	0	0	0	0	0	0	0	0	0	0	0	0	0,0020	0,0000	206,8208
2022-03-31	07:32:00		60	0	0	0	0	0	0	0	0	0	0	0	0	0	0	0	0	0	0	0	0	0,0000	0,0000	206,8208
2022-03-31	07:33:00		60	0	0	0	0	0	0	0	0	0	0	0	0	0	0	0	0	0	0	0	0	0,0000	0,0000	206,8208
2022-03-31	07:34:00		60	0	0	0	0	0	0	0	0	0	0	0	0	0	0	0	0	0	0	0	0	0,0000	0,0000	206,8208
2022-03-31	07:35:00		60	0	0	0	0	0	0	0	0	0	0	0	0	0	0	0	0	0	0	0	0	0,0000	0,0000	206,8208
2022-03-31	07:36:00		60	0	0	0	0	0	0	0	0	0	0	0	0	0	0	0	0	0	0	0	0	0,0000	0,0000	206,8208
2022-03-31	07:37:00		60	0	0	0	0	0	0	0	0	0	0	0	0	0	0	0	0	0	0	0	0	0,0000	0,0000	206,8208
2022-03-31	07:38:00		60	0	0	0	0	0	0	0	0	0	0	0	0	0	0	0	0	0	0	0	0	0,0000	0,0000	206,8208
2022-03-31	07:39:00		60	0	0	0	0	0	0	0	0	0	0	0	0	0	0	0	0	0	0	0	0	0,0000	0,0000	206,8208
2022-03-31	07:40:00		60	0	0	0	0	0	0	0	0	0	0	0	0	0	0	0	0	0	0	0	0	0,0000	0,0000	206,8208
2022-03-31	07:41:00		60	4	0	0	0	0	0	0	0	0	0	0	0	0	0	0	0	0	0	0	0	0,0012	0,0000	206,8208
2022-03-31	07:42:00		60	0	0	0	0	0	0	0	0	0	0	0	0	0	0	0	0	0	0	0	0	0,0000	0,0000	206,8208
2022-03-31	07:43:00		60	0	0	0	0	0	0	0	0	0	0	0	0	0	0	0	0	0	0	0	0	0,0000	0,0000	206,8208
2022-03-31	07:44:00		60	0	0	0	0	0	0	0	0	0	0	0	0	0	0	0	0	0	0	0	0	0,0000	0,0000	206,8208
2022-03-31	07:45:00		60	0	0	0	0	0	0	0	0	0	0	0	0	0	0	0	0	0	0	0	0	0,0000	0,0000	206,8208
2022-03-31	07:46:00		60	0	0	0	0	0	0	0	0	0	0	0	0	0	0	0	0	0	0	0	0	0,0000	0,0000	206,8208
2022-03-31	07:47:00		60	0	0	0	0	0	0	0	0	0	0	0	0	0	0	0	0	0	0	0	0	0,0000	0,0000	206,8208
2022-03-31	07:48:00		60	0	0	0	0	0	0	0	0	0	0	0	0	0	0	0	0	0	0	0	0	0,0000	0,0000	206,8208
2022-03-31	07:49:00		60	0	0	0	0	0	0	0	0	0	0	0	0	0	0	0	0	0	0	0	0	0,0000	0,0000	206,8208
2022-03-31	07:50:00		60	0	0	0	0	0	0	0	0	0	0	0	0	0	0	0	0	0	0	0	0	0,0000	0,0000	206,8208
2022-03-31	07:51:00		60	0	0	0	0	0	0	0	0	0	0	0	0	0	0	0	0	0	0	0	0	0,0000	0,0000	206,8208
2022-03-31	07:52:00		60	0	0	0	0	0	0	0	0	0	0	0	0	0	0	0	0	0	0	0	0	0,0000	0,0000	206,8208
2022-03-31	07:53:00		60	0	0	0	0	0	0	0	0	0	0	0	0	0	0	0	0	0	0	0	0	0,0000	0,0000	206,8208
2022-03-31	07:54:00		60	0	0	0	0	0	0	0	0	0	0	0	0	0	0	0	0	0	0	0	0	0,0000	0,0000	206,8208
2022-03-31	07:55:00		60	0	0	0	0	0	0	0	0	0	0	0	0	0	0	0	0	0	0	0	0	0,0000	0,0000	206,8208
2022-03-31	07:56:00		60	0	0	0	0	0	0	0	0	0	0	0	0	0	0	0	0	0	0	0	0	0,0000	0,0000	206,8208
2022-03-31	07:57:00		60	0	0	0	0	0	0	0	0	0	0	0	0	0	0	0	0	0	0	0	0	0,0000	0,0000	206,8208
2022-03-31	07:58:00		60	0	0	0	0	0	0	0	0	0	0	0	0	0	0	0	0	0	0	0	0	0,0000	0,0000	206,8208
2022-03-31	07:59:00		60	11	0	0	0	0	0	0	0	0	0	0	0	0	0	0	0	0	0	0	0	0,0032	0,0001	206,8209
2022-03-31	08:00:00		60	0	0	0	0	0	0	0	0	0	0	0	0	0	0	0	0	0	0	0	0	0,0000	0,0000	206,8209
2022-03-31	08:01:00		60	0	0	0	0	0	0	0	0	0	0	0	0	0	0	0	0	0	0	0	0	0,0000	0,0000	206,8209
2022-03-31	08:02:00		60	0	0	0	0	0	0	0	0	0	0	0	0	0	0	0	0	0	0	0	0	0,0000	0,0000	206,8209
2022-03-31	08:03:00		60	0	0	0	0	0	0	0	0	0	0	0	0	0	0	0	0	0	0	0	0	0,0000	0,0000	206,8209
2022-03-31	08:04:00		60	0	0	0	0	0	0	0	0	0	0	0	0	0	0	0	0	0	0	0	0	0,0000	0,0000	206,8209
2022-03-31	08:05:00		60	0	0	0	0	0	0	0	0	0	0	0	0	0	0	0	0	0	0	0	0	0,0000	0,0000	206,8209
2022-03-31	08:06:00		60	0	0	0	0	0	0	0	0	0	0	0	0	0	0	0	0	0	0	0	0	0,0000	0,0000	206,8209
2022-03-31	08:07:00		60	0	0	0	0	0	0	0	0	0	0	0	0	0	0	0	0	0	0	0	0	0,0000	0,0000	206,8209
2022-03-31	08:08:00		60	0	0	0	0	0	0	0	0	0	0	0	0	0	0	0	0	0	0	0	0	0,0000	0,0000	206,8209
2022-03-31	08:09:00		60	0	0	0	0	0	0	0	0	0	0	0	0	0	0	0	0	0	0	0	0	0,0000	0,0000	206,8209
2022-03-31	08:10:00		60	0	0	0	0	0	0	0	0	0	0	0	0	0	0	0	0	0	0	0	0	0,0000	0,0000	206,8209
2022-03-31	08:11:00		60	0	0	0	0	0	0	0	0	0	0	0	0	0	0	0	0	0	0	0	0	0,0000	0,0000	206,8209
2022-03-31	08:12:00		60	0	0	0	0	0	0	0	0	0	0	0	0	0	0	0	0	0	0	0	0	0,0000	0,0000	206,8209
2022-03-31	08:13:00		60	0	0	0	0	0	0	0	0	0	0	0	0	0	0	0	0	0	0	0	0	0,0000	0,0000	206,8209
2022-03-31	08:14:00		60	0	0	0	0	0	0	0	0	0	0	0	0	0	0	0	0	0	0	0	0	0,0000	0,0000	206,8209
2022-03-31	08:15:00		60	0	0	0	0	0	0	0	0	0	0	0	0	0	0	0	0	0	0	0	0	0,0000	0,0000	206,8209
2022-03-31	08:16:00		60	0	0	0	0	0	0	0	0	0	0	0	0	0	0	0	0	0	0	0	0	0,0000	0,0000	206,8209
2022-03-31	08:17:00		60	0	0	0	0	0	0	0	0	0	0	0	0	0	0	0	0	0	0	0	0	0,0000	0,0000	206,8209
2022-03-31	08:18:00		60	0	0	0	0	0	0	0	0	0	0	0	0	0	0	0	0	0	0	0	0	0,0000	0,0000	206,8209
2022-03-31	08:19:00		60	0	0	0	0	0	0	0	0	0	0	0	0	0	0	0	0	0	0	0	0	0,0000	0,0000	206,8209
2022-03-31	08:20:00		60	4	0	0	0	0	0	0	0	0	0	0	0	0	0	0	0	0	0	0	0	0,0012	0,0000	206,8209
2022-03-31	08:21:00		60	0	0	0	0	0	0	0	0	0	0	0	0	0	0	0	0	0	0	0	0	0,0000	0,0000	206,8209
2022-03-31	08:22:00		60	0	0	0	0	0	0	0	0	0	0	0	0	0	0	0	0	0	0	0	0	0,0000	0,0000	206,8209
2022-03-31	08:23:00		60	0	0	0	0	0	0	0	0	0	0	0	0	0	0	0	0	0	0	0	0	0,0000	0,0000	206,8209
2022-03-31	08:24:00		60	0	0	0	0	0	0	0	0	0	0	0	0	0	0	0	0	0	0	0	0	0,0000	0,0000	206,8209
2022-03-31	08:25:00		60	0	0	0	0	0	0	0	0	0	0	0	0	0	0	0	0	0	0	0	0	0,0000	0,0000	206,8209
2022-03-31	08:26:00		60	0	0	0	0	0	0	0	0	0	0	0	0	0	0	0	0	0	0	0	0	0,0000	0,0000	206,8209
2022-03-31	08:27:00		60	0	0	0	0	0	0	0	0	0	0	0	0	0	0	0	0	0	0	0	0	0,0000	0,0000	206,8209
2022-03-31	08:28:00		60	0	0	0	0	0	0	0	0	0	0	0	0	0	0	0	0	0	0	0	0	0,0000	0,0000	206,8209
2022-03-31	08:29:00		60	0	0	0	0	0	0	0	0	0	0	0	0	0	0	0	0	0	0	0	0	0,0000	0,0000	206,8209
2022-03-31	08:30:00		60	0	0	0	0	0	0	0	0	0	0	0	0	0	0	0	0	0	0	0	0	0,0000	0,0000	206,8209
2022-03-31	08:31:00		60	0	0	0	0	0	0	0	0	0	0	0	0	0	0	0	0	0	0	0	0	0,0000	0,0000	206,8209
2022-03-31	08:32:00		60	0	0	0	0	0	0	0	0	0	0	0	0	0	0	0	0	0	0	0	0	0,0000	0,0000	206,8209
2022-03-31	08:33:00		60	0	0	0	0	0	0	0	0	0	0	0	0	0	0	0	0	0	0	0	0	0,0000	0,0000	206,8209
2022-03-31	08:34:00		60	0	0	0	0	0	0	0	0	0	0	0	0	0	0	0	0	0	0	0	0	0,0000	0,0000	206,8209
2022-03-31	08:35:00		60	0	0	0	0	0	0	0	0	0	0	0	0	0	0	0	0	0	0	0	0	0,0000	0,0000	206,8209
2022-03-31	08:36:00		60	0	0	0	0	0	0	0	0	0	0	0	0	0	0	0	0	0	0	0	0	0,0000	0,0000	206,8209
2022-03-31	08:37:00		60	0	0	0	0	0	0	0	0	0	0	0	0	0	0	0	0	0	0	0	0	0,0000	0,0000	206,8209
2022-03-31	08:38:00		60	0	0	0	0	0	0	0	0	0	0	0	0	0	0	0	0	0	0	0	0	0,0000	0,0000	206,8209
2022-03-31	08:39:00		60	8	0	0	0	0	0	0	0	0	0	0	0	0	0	0	0	0	0	0	0	0,0023	0,0000	206,8209
2022-03-31	08:40:00		60	0	0	0	0	0	0	0	0	0	0	0	0	0	0	0	0	0	0	0	0	0,0000	0,0000	206,8209
2022-03-31	08:41:00		60	0	0	0	0	0	0	0	0	0	0	0	0	0	0	0	0	0	0	0	0	0,0000	0,0000	206,8209
2022-03-31	08:42:00		60	0	0	0	0	0	0	0	0	0	0	0	0	0	0	0	0	0	0	0	0	0,0000	0,0000	206,8209
2022-03-31	08:43:00		60	0	0	0	0	0	0	0	0	0	0	0	0	0	0	0	0	0	0	0	0	0,0000	0,0000	206,8209
2022-03-31	08:44:00		60	0	0	0	0	0	0	0	0	0	0	0	0	0	0	0	0	0	0	0	0	0,0000	0,0000	206,8209
2022-03-31	08:45:00		60	0	0	0	0	0	0	0	0	0	0	0	0	0	0	0	0	0	0	0	0	0,0000	0,0000	206,8209
2022-03-31	08:46:00		60	0	0	0	0	0	0	0	0	0	0	0	0	0	0	0	0	0	0	0	0	0,0000	0,0000	206,8209
2022-03-31	08:47:00		60	4	0	0	0	0	0	0	0	0	0	0	0	0	0	0	0	0	0	0	0	0,0012	0,0000	206,8209
2022-03-31	08:48:00		60	0	0	0	0	0	0	0	0	0	0	0	0	0	0	0	0	0	0	0	0	0,0000	0,0000	206,8209
2022-03-31	08:49:00		60	0	0	0	0	0	0	0	0	0	0	0	0	0	0	0	0	0	0	0	0	0,0000	0,0000	206,8209
2022-03-31	08:50:00		60	0	0	0	0	0	0	0	0	0	0	0	0	0	0	0	0	0	0	0	0	0,0000	0,0000	206,8209
2022-03-31	08:51:00		60	0	0	0	0	0	0	0	0	0	0	0	0	0	0	0	0	0	0	0	0	0,0000	0,0000	206,8209
2022-03-31	08:52:00		60	0	0	0	0	0	0	0	0	0	0	0	0	0	0	0	0	0	0	0	0	0,0000	0,0000	206,8209
2022-03-31	08:53:00		60	0	0	0	0	0	0	0	0	0	0	0	0	0	0	0	0	0	0	0	0	0,0000	0,0000	206,8209
2022-03-31	08:54:00		60	0	0	0	0	0	0	0	0	0	0	0	0	0	0	0	0	0	0	0	0	0,0000	0,0000	206,8209
2022-03-31	08:55:00		60	0	0	0	0	0	0	0	0	0	0	0	0	0	0	0	0	0	0	0	0	0,0000	0,0000	206,8209
2022-03-31	08:56:00		60	0	0	0	0	0	0	0	0	0	0	0	0	0	0	0	0	0	0	0	0	0,0000	0,0000	206,8209
2022-03-31	08:57:00		60	4	0	0	0	0	0	0	0	0	0	0	0	0	0	0	0	0	0	0	0	0,0012	0,0000	206,8210
2022-03-31	08:58:00		60	0	0	0	0	0	0	0	0	0	0	0	0	0	0	0	0	0	0	0	0	0,0000	0,0000	206,8210
2022-03-31	08:59:00		60	11	0	0	0	0	0	0	0	0	0	0	0	0	0	0	0	0	0	0	0	0,0032	0,0001	206,8210
2022-03-31	09:00:00		60	0	0	0	0	0	0	0	0	0	0	0	0	0	0	0	0	0	0	0	0	0,0000	0,0000	206,8210
2022-03-31	09:01:00		60	0	0	0	0	0	0	0	0	0	0	0	0	0	0	0	0	0	0	0	0	0,0000	0,0000	206,8210
2022-03-31	09:02:00		60	0	0	0	0	0	0	0	0	0	0	0	0	0	0	0	0	0	0	0	0	0,0000	0,0000	206,8210
2022-03-31	09:03:00		60	0	0	0	0	0	0	0	0	0	0	0	0	0	0	0	0	0	0	0	0	0,0000	0,0000	206,8210
2022-03-31	09:04:00		60	0	0	0	0	0	0	0	0	0	0	0	0	0	0	0	0	0	0	0	0	0,0000	0,0000	206,8210
2022-03-31	09:05:00		60	0	0	0	0	0	0	0	0	0	0	0	0	0	0	0	0	0	0	0	0	0,0000	0,0000	206,8210
2022-03-31	09:06:00		60	0	0	0	0	0	0	0	0	0	0	0	0	0	0	0	0	0	0	0	0	0,0000	0,0000	206,8210
2022-03-31	09:07:00		60	0	0	0	0	0	0	0	0	0	0	0	0	0	0	0	0	0	0	0	0	0,0000	0,0000	206,8210
2022-03-31	09:08:00		60	0	0	0	0	0	0	0	0	0	0	0	0	0	0	0	0	0	0	0	0	0,0000	0,0000	206,8210
2022-03-31	09:09:00		60	0	0	0	0	0	0	0	0	0	0	0	0	0	0	0	0	0	0	0	0	0,0000	0,0000	206,8210
2022-03-31	09:10:00		60	0	0	0	0	0	0	0	0	0	0	0	0	0	0	0	0	0	0	0	0	0,0000	0,0000	206,8210
2022-03-31	09:11:00		60	0	0	0	0	0	0	0	0	0	0	0	0	0	0	0	0	0	0	0	0	0,0000	0,0000	206,8210
