YYYY-MM-DD	hh:mm:ss	Status	Interval [s]	n1	n2	n3	n4	n5	n6	n7	n8	n9	n10	n11	n12	n13	n14	n15	n16	n17	n18	n19	n20	RI [mm/h]	RA [mm]	RAT [mm]
2022-03-17	18:29:00		60	24	0	0	0	0	0	0	0	0	0	0	0	0	0	0	0	0	0	0	0	0,0070	0,0001	37,3075
2022-03-17	18:30:00		60	7	0	0	0	0	0	0	0	0	0	0	0	0	0	0	0	0	0	0	0	0,0020	0,0000	37,3075
2022-03-17	18:31:00		60	11	0	0	0	0	0	0	0	0	0	0	0	0	0	0	0	0	0	0	0	0,0032	0,0001	37,3076
2022-03-17	18:32:00		60	12	0	0	0	0	0	0	0	0	0	0	0	0	0	0	0	0	0	0	0	0,0035	0,0001	37,3076
2022-03-17	18:33:00		60	16	0	0	0	0	0	0	0	0	0	0	0	0	0	0	0	0	0	0	0	0,0047	0,0001	37,3077
2022-03-17	18:34:00		60	9	0	0	0	0	0	0	0	0	0	0	0	0	0	0	0	0	0	0	0	0,0026	0,0000	37,3077
2022-03-17	18:35:00		60	11	0	0	0	0	0	0	0	0	0	0	0	0	0	0	0	0	0	0	0	0,0032	0,0001	37,3078
2022-03-17	18:36:00		60	12	0	0	0	0	0	0	0	0	0	0	0	0	0	0	0	0	0	0	0	0,0035	0,0001	37,3079
2022-03-17	18:37:00		60	13	0	0	0	0	0	0	0	0	0	0	0	0	0	0	0	0	0	0	0	0,0038	0,0001	37,3079
2022-03-17	18:38:00		60	17	1	1	0	0	0	0	0	0	0	0	0	0	0	0	0	0	0	0	0	0,0066	0,0001	37,3080
2022-03-17	18:39:00		60	19	0	0	0	0	0	0	0	0	0	0	0	0	0	0	0	0	0	0	0	0,0055	0,0001	37,3081
2022-03-17	18:40:00		60	9	0	0	0	0	0	0	0	0	0	0	0	0	0	0	0	0	0	0	0	0,0026	0,0000	37,3082
2022-03-17	18:41:00		60	11	0	0	0	0	0	0	0	0	0	0	0	0	0	0	0	0	0	0	0	0,0032	0,0001	37,3082
2022-03-17	18:42:00		60	13	0	0	0	0	0	0	0	0	0	0	0	0	0	0	0	0	0	0	0	0,0038	0,0001	37,3083
2022-03-17	18:43:00		60	20	0	0	0	0	0	0	0	0	0	0	0	0	0	0	0	0	0	0	0	0,0058	0,0001	37,3084
2022-03-17	18:44:00		60	8	0	0	0	0	0	0	0	0	0	0	0	0	0	0	0	0	0	0	0	0,0023	0,0000	37,3084
2022-03-17	18:45:00		60	6	0	0	0	0	0	0	0	0	0	0	0	0	0	0	0	0	0	0	0	0,0017	0,0000	37,3084
2022-03-17	18:46:00		60	6	0	0	0	0	0	0	0	0	0	0	0	0	0	0	0	0	0	0	0	0,0017	0,0000	37,3085
2022-03-17	18:47:00		60	7	0	0	0	0	0	0	0	0	0	0	0	0	0	0	0	0	0	0	0	0,0020	0,0000	37,3085
2022-03-17	18:48:00		60	37	0	0	0	0	0	0	0	0	0	0	0	0	0	0	0	0	0	0	0	0,0108	0,0002	37,3087
2022-03-17	18:49:00		60	13	0	0	0	0	0	0	0	0	0	0	0	0	0	0	0	0	0	0	0	0,0038	0,0001	37,3088
2022-03-17	18:50:00		60	12	0	0	0	0	0	0	0	0	0	0	0	0	0	0	0	0	0	0	0	0,0035	0,0001	37,3088
2022-03-17	18:51:00		60	4	0	0	0	0	0	0	0	0	0	0	0	0	0	0	0	0	0	0	0	0,0012	0,0000	37,3088
2022-03-17	18:52:00		60	0	0	0	0	0	0	0	0	0	0	0	0	0	0	0	0	0	0	0	0	0,0000	0,0000	37,3088
2022-03-17	18:53:00		60	0	0	0	0	0	0	0	0	0	0	0	0	0	0	0	0	0	0	0	0	0,0000	0,0000	37,3088
2022-03-17	18:54:00		60	0	0	0	0	0	0	0	0	0	0	0	0	0	0	0	0	0	0	0	0	0,0000	0,0000	37,3088
2022-03-17	18:55:00		60	4	0	0	0	0	0	0	0	0	0	0	0	0	0	0	0	0	0	0	0	0,0012	0,0000	37,3089
2022-03-17	18:56:00		60	0	0	0	0	0	0	0	0	0	0	0	0	0	0	0	0	0	0	0	0	0,0000	0,0000	37,3089
2022-03-17	18:57:00		60	0	0	0	0	0	0	0	0	0	0	0	0	0	0	0	0	0	0	0	0	0,0000	0,0000	37,3089
2022-03-17	18:58:00		60	0	0	0	0	0	0	0	0	0	0	0	0	0	0	0	0	0	0	0	0	0,0000	0,0000	37,3089
2022-03-17	18:59:00		60	0	0	0	0	0	0	0	0	0	0	0	0	0	0	0	0	0	0	0	0	0,0000	0,0000	37,3089
2022-03-17	19:00:00		60	5	0	0	0	0	0	0	0	0	0	0	0	0	0	0	0	0	0	0	0	0,0015	0,0000	37,3089
2022-03-17	19:01:00		60	4	2	0	0	0	0	0	0	0	0	0	0	0	0	0	0	0	0	0	0	0,0023	0,0000	37,3089
2022-03-17	19:02:00		60	0	0	0	0	0	0	0	0	0	0	0	0	0	0	0	0	0	0	0	0	0,0000	0,0000	37,3089
2022-03-17	19:03:00		60	10	1	0	0	0	0	0	0	0	0	0	0	0	0	0	0	0	0	0	0	0,0035	0,0001	37,3090
2022-03-17	19:04:00		60	0	0	0	0	0	0	0	0	0	0	0	0	0	0	0	0	0	0	0	0	0,0000	0,0000	37,3090
2022-03-17	19:05:00		60	0	0	0	0	0	0	0	0	0	0	0	0	0	0	0	0	0	0	0	0	0,0000	0,0000	37,3090
2022-03-17	19:06:00		60	4	0	0	0	0	0	0	0	0	0	0	0	0	0	0	0	0	0	0	0	0,0012	0,0000	37,3090
2022-03-17	19:07:00		60	4	0	0	0	0	0	0	0	0	0	0	0	0	0	0	0	0	0	0	0	0,0012	0,0000	37,3090
2022-03-17	19:08:00		60	4	0	0	0	0	0	0	0	0	0	0	0	0	0	0	0	0	0	0	0	0,0012	0,0000	37,3090
2022-03-17	19:09:00		60	0	0	0	0	0	0	0	0	0	0	0	0	0	0	0	0	0	0	0	0	0,0000	0,0000	37,3090
2022-03-17	19:10:00		60	0	0	0	0	0	0	0	0	0	0	0	0	0	0	0	0	0	0	0	0	0,0000	0,0000	37,3090
2022-03-17	19:11:00		60	0	0	0	0	0	0	0	0	0	0	0	0	0	0	0	0	0	0	0	0	0,0000	0,0000	37,3090
2022-03-17	19:12:00		60	0	0	0	0	0	0	0	0	0	0	0	0	0	0	0	0	0	0	0	0	0,0000	0,0000	37,3090
2022-03-17	19:13:00		60	0	0	0	0	0	0	0	0	0	0	0	0	0	0	0	0	0	0	0	0	0,0000	0,0000	37,3090
2022-03-17	19:14:00		60	0	0	0	0	0	0	0	0	0	0	0	0	0	0	0	0	0	0	0	0	0,0000	0,0000	37,3090
2022-03-17	19:15:00		60	0	0	0	0	0	0	0	0	0	0	0	0	0	0	0	0	0	0	0	0	0,0000	0,0000	37,3090
2022-03-17	19:16:00		60	0	0	0	0	0	0	0	0	0	0	0	0	0	0	0	0	0	0	0	0	0,0000	0,0000	37,3090
2022-03-17	19:17:00		60	0	0	0	0	0	0	0	0	0	0	0	0	0	0	0	0	0	0	0	0	0,0000	0,0000	37,3090
2022-03-17	19:18:00		60	0	0	0	0	0	0	0	0	0	0	0	0	0	0	0	0	0	0	0	0	0,0000	0,0000	37,3090
2022-03-17	19:19:00		60	0	0	0	0	0	0	0	0	0	0	0	0	0	0	0	0	0	0	0	0	0,0000	0,0000	37,3090
2022-03-17	19:20:00		60	0	0	0	0	0	0	0	0	0	0	0	0	0	0	0	0	0	0	0	0	0,0000	0,0000	37,3090
2022-03-17	19:21:00		60	0	0	0	0	0	0	0	0	0	0	0	0	0	0	0	0	0	0	0	0	0,0000	0,0000	37,3090
2022-03-17	19:22:00		60	5	0	0	0	0	0	0	0	0	0	0	0	0	0	0	0	0	0	0	0	0,0015	0,0000	37,3091
2022-03-17	19:23:00		60	6	0	0	0	0	0	0	0	0	0	0	0	0	0	0	0	0	0	0	0	0,0017	0,0000	37,3091
2022-03-17	19:24:00		60	19	5	0	0	0	0	0	0	0	0	0	0	0	0	0	0	0	0	0	0	0,0085	0,0001	37,3092
2022-03-17	19:25:00		60	0	0	0	0	0	0	0	0	0	0	0	0	0	0	0	0	0	0	0	0	0,0000	0,0000	37,3092
2022-03-17	19:26:00		60	0	0	1	2	0	0	0	1	0	0	0	0	0	0	0	0	0	0	0	0	0,0194	0,0003	37,3095
2022-03-17	19:27:00		60	0	0	0	0	0	0	0	0	0	0	0	0	0	0	0	0	0	0	0	0	0,0000	0,0000	37,3095
2022-03-17	19:28:00		60	0	0	0	0	0	0	0	0	0	0	0	0	0	0	0	0	0	0	0	0	0,0000	0,0000	37,3095
2022-03-17	19:29:00		60	0	0	0	0	0	0	0	0	0	0	0	0	0	0	0	0	0	0	0	0	0,0000	0,0000	37,3095
2022-03-17	19:30:00		60	0	0	0	0	0	0	0	0	0	0	0	0	0	0	0	0	0	0	0	0	0,0000	0,0000	37,3095
2022-03-17	19:31:00		60	4	1	0	0	0	0	0	0	0	0	0	0	0	0	0	0	0	0	0	0	0,0018	0,0000	37,3096
2022-03-17	19:32:00		60	0	0	0	0	0	0	0	0	0	0	0	0	0	0	0	0	0	0	0	0	0,0000	0,0000	37,3096
2022-03-17	19:33:00		60	0	0	0	0	0	0	0	0	0	0	0	0	0	0	0	0	0	0	0	0	0,0000	0,0000	37,3096
2022-03-17	19:34:00		60	5	0	0	0	0	0	0	0	0	0	0	0	0	0	0	0	0	0	0	0	0,0015	0,0000	37,3096
2022-03-17	19:35:00		60	3	0	1	0	0	0	0	0	0	0	0	0	0	0	0	0	0	0	0	0	0,0019	0,0000	37,3096
2022-03-17	19:36:00		60	0	0	0	0	0	0	0	0	0	0	0	0	0	0	0	0	0	0	0	0	0,0000	0,0000	37,3096
2022-03-17	19:37:00		60	8	0	0	0	0	0	0	0	0	0	0	0	0	0	0	0	0	0	0	0	0,0023	0,0000	37,3097
2022-03-17	19:38:00		60	0	0	0	0	0	0	0	0	0	0	0	0	0	0	0	0	0	0	0	0	0,0000	0,0000	37,3097
2022-03-17	19:39:00		60	5	1	0	0	0	0	0	0	0	0	0	0	0	0	0	0	0	0	0	0	0,0020	0,0000	37,3097
2022-03-17	19:40:00		60	7	0	0	0	0	0	0	0	0	0	0	0	0	0	0	0	0	0	0	0	0,0020	0,0000	37,3097
2022-03-17	19:41:00		60	10	2	0	0	0	0	0	0	0	0	0	0	0	0	0	0	0	0	0	0	0,0041	0,0001	37,3098
2022-03-17	19:42:00		60	5	0	0	0	0	0	0	0	0	0	0	0	0	0	0	0	0	0	0	0	0,0015	0,0000	37,3098
2022-03-17	19:43:00		60	5	0	0	0	0	0	0	0	0	0	0	0	0	0	0	0	0	0	0	0	0,0015	0,0000	37,3099
2022-03-17	19:44:00		60	10	0	1	0	0	0	0	0	0	0	0	0	0	0	0	0	0	0	0	0	0,0040	0,0001	37,3099
2022-03-17	19:45:00		60	6	0	0	0	0	0	0	0	0	0	0	0	0	0	0	0	0	0	0	0	0,0017	0,0000	37,3100
2022-03-17	19:46:00		60	6	0	0	0	0	0	0	0	0	0	0	0	0	0	0	0	0	0	0	0	0,0017	0,0000	37,3100
2022-03-17	19:47:00		60	6	0	0	0	0	0	0	0	0	0	0	0	0	0	0	0	0	0	0	0	0,0017	0,0000	37,3100
2022-03-17	19:48:00		60	17	2	0	0	0	0	0	0	0	0	0	0	0	0	0	0	0	0	0	0	0,0061	0,0001	37,3101
2022-03-17	19:49:00		60	0	0	0	0	0	0	0	0	0	0	0	0	0	0	0	0	0	0	0	0	0,0000	0,0000	37,3101
2022-03-17	19:50:00		60	5	0	0	0	0	0	0	0	0	0	0	0	0	0	0	0	0	0	0	0	0,0015	0,0000	37,3101
2022-03-17	19:51:00		60	9	0	0	0	0	0	0	0	0	0	0	0	0	0	0	0	0	0	0	0	0,0026	0,0000	37,3102
2022-03-17	19:52:00		60	6	0	0	0	0	0	0	0	0	0	0	0	0	0	0	0	0	0	0	0	0,0017	0,0000	37,3102
2022-03-17	19:53:00		60	0	0	0	0	0	0	0	0	0	0	0	0	0	0	0	0	0	0	0	0	0,0000	0,0000	37,3102
2022-03-17	19:54:00		60	6	0	0	0	0	0	0	0	0	0	0	0	0	0	0	0	0	0	0	0	0,0017	0,0000	37,3102
2022-03-17	19:55:00		60	10	0	0	0	0	0	0	0	0	0	0	0	0	0	0	0	0	0	0	0	0,0029	0,0000	37,3103
2022-03-17	19:56:00		60	13	0	0	0	0	0	0	0	0	0	0	0	0	0	0	0	0	0	0	0	0,0038	0,0001	37,3103
2022-03-17	19:57:00		60	6	0	0	0	0	0	0	0	0	0	0	0	0	0	0	0	0	0	0	0	0,0017	0,0000	37,3104
2022-03-17	19:58:00		60	16	0	0	0	0	0	0	0	0	0	0	0	0	0	0	0	0	0	0	0	0,0047	0,0001	37,3105
2022-03-17	19:59:00		60	5	0	0	0	0	0	0	0	0	0	0	0	0	0	0	0	0	0	0	0	0,0015	0,0000	37,3105
2022-03-17	20:00:00		60	0	0	0	0	0	0	0	0	0	0	0	0	0	0	0	0	0	0	0	0	0,0000	0,0000	37,3105
2022-03-17	20:01:00		60	4	0	0	0	0	0	0	0	0	0	0	0	0	0	0	0	0	0	0	0	0,0012	0,0000	37,3105
2022-03-17	20:02:00		60	4	0	0	0	0	0	0	0	0	0	0	0	0	0	0	0	0	0	0	0	0,0012	0,0000	37,3105
2022-03-17	20:03:00		60	4	0	0	0	0	0	0	0	0	0	0	0	0	0	0	0	0	0	0	0	0,0012	0,0000	37,3105
2022-03-17	20:04:00		60	11	0	0	0	0	0	0	0	0	0	0	0	0	0	0	0	0	0	0	0	0,0032	0,0001	37,3106
2022-03-17	20:05:00		60	4	0	0	0	0	0	0	0	0	0	0	0	0	0	0	0	0	0	0	0	0,0012	0,0000	37,3106
2022-03-17	20:06:00		60	8	0	0	0	0	0	0	0	0	0	0	0	0	0	0	0	0	0	0	0	0,0023	0,0000	37,3107
2022-03-17	20:07:00		60	5	0	0	0	0	0	0	0	0	0	0	0	0	0	0	0	0	0	0	0	0,0015	0,0000	37,3107
2022-03-17	20:08:00		60	0	0	0	0	0	0	0	0	0	0	0	0	0	0	0	0	0	0	0	0	0,0000	0,0000	37,3107
2022-03-17	20:09:00		60	0	0	0	0	0	0	0	0	0	0	0	0	0	0	0	0	0	0	0	0	0,0000	0,0000	37,3107
2022-03-17	20:10:00		60	0	0	0	0	0	0	0	0	0	0	0	0	0	0	0	0	0	0	0	0	0,0000	0,0000	37,3107
2022-03-17	20:11:00		60	0	0	0	0	0	0	0	0	0	0	0	0	0	0	0	0	0	0	0	0	0,0000	0,0000	37,3107
2022-03-17	20:12:00		60	4	0	0	0	0	0	0	0	0	0	0	0	0	0	0	0	0	0	0	0	0,0012	0,0000	37,3107
2022-03-17	20:13:00		60	6	0	0	0	0	0	0	0	0	0	0	0	0	0	0	0	0	0	0	0	0,0017	0,0000	37,3107
2022-03-17	20:14:00		60	0	0	0	0	0	0	0	0	0	0	0	0	0	0	0	0	0	0	0	0	0,0000	0,0000	37,3107
2022-03-17	20:15:00		60	0	0	0	0	0	0	0	0	0	0	0	0	0	0	0	0	0	0	0	0	0,0000	0,0000	37,3107
2022-03-17	20:16:00		60	8	0	0	0	0	0	0	0	0	0	0	0	0	0	0	0	0	0	0	0	0,0023	0,0000	37,3108
2022-03-17	20:17:00		60	8	0	0	0	0	0	0	0	0	0	0	0	0	0	0	0	0	0	0	0	0,0023	0,0000	37,3108
2022-03-17	20:18:00		60	15	0	0	0	0	0	0	0	0	0	0	0	0	0	0	0	0	0	0	0	0,0044	0,0001	37,3109
2022-03-17	20:19:00		60	7	0	0	0	0	0	0	0	0	0	0	0	0	0	0	0	0	0	0	0	0,0020	0,0000	37,3109
2022-03-17	20:20:00		60	24	0	0	0	0	0	0	0	0	0	0	0	0	0	0	0	0	0	0	0	0,0070	0,0001	37,3110
2022-03-17	20:21:00		60	8	0	0	0	0	0	0	0	0	0	0	0	0	0	0	0	0	0	0	0	0,0023	0,0000	37,3111
2022-03-17	20:22:00		60	42	0	0	0	0	0	0	0	0	0	0	0	0	0	0	0	0	0	0	0	0,0122	0,0002	37,3113
2022-03-17	20:23:00		60	11	0	0	0	0	0	0	0	0	0	0	0	0	0	0	0	0	0	0	0	0,0032	0,0001	37,3113
2022-03-17	20:24:00		60	15	0	0	0	0	0	0	0	0	0	0	0	0	0	0	0	0	0	0	0	0,0044	0,0001	37,3114
2022-03-17	20:25:00		60	39	0	0	0	0	0	0	0	0	0	0	0	0	0	0	0	0	0	0	0	0,0113	0,0002	37,3116
2022-03-17	20:26:00		60	15	0	0	0	0	0	0	0	0	0	0	0	0	0	0	0	0	0	0	0	0,0044	0,0001	37,3117
2022-03-17	20:27:00		60	26	0	0	0	0	0	0	0	0	0	0	0	0	0	0	0	0	0	0	0	0,0076	0,0001	37,3118
2022-03-17	20:28:00		60	0	0	0	0	0	0	0	0	0	0	0	0	0	0	0	0	0	0	0	0	0,0000	0,0000	37,3118
2022-03-17	20:29:00		60	3	1	1	0	0	0	0	0	0	0	0	0	0	0	0	0	0	0	0	0	0,0025	0,0000	37,3118
2022-03-17	20:30:00		60	0	0	0	0	0	0	0	0	0	0	0	0	0	0	0	0	0	0	0	0	0,0000	0,0000	37,3118
2022-03-17	20:31:00		60	0	0	0	0	0	0	0	0	0	0	0	0	0	0	0	0	0	0	0	0	0,0000	0,0000	37,3118
2022-03-17	20:32:00		60	6	3	1	0	0	0	0	0	0	0	0	0	0	0	0	0	0	0	0	0	0,0046	0,0001	37,3119
2022-03-17	20:33:00		60	0	0	0	0	0	0	0	0	0	0	0	0	0	0	0	0	0	0	0	0	0,0000	0,0000	37,3119
2022-03-17	20:34:00		60	0	0	0	0	0	0	0	0	0	0	0	0	0	0	0	0	0	0	0	0	0,0000	0,0000	37,3119
2022-03-17	20:35:00		60	9	0	0	0	0	0	0	0	0	0	0	0	0	0	0	0	0	0	0	0	0,0026	0,0000	37,3119
2022-03-17	20:36:00		60	4	1	0	0	0	0	0	0	0	0	0	0	0	0	0	0	0	0	0	0	0,0018	0,0000	37,3120
2022-03-17	20:37:00		60	0	0	0	0	0	0	0	0	0	0	0	0	0	0	0	0	0	0	0	0	0,0000	0,0000	37,3120
2022-03-17	20:38:00		60	0	0	0	0	0	0	0	0	0	0	0	0	0	0	0	0	0	0	0	0	0,0000	0,0000	37,3120
2022-03-17	20:39:00		60	0	0	0	0	0	0	0	0	0	0	0	0	0	0	0	0	0	0	0	0	0,0000	0,0000	37,3120
2022-03-17	20:40:00		60	0	0	0	0	0	0	0	0	0	0	0	0	0	0	0	0	0	0	0	0	0,0000	0,0000	37,3120
2022-03-17	20:41:00		60	7	3	1	0	0	0	0	0	0	0	0	0	0	0	0	0	0	0	0	0	0,0049	0,0001	37,3121
2022-03-17	20:42:00		60	0	0	0	0	0	0	0	0	0	0	0	0	0	0	0	0	0	0	0	0	0,0000	0,0000	37,3121
2022-03-17	20:43:00		60	0	0	0	0	0	0	0	0	0	0	0	0	0	0	0	0	0	0	0	0	0,0000	0,0000	37,3121
2022-03-17	20:44:00		60	0	0	0	0	0	0	0	0	0	0	0	0	0	0	0	0	0	0	0	0	0,0000	0,0000	37,3121
2022-03-17	20:45:00		60	0	0	0	0	0	0	0	0	0	0	0	0	0	0	0	0	0	0	0	0	0,0000	0,0000	37,3121
2022-03-17	20:46:00		60	0	0	0	0	0	0	0	0	0	0	0	0	0	0	0	0	0	0	0	0	0,0000	0,0000	37,3121
2022-03-17	20:47:00		60	0	0	0	0	0	0	0	0	0	0	0	0	0	0	0	0	0	0	0	0	0,0000	0,0000	37,3121
2022-03-17	20:48:00		60	0	0	0	0	0	0	0	0	0	0	0	0	0	0	0	0	0	0	0	0	0,0000	0,0000	37,3121
2022-03-17	20:49:00		60	0	0	0	0	0	0	0	0	0	0	0	0	0	0	0	0	0	0	0	0	0,0000	0,0000	37,3121
2022-03-17	20:50:00		60	0	0	0	0	0	0	0	0	0	0	0	0	0	0	0	0	0	0	0	0	0,0000	0,0000	37,3121
2022-03-17	20:51:00		60	0	0	0	0	0	0	0	0	0	0	0	0	0	0	0	0	0	0	0	0	0,0000	0,0000	37,3121
2022-03-17	20:52:00		60	4	1	0	0	0	0	0	0	0	0	0	0	0	0	0	0	0	0	0	0	0,0018	0,0000	37,3121
2022-03-17	20:53:00		60	0	0	0	0	0	0	0	0	0	0	0	0	0	0	0	0	0	0	0	0	0,0000	0,0000	37,3121
2022-03-17	20:54:00		60	6	0	0	0	0	0	0	0	0	0	0	0	0	0	0	0	0	0	0	0	0,0017	0,0000	37,3121
2022-03-17	20:55:00		60	0	0	0	0	0	0	0	0	0	0	0	0	0	0	0	0	0	0	0	0	0,0000	0,0000	37,3121
2022-03-17	20:56:00		60	0	0	0	0	0	0	0	0	0	0	0	0	0	0	0	0	0	0	0	0	0,0000	0,0000	37,3121
2022-03-17	20:57:00		60	0	0	0	0	0	0	0	0	0	0	0	0	0	0	0	0	0	0	0	0	0,0000	0,0000	37,3121
2022-03-17	20:58:00		60	0	0	0	0	0	0	0	0	0	0	0	0	0	0	0	0	0	0	0	0	0,0000	0,0000	37,3121
2022-03-17	20:59:00		60	0	0	0	0	0	0	0	0	0	0	0	0	0	0	0	0	0	0	0	0	0,0000	0,0000	37,3121
2022-03-17	21:00:00		60	0	0	0	0	0	0	0	0	0	0	0	0	0	0	0	0	0	0	0	0	0,0000	0,0000	37,3121
2022-03-17	21:01:00		60	0	0	0	0	0	0	0	0	0	0	0	0	0	0	0	0	0	0	0	0	0,0000	0,0000	37,3121
2022-03-17	21:02:00		60	0	0	0	0	0	0	0	0	0	0	0	0	0	0	0	0	0	0	0	0	0,0000	0,0000	37,3121
2022-03-17	21:03:00		60	0	0	0	0	0	0	0	0	0	0	0	0	0	0	0	0	0	0	0	0	0,0000	0,0000	37,3121
2022-03-17	21:04:00		60	5	1	0	0	0	0	0	0	0	0	0	0	0	0	0	0	0	0	0	0	0,0020	0,0000	37,3121
2022-03-17	21:05:00		60	0	0	0	0	0	0	0	0	0	0	0	0	0	0	0	0	0	0	0	0	0,0000	0,0000	37,3121
2022-03-17	21:06:00		60	0	0	0	0	0	0	0	0	0	0	0	0	0	0	0	0	0	0	0	0	0,0000	0,0000	37,3121
2022-03-17	21:07:00		60	0	0	0	0	0	0	0	0	0	0	0	0	0	0	0	0	0	0	0	0	0,0000	0,0000	37,3121
2022-03-17	21:08:00		60	0	0	0	0	0	0	0	0	0	0	0	0	0	0	0	0	0	0	0	0	0,0000	0,0000	37,3121
2022-03-17	21:09:00		60	0	0	0	0	0	0	0	0	0	0	0	0	0	0	0	0	0	0	0	0	0,0000	0,0000	37,3121
2022-03-17	21:10:00		60	0	0	0	0	0	0	0	0	0	0	0	0	0	0	0	0	0	0	0	0	0,0000	0,0000	37,3121
2022-03-17	21:11:00		60	0	0	0	0	0	0	0	0	0	0	0	0	0	0	0	0	0	0	0	0	0,0000	0,0000	37,3121
2022-03-17	21:12:00		60	0	0	0	0	0	0	0	0	0	0	0	0	0	0	0	0	0	0	0	0	0,0000	0,0000	37,3121
2022-03-17	21:13:00		60	0	0	0	0	0	0	0	0	0	0	0	0	0	0	0	0	0	0	0	0	0,0000	0,0000	37,3121
2022-03-17	21:14:00		60	0	0	0	0	0	0	0	0	0	0	0	0	0	0	0	0	0	0	0	0	0,0000	0,0000	37,3121
2022-03-17	21:15:00		60	0	0	0	0	0	0	0	0	0	0	0	0	0	0	0	0	0	0	0	0	0,0000	0,0000	37,3121
2022-03-17	21:16:00		60	0	0	0	0	0	0	0	0	0	0	0	0	0	0	0	0	0	0	0	0	0,0000	0,0000	37,3121
2022-03-17	21:17:00		60	0	0	0	0	0	0	0	0	0	0	0	0	0	0	0	0	0	0	0	0	0,0000	0,0000	37,3121
2022-03-17	21:18:00		60	0	0	0	0	0	0	0	0	0	0	0	0	0	0	0	0	0	0	0	0	0,0000	0,0000	37,3121
2022-03-17	21:19:00		60	0	0	0	0	0	0	0	0	0	0	0	0	0	0	0	0	0	0	0	0	0,0000	0,0000	37,3121
2022-03-17	21:20:00		60	0	0	0	0	0	0	0	0	0	0	0	0	0	0	0	0	0	0	0	0	0,0000	0,0000	37,3121
2022-03-17	21:21:00		60	0	0	0	0	0	0	0	0	0	0	0	0	0	0	0	0	0	0	0	0	0,0000	0,0000	37,3121
2022-03-17	21:22:00		60	0	0	0	0	0	0	0	0	0	0	0	0	0	0	0	0	0	0	0	0	0,0000	0,0000	37,3121
2022-03-17	21:23:00		60	0	0	0	0	0	0	0	0	0	0	0	0	0	0	0	0	0	0	0	0	0,0000	0,0000	37,3121
2022-03-17	21:24:00		60	0	0	0	0	0	0	0	0	0	0	0	0	0	0	0	0	0	0	0	0	0,0000	0,0000	37,3121
2022-03-17	21:25:00		60	0	0	0	0	0	0	0	0	0	0	0	0	0	0	0	0	0	0	0	0	0,0000	0,0000	37,3121
2022-03-17	21:26:00		60	0	0	0	0	0	0	0	0	0	0	0	0	0	0	0	0	0	0	0	0	0,0000	0,0000	37,3121
2022-03-17	21:27:00		60	0	0	0	0	0	0	0	0	0	0	0	0	0	0	0	0	0	0	0	0	0,0000	0,0000	37,3121
2022-03-17	21:28:00		60	0	0	0	0	0	0	0	0	0	0	0	0	0	0	0	0	0	0	0	0	0,0000	0,0000	37,3121
2022-03-17	21:29:00		60	0	0	0	0	0	0	0	0	0	0	0	0	0	0	0	0	0	0	0	0	0,0000	0,0000	37,3121
2022-03-17	21:30:00		60	0	0	0	0	0	0	0	0	0	0	0	0	0	0	0	0	0	0	0	0	0,0000	0,0000	37,3121
2022-03-17	21:31:00		60	0	0	0	0	0	0	0	0	0	0	0	0	0	0	0	0	0	0	0	0	0,0000	0,0000	37,3121
2022-03-17	21:32:00		60	0	0	0	0	0	0	0	0	0	0	0	0	0	0	0	0	0	0	0	0	0,0000	0,0000	37,3121
2022-03-17	21:33:00		60	0	0	0	0	0	0	0	0	0	0	0	0	0	0	0	0	0	0	0	0	0,0000	0,0000	37,3121
2022-03-17	21:34:00		60	0	0	0	0	0	0	0	0	0	0	0	0	0	0	0	0	0	0	0	0	0,0000	0,0000	37,3121
2022-03-17	21:35:00		60	0	0	0	0	0	0	0	0	0	0	0	0	0	0	0	0	0	0	0	0	0,0000	0,0000	37,3121
2022-03-17	21:36:00		60	0	0	0	0	0	0	0	0	0	0	0	0	0	0	0	0	0	0	0	0	0,0000	0,0000	37,3121
2022-03-17	21:37:00		60	0	0	0	0	0	0	0	0	0	0	0	0	0	0	0	0	0	0	0	0	0,0000	0,0000	37,3121
2022-03-17	21:38:00		60	0	0	0	0	0	0	0	0	0	0	0	0	0	0	0	0	0	0	0	0	0,0000	0,0000	37,3121
2022-03-17	21:39:00		60	0	0	0	0	0	0	0	0	0	0	0	0	0	0	0	0	0	0	0	0	0,0000	0,0000	37,3121
2022-03-17	21:40:00		60	0	0	0	0	0	0	0	0	0	0	0	0	0	0	0	0	0	0	0	0	0,0000	0,0000	37,3121
2022-03-17	21:41:00		60	0	0	0	0	0	0	0	0	0	0	0	0	0	0	0	0	0	0	0	0	0,0000	0,0000	37,3121
2022-03-17	21:42:00		60	0	0	0	0	0	0	0	0	0	0	0	0	0	0	0	0	0	0	0	0	0,0000	0,0000	37,3121
2022-03-17	21:43:00		60	0	0	0	0	0	0	0	0	0	0	0	0	0	0	0	0	0	0	0	0	0,0000	0,0000	37,3121
2022-03-17	21:44:00		60	0	0	0	0	0	0	0	0	0	0	0	0	0	0	0	0	0	0	0	0	0,0000	0,0000	37,3121
2022-03-17	21:45:00		60	0	0	0	0	0	0	0	0	0	0	0	0	0	0	0	0	0	0	0	0	0,0000	0,0000	37,3121
2022-03-17	21:46:00		60	0	0	0	0	0	0	0	0	0	0	0	0	0	0	0	0	0	0	0	0	0,0000	0,0000	37,3121
2022-03-17	21:47:00		60	0	0	0	0	0	0	0	0	0	0	0	0	0	0	0	0	0	0	0	0	0,0000	0,0000	37,3121
2022-03-17	21:48:00		60	0	0	0	0	0	0	0	0	0	0	0	0	0	0	0	0	0	0	0	0	0,0000	0,0000	37,3121
2022-03-17	21:49:00		60	0	0	0	0	0	0	0	0	0	0	0	0	0	0	0	0	0	0	0	0	0,0000	0,0000	37,3121
2022-03-17	21:50:00		60	6	0	0	0	0	0	0	0	0	0	0	0	0	0	0	0	0	0	0	0	0,0017	0,0000	37,3122
2022-03-17	21:51:00		60	0	0	0	0	0	0	0	0	0	0	0	0	0	0	0	0	0	0	0	0	0,0000	0,0000	37,3122
2022-03-17	21:52:00		60	4	0	0	0	0	0	0	0	0	0	0	0	0	0	0	0	0	0	0	0	0,0012	0,0000	37,3122
2022-03-17	21:53:00		60	4	0	0	0	0	0	0	0	0	0	0	0	0	0	0	0	0	0	0	0	0,0012	0,0000	37,3122
2022-03-17	21:54:00		60	7	0	0	0	0	0	0	0	0	0	0	0	0	0	0	0	0	0	0	0	0,0020	0,0000	37,3122
2022-03-17	21:55:00		60	13	0	0	0	0	0	0	0	0	0	0	0	0	0	0	0	0	0	0	0	0,0038	0,0001	37,3123
2022-03-17	21:56:00		60	13	0	0	0	0	0	0	0	0	0	0	0	0	0	0	0	0	0	0	0	0,0038	0,0001	37,3124
2022-03-17	21:57:00		60	4	0	0	0	0	0	0	0	0	0	0	0	0	0	0	0	0	0	0	0	0,0012	0,0000	37,3124
2022-03-17	21:58:00		60	0	0	0	0	0	0	0	0	0	0	0	0	0	0	0	0	0	0	0	0	0,0000	0,0000	37,3124
2022-03-17	21:59:00		60	0	0	0	0	0	0	0	0	0	0	0	0	0	0	0	0	0	0	0	0	0,0000	0,0000	37,3124
2022-03-17	22:00:00		60	7	0	0	0	0	0	0	0	0	0	0	0	0	0	0	0	0	0	0	0	0,0020	0,0000	37,3124
2022-03-17	22:01:00		60	7	0	0	0	0	0	0	0	0	0	0	0	0	0	0	0	0	0	0	0	0,0020	0,0000	37,3125
2022-03-17	22:02:00		60	0	0	0	0	0	0	0	0	0	0	0	0	0	0	0	0	0	0	0	0	0,0000	0,0000	37,3125
2022-03-17	22:03:00		60	0	0	0	0	0	0	0	0	0	0	0	0	0	0	0	0	0	0	0	0	0,0000	0,0000	37,3125
2022-03-17	22:04:00		60	5	0	0	0	0	0	0	0	0	0	0	0	0	0	0	0	0	0	0	0	0,0015	0,0000	37,3125
2022-03-17	22:05:00		60	4	0	0	0	0	0	0	0	0	0	0	0	0	0	0	0	0	0	0	0	0,0012	0,0000	37,3125
2022-03-17	22:06:00		60	6	0	0	0	0	0	0	0	0	0	0	0	0	0	0	0	0	0	0	0	0,0017	0,0000	37,3125
2022-03-17	22:07:00		60	4	0	0	0	0	0	0	0	0	0	0	0	0	0	0	0	0	0	0	0	0,0012	0,0000	37,3126
2022-03-17	22:08:00		60	9	0	0	0	0	0	0	0	0	0	0	0	0	0	0	0	0	0	0	0	0,0026	0,0000	37,3126
2022-03-17	22:09:00		60	0	0	0	0	0	0	0	0	0	0	0	0	0	0	0	0	0	0	0	0	0,0000	0,0000	37,3126
2022-03-17	22:10:00		60	9	0	0	0	0	0	0	0	0	0	0	0	0	0	0	0	0	0	0	0	0,0026	0,0000	37,3126
2022-03-17	22:11:00		60	4	0	0	0	0	0	0	0	0	0	0	0	0	0	0	0	0	0	0	0	0,0012	0,0000	37,3127
2022-03-17	22:12:00		60	9	0	0	0	0	0	0	0	0	0	0	0	0	0	0	0	0	0	0	0	0,0026	0,0000	37,3127
2022-03-17	22:13:00		60	6	0	0	0	0	0	0	0	0	0	0	0	0	0	0	0	0	0	0	0	0,0017	0,0000	37,3127
2022-03-17	22:14:00		60	0	0	0	0	0	0	0	0	0	0	0	0	0	0	0	0	0	0	0	0	0,0000	0,0000	37,3127
2022-03-17	22:15:00		60	0	0	0	0	0	0	0	0	0	0	0	0	0	0	0	0	0	0	0	0	0,0000	0,0000	37,3127
2022-03-17	22:16:00		60	0	0	0	0	0	0	0	0	0	0	0	0	0	0	0	0	0	0	0	0	0,0000	0,0000	37,3127
2022-03-17	22:17:00		60	0	0	0	0	0	0	0	0	0	0	0	0	0	0	0	0	0	0	0	0	0,0000	0,0000	37,3127
2022-03-17	22:18:00		60	0	0	0	0	0	0	0	0	0	0	0	0	0	0	0	0	0	0	0	0	0,0000	0,0000	37,3127
2022-03-17	22:19:00		60	0	0	0	0	0	0	0	0	0	0	0	0	0	0	0	0	0	0	0	0	0,0000	0,0000	37,3127
2022-03-17	22:20:00		60	0	0	0	0	0	0	0	0	0	0	0	0	0	0	0	0	0	0	0	0	0,0000	0,0000	37,3127
2022-03-17	22:21:00		60	0	0	0	0	0	0	0	0	0	0	0	0	0	0	0	0	0	0	0	0	0,0000	0,0000	37,3127
2022-03-17	22:22:00		60	0	0	0	0	0	0	0	0	0	0	0	0	0	0	0	0	0	0	0	0	0,0000	0,0000	37,3127
2022-03-17	22:23:00		60	0	0	0	0	0	0	0	0	0	0	0	0	0	0	0	0	0	0	0	0	0,0000	0,0000	37,3127
2022-03-17	22:24:00		60	0	0	0	0	0	0	0	0	0	0	0	0	0	0	0	0	0	0	0	0	0,0000	0,0000	37,3127
2022-03-17	22:25:00		60	0	0	0	0	0	0	0	0	0	0	0	0	0	0	0	0	0	0	0	0	0,0000	0,0000	37,3127
2022-03-17	22:26:00		60	0	0	0	0	0	0	0	0	0	0	0	0	0	0	0	0	0	0	0	0	0,0000	0,0000	37,3127
2022-03-17	22:27:00		60	0	0	0	0	0	0	0	0	0	0	0	0	0	0	0	0	0	0	0	0	0,0000	0,0000	37,3127
2022-03-17	22:28:00		60	0	0	0	0	0	0	0	0	0	0	0	0	0	0	0	0	0	0	0	0	0,0000	0,0000	37,3127
2022-03-17	22:29:00		60	0	0	0	0	0	0	0	0	0	0	0	0	0	0	0	0	0	0	0	0	0,0000	0,0000	37,3127
2022-03-17	22:30:00		60	0	0	0	0	0	0	0	0	0	0	0	0	0	0	0	0	0	0	0	0	0,0000	0,0000	37,3127
2022-03-17	22:31:00		60	0	0	0	0	0	0	0	0	0	0	0	0	0	0	0	0	0	0	0	0	0,0000	0,0000	37,3127
2022-03-17	22:32:00		60	0	0	0	0	0	0	0	0	0	0	0	0	0	0	0	0	0	0	0	0	0,0000	0,0000	37,3127
2022-03-17	22:33:00		60	0	0	0	0	0	0	0	0	0	0	0	0	0	0	0	0	0	0	0	0	0,0000	0,0000	37,3127
2022-03-17	22:34:00		60	0	0	0	0	0	0	0	0	0	0	0	0	0	0	0	0	0	0	0	0	0,0000	0,0000	37,3127
2022-03-17	22:35:00		60	0	0	0	0	0	0	0	0	0	0	0	0	0	0	0	0	0	0	0	0	0,0000	0,0000	37,3127
2022-03-17	22:36:00		60	0	0	0	0	0	0	0	0	0	0	0	0	0	0	0	0	0	0	0	0	0,0000	0,0000	37,3127
2022-03-17	22:37:00		60	0	0	0	0	0	0	0	0	0	0	0	0	0	0	0	0	0	0	0	0	0,0000	0,0000	37,3127
2022-03-17	22:38:00		60	0	0	0	0	0	0	0	0	0	0	0	0	0	0	0	0	0	0	0	0	0,0000	0,0000	37,3127
2022-03-17	22:39:00		60	0	0	0	0	0	0	0	0	0	0	0	0	0	0	0	0	0	0	0	0	0,0000	0,0000	37,3127
2022-03-17	22:40:00		60	0	0	0	0	0	0	0	0	0	0	0	0	0	0	0	0	0	0	0	0	0,0000	0,0000	37,3127
2022-03-17	22:41:00		60	0	0	0	0	0	0	0	0	0	0	0	0	0	0	0	0	0	0	0	0	0,0000	0,0000	37,3127
2022-03-17	22:42:00		60	0	0	0	0	0	0	0	0	0	0	0	0	0	0	0	0	0	0	0	0	0,0000	0,0000	37,3127
2022-03-17	22:43:00		60	0	0	0	0	0	0	0	0	0	0	0	0	0	0	0	0	0	0	0	0	0,0000	0,0000	37,3127
2022-03-17	22:44:00		60	0	0	0	0	0	0	0	0	0	0	0	0	0	0	0	0	0	0	0	0	0,0000	0,0000	37,3127
2022-03-17	22:45:00		60	0	0	0	0	0	0	0	0	0	0	0	0	0	0	0	0	0	0	0	0	0,0000	0,0000	37,3127
2022-03-17	22:46:00		60	0	0	0	0	0	0	0	0	0	0	0	0	0	0	0	0	0	0	0	0	0,0000	0,0000	37,3127
2022-03-17	22:47:00		60	0	0	0	0	0	0	0	0	0	0	0	0	0	0	0	0	0	0	0	0	0,0000	0,0000	37,3127
2022-03-17	22:48:00		60	0	0	0	0	0	0	0	0	0	0	0	0	0	0	0	0	0	0	0	0	0,0000	0,0000	37,3127
2022-03-17	22:49:00		60	0	0	0	0	0	0	0	0	0	0	0	0	0	0	0	0	0	0	0	0	0,0000	0,0000	37,3127
2022-03-17	22:50:00		60	0	0	0	0	0	0	0	0	0	0	0	0	0	0	0	0	0	0	0	0	0,0000	0,0000	37,3127
2022-03-17	22:51:00		60	0	0	0	0	0	0	0	0	0	0	0	0	0	0	0	0	0	0	0	0	0,0000	0,0000	37,3127
2022-03-17	22:52:00		60	0	0	0	0	0	0	0	0	0	0	0	0	0	0	0	0	0	0	0	0	0,0000	0,0000	37,3127
2022-03-17	22:53:00		60	0	0	0	0	0	0	0	0	0	0	0	0	0	0	0	0	0	0	0	0	0,0000	0,0000	37,3127
2022-03-17	22:54:00		60	0	0	0	0	0	0	0	0	0	0	0	0	0	0	0	0	0	0	0	0	0,0000	0,0000	37,3127
2022-03-17	22:55:00		60	0	0	0	0	0	0	0	0	0	0	0	0	0	0	0	0	0	0	0	0	0,0000	0,0000	37,3127
2022-03-17	22:56:00		60	0	0	0	0	0	0	0	0	0	0	0	0	0	0	0	0	0	0	0	0	0,0000	0,0000	37,3127
2022-03-17	22:57:00		60	0	0	0	0	0	0	0	0	0	0	0	0	0	0	0	0	0	0	0	0	0,0000	0,0000	37,3127
2022-03-17	22:58:00		60	0	0	0	0	0	0	0	0	0	0	0	0	0	0	0	0	0	0	0	0	0,0000	0,0000	37,3127
2022-03-17	22:59:00		60	0	0	0	0	0	0	0	0	0	0	0	0	0	0	0	0	0	0	0	0	0,0000	0,0000	37,3127
2022-03-17	23:00:00		60	0	0	0	0	0	0	0	0	0	0	0	0	0	0	0	0	0	0	0	0	0,0000	0,0000	37,3127
2022-03-17	23:01:00		60	0	0	0	0	0	0	0	0	0	0	0	0	0	0	0	0	0	0	0	0	0,0000	0,0000	37,3127
2022-03-17	23:02:00		60	0	0	0	0	0	0	0	0	0	0	0	0	0	0	0	0	0	0	0	0	0,0000	0,0000	37,3127
2022-03-17	23:03:00		60	0	0	0	0	0	0	0	0	0	0	0	0	0	0	0	0	0	0	0	0	0,0000	0,0000	37,3127
2022-03-17	23:04:00		60	0	0	0	0	0	0	0	0	0	0	0	0	0	0	0	0	0	0	0	0	0,0000	0,0000	37,3127
2022-03-17	23:05:00		60	0	0	0	0	0	0	0	0	0	0	0	0	0	0	0	0	0	0	0	0	0,0000	0,0000	37,3127
2022-03-17	23:06:00		60	0	0	1	1	0	0	0	0	0	0	0	0	0	0	0	0	0	0	0	0	0,0028	0,0000	37,3128
2022-03-17	23:07:00		60	0	0	3	0	0	0	0	0	0	0	0	0	0	0	0	0	0	0	0	0	0,0032	0,0001	37,3128
2022-03-17	23:08:00		60	0	0	0	0	0	0	0	0	0	0	0	0	0	0	0	0	0	0	0	0	0,0000	0,0000	37,3128
2022-03-17	23:09:00		60	0	0	0	0	0	0	0	0	0	0	0	0	0	0	0	0	0	0	0	0	0,0000	0,0000	37,3128
2022-03-17	23:10:00		60	0	0	0	0	0	0	0	0	0	0	0	0	0	0	0	0	0	0	0	0	0,0000	0,0000	37,3128
2022-03-17	23:11:00		60	0	0	0	0	0	0	0	0	0	0	0	0	0	0	0	0	0	0	0	0	0,0000	0,0000	37,3128
2022-03-17	23:12:00		60	0	0	0	0	0	0	0	0	0	0	0	0	0	0	0	0	0	0	0	0	0,0000	0,0000	37,3128
2022-03-17	23:13:00		60	0	0	0	0	0	0	0	0	0	0	0	0	0	0	0	0	0	0	0	0	0,0000	0,0000	37,3128
2022-03-17	23:14:00		60	0	0	0	0	0	0	0	0	0	0	0	0	0	0	0	0	0	0	0	0	0,0000	0,0000	37,3128
2022-03-17	23:15:00		60	0	0	0	0	0	0	0	0	0	0	0	0	0	0	0	0	0	0	0	0	0,0000	0,0000	37,3128
2022-03-17	23:16:00		60	0	0	0	0	0	0	0	0	0	0	0	0	0	0	0	0	0	0	0	0	0,0000	0,0000	37,3128
2022-03-17	23:17:00		60	0	0	0	0	0	0	0	0	0	0	0	0	0	0	0	0	0	0	0	0	0,0000	0,0000	37,3128
2022-03-17	23:18:00		60	0	0	0	0	0	0	0	0	0	0	0	0	0	0	0	0	0	0	0	0	0,0000	0,0000	37,3128
2022-03-17	23:19:00		60	0	0	0	0	0	0	0	0	0	0	0	0	0	0	0	0	0	0	0	0	0,0000	0,0000	37,3128
2022-03-17	23:20:00		60	0	0	0	0	0	0	0	0	0	0	0	0	0	0	0	0	0	0	0	0	0,0000	0,0000	37,3128
2022-03-17	23:21:00		60	0	0	0	0	0	6	5	0	0	0	0	0	0	0	0	0	0	0	0	0	0,0724	0,0012	37,3140
2022-03-17	23:22:00		60	0	0	0	0	4	15	3	4	1	0	0	0	0	0	0	0	0	0	0	0	0,1902	0,0032	37,3172
2022-03-17	23:23:00		60	0	0	0	0	5	6	7	1	0	0	0	0	0	0	0	0	0	0	0	0	0,1190	0,0020	37,3192
2022-03-17	23:24:00		60	0	0	1	0	3	6	4	1	0	0	2	0	0	0	0	0	0	0	0	0	0,1760	0,0029	37,3221
2022-03-17	23:25:00		60	2	1	1	2	3	2	4	1	0	2	0	0	0	0	0	0	0	0	0	0	0,1317	0,0022	37,3243
2022-03-17	23:26:00		60	0	0	0	2	1	1	2	5	1	0	0	0	0	0	0	0	0	0	0	0	0,1242	0,0021	37,3264
2022-03-17	23:27:00		60	0	0	0	0	1	1	10	4	0	0	0	0	0	0	0	0	0	0	0	0	0,1543	0,0026	37,3290
2022-03-17	23:28:00		60	0	1	0	4	1	2	9	1	0	0	0	0	0	0	0	0	0	0	0	0	0,1135	0,0019	37,3309
2022-03-17	23:29:00		60	3	1	0	5	3	2	6	1	0	0	0	0	0	0	0	0	0	0	0	0	0,0957	0,0016	37,3324
2022-03-17	23:30:00		60	3	1	1	6	3	8	2	2	0	0	1	0	0	0	0	0	0	0	0	0	0,1511	0,0025	37,3350
2022-03-17	23:31:00		60	3	0	1	4	0	10	4	0	0	0	0	0	0	0	0	0	0	0	0	0	0,0918	0,0015	37,3365
2022-03-17	23:32:00		60	0	1	0	0	2	4	0	0	0	1	0	0	0	0	0	0	0	0	0	0	0,0545	0,0009	37,3374
2022-03-17	23:33:00		60	3	1	0	1	5	6	1	4	2	1	2	0	0	0	0	0	0	0	0	0	0,2741	0,0046	37,3420
2022-03-17	23:34:00		60	6	1	0	2	6	2	3	5	3	3	2	2	0	0	0	0	0	0	0	0	0,5171	0,0086	37,3506
2022-03-17	23:35:00		60	7	2	0	2	2	6	10	6	7	3	5	2	2	0	0	0	0	0	0	0	1,0359	0,0173	37,3679
2022-03-17	23:36:00		60	3	2	0	7	4	6	12	11	8	4	0	0	0	0	0	0	0	0	0	0	0,6101	0,0102	37,3780
2022-03-17	23:37:00		60	2	0	0	5	4	6	15	15	9	4	3	0	0	0	0	0	0	0	0	0	0,8438	0,0141	37,3921
2022-03-17	23:38:00		60	1	1	1	0	2	12	19	5	7	3	1	0	0	0	0	0	0	0	0	0	0,5862	0,0098	37,4019
2022-03-17	23:39:00		60	0	1	2	1	6	8	13	8	1	0	0	0	0	0	0	0	0	0	0	0	0,3135	0,0052	37,4071
2022-03-17	23:40:00		60	1	0	1	5	4	11	8	4	1	0	0	0	0	0	0	0	0	0	0	0	0,2249	0,0037	37,4108
2022-03-17	23:41:00		60	0	2	2	1	2	6	3	3	0	0	0	0	0	0	0	0	0	0	0	0	0,1102	0,0018	37,4127
2022-03-17	23:42:00		60	0	0	0	4	7	6	5	0	0	0	0	0	0	0	0	0	0	0	0	0	0,0996	0,0017	37,4143
2022-03-17	23:43:00		60	0	1	3	2	2	6	1	0	0	0	0	0	0	0	0	0	0	0	0	0	0,0505	0,0008	37,4152
2022-03-17	23:44:00		60	1	2	3	2	5	5	4	0	0	0	0	0	0	0	0	0	0	0	0	0	0,0814	0,0014	37,4165
2022-03-17	23:45:00		60	0	2	1	1	2	2	0	0	0	0	0	0	0	0	0	0	0	0	0	0	0,0193	0,0003	37,4168
2022-03-17	23:46:00		60	1	1	0	3	1	2	0	0	0	0	0	0	0	0	0	0	0	0	0	0	0,0186	0,0003	37,4172
2022-03-17	23:47:00		60	0	3	2	2	1	0	0	1	1	1	0	0	0	0	0	0	0	0	0	0	0,0756	0,0013	37,4184
2022-03-17	23:48:00		60	0	1	1	2	0	1	2	1	0	0	0	0	0	0	0	0	0	0	0	0	0,0423	0,0007	37,4191
2022-03-17	23:49:00		60	1	1	1	1	1	0	0	3	0	0	1	1	0	0	0	0	0	0	0	0	0,1674	0,0028	37,4219
2022-03-17	23:50:00		60	1	4	1	1	2	2	2	0	0	0	1	0	0	0	0	0	0	0	0	0	0,0822	0,0014	37,4233
2022-03-17	23:51:00		60	4	0	6	1	2	1	1	2	2	1	1	0	0	0	0	0	0	0	0	0	0,1740	0,0029	37,4262
2022-03-17	23:52:00		60	1	1	0	0	1	3	2	2	1	1	0	0	0	0	0	0	0	0	0	0	0,1157	0,0019	37,4281
2022-03-17	23:53:00		60	2	1	2	1	1	2	5	3	0	3	1	0	0	0	0	0	0	0	0	0	0,2365	0,0039	37,4321
2022-03-17	23:54:00		60	10	2	0	0	1	1	2	0	0	0	0	1	0	0	0	0	0	0	0	0	0,1017	0,0017	37,4337
2022-03-17	23:55:00		60	2	1	0	1	2	4	3	1	1	0	1	0	0	0	0	0	0	0	0	0	0,1342	0,0022	37,4360
2022-03-17	23:56:00		60	1	4	1	0	0	1	6	3	2	0	3	0	0	0	0	0	0	0	0	0	0,2800	0,0047	37,4406
2022-03-17	23:57:00		60	5	2	0	0	2	1	8	5	0	1	0	0	0	0	0	0	0	0	0	0	0,1861	0,0031	37,4438
2022-03-17	23:58:00		60	8	1	0	3	1	0	6	3	1	1	1	0	0	0	0	0	0	0	0	0	0,2023	0,0034	37,4471
2022-03-17	23:59:00		60	2	1	0	4	1	3	2	4	1	0	1	1	0	0	0	0	0	0	0	0	0,2400	0,0040	37,4511
2022-03-18	00:00:00		60	4	0	0	1	0	2	6	1	1	2	1	1	0	0	0	0	0	0	0	0	0,2755	0,0046	37,4557
2022-03-18	00:01:00		60	7	1	4	0	1	1	5	4	4	1	1	0	0	0	0	0	0	0	0	0	0,2762	0,0046	37,4603
2022-03-18	00:02:00		60	18	0	1	2	1	3	2	2	2	2	3	0	0	0	0	0	0	0	0	0	0,3068	0,0051	37,4654
2022-03-18	00:03:00		60	19	2	2	2	2	0	4	2	1	1	5	0	0	0	0	0	0	0	0	0	0,3527	0,0059	37,4713
2022-03-18	00:04:00		60	13	0	4	2	1	3	5	2	1	1	0	1	0	0	0	0	0	0	0	0	0,2249	0,0037	37,4751
2022-03-18	00:05:00		60	4	0	0	1	3	3	6	2	1	0	1	0	0	0	0	0	0	0	0	0	0,1733	0,0029	37,4779
2022-03-18	00:06:00		60	8	2	2	1	1	3	8	2	0	2	5	4	0	0	0	0	0	0	0	0	0,6914	0,0115	37,4895
2022-03-18	00:07:00		60	0	1	0	6	3	4	1	4	1	2	0	0	0	0	0	0	0	0	0	0	0,1865	0,0031	37,4926
2022-03-18	00:08:00		60	4	3	2	2	2	2	9	1	2	0	1	1	0	0	0	0	0	0	0	0	0,2766	0,0046	37,4972
2022-03-18	00:09:00		60	5	0	8	5	3	6	7	2	4	0	1	1	1	0	0	0	0	0	0	0	0,4574	0,0076	37,5048
2022-03-18	00:10:00		60	3	0	2	4	4	4	3	4	3	2	2	0	0	0	0	0	0	0	0	0	0,3364	0,0056	37,5104
2022-03-18	00:11:00		60	5	0	4	5	1	1	8	3	2	1	1	0	0	0	0	0	0	0	0	0	0,2523	0,0042	37,5146
2022-03-18	00:12:00		60	4	0	0	0	2	5	6	3	1	2	0	0	0	0	0	0	0	0	0	0	0,2071	0,0035	37,5181
2022-03-18	00:13:00		60	2	2	4	1	1	3	7	1	3	1	0	0	0	0	0	0	0	0	0	0	0,1943	0,0032	37,5213
2022-03-18	00:14:00		60	6	3	3	2	2	6	2	5	0	1	5	0	1	0	0	0	0	0	0	0	0,4932	0,0082	37,5295
2022-03-18	00:15:00		60	8	2	1	0	0	4	3	8	1	2	0	0	0	0	0	0	0	0	0	0	0,2479	0,0041	37,5337
2022-03-18	00:16:00		60	1	1	0	1	2	4	6	2	5	2	3	1	0	0	0	0	0	0	0	0	0,4791	0,0080	37,5417
2022-03-18	00:17:00		60	2	4	0	3	2	5	2	3	1	4	0	0	0	0	0	0	0	0	0	0	0,2373	0,0040	37,5456
2022-03-18	00:18:00		60	3	4	0	2	2	3	4	8	2	0	3	0	0	0	0	0	0	0	0	0	0,3550	0,0059	37,5515
2022-03-18	00:19:00		60	5	2	0	1	4	2	8	1	1	1	1	0	1	0	0	0	0	0	0	0	0,3130	0,0052	37,5567
2022-03-18	00:20:00		60	5	1	0	6	1	2	5	3	1	2	3	3	0	0	0	0	0	0	0	0	0,5418	0,0090	37,5658
2022-03-18	00:21:00		60	7	4	2	4	1	5	4	4	3	3	0	0	0	0	0	0	0	0	0	0	0,2860	0,0048	37,5705
2022-03-18	00:22:00		60	10	1	2	5	2	2	7	4	1	2	2	2	0	0	0	0	0	0	0	0	0,4624	0,0077	37,5782
2022-03-18	00:23:00		60	9	0	0	4	1	5	6	2	2	1	1	1	0	0	0	0	0	0	0	0	0,3068	0,0051	37,5834
2022-03-18	00:24:00		60	6	4	1	2	3	2	2	6	1	2	1	0	0	0	0	0	0	0	0	0	0,2567	0,0043	37,5876
2022-03-18	00:25:00		60	11	1	1	2	2	4	3	4	2	0	4	0	0	0	0	0	0	0	0	0	0,3373	0,0056	37,5933
2022-03-18	00:26:00		60	11	3	0	9	1	4	3	3	0	1	1	2	0	0	0	0	0	0	0	0	0,3314	0,0055	37,5988
2022-03-18	00:27:00		60	1	3	1	4	3	2	3	6	4	3	3	0	0	0	0	0	0	0	0	0	0,4481	0,0075	37,6062
2022-03-18	00:28:00		60	4	2	2	1	4	4	7	5	1	0	1	4	0	0	0	0	0	0	0	0	0,5272	0,0088	37,6150
2022-03-18	00:29:00		60	9	4	0	5	0	2	5	4	2	1	4	0	0	0	0	0	0	0	0	0	0,3739	0,0062	37,6213
2022-03-18	00:30:00		60	10	2	2	6	1	4	10	3	5	2	4	0	0	0	0	0	0	0	0	0	0,5116	0,0085	37,6298
2022-03-18	00:31:00		60	6	2	4	3	3	4	2	3	2	3	2	1	0	0	0	0	0	0	0	0	0,3923	0,0065	37,6363
2022-03-18	00:32:00		60	5	0	0	3	2	7	5	6	3	3	1	1	0	0	0	0	0	0	0	0	0,4463	0,0074	37,6438
2022-03-18	00:33:00		60	5	3	1	2	6	6	8	3	0	5	1	0	1	0	0	0	0	0	0	0	0,4654	0,0078	37,6515
2022-03-18	00:34:00		60	3	3	0	4	6	3	6	4	2	0	1	3	0	0	0	0	0	0	0	0	0,4572	0,0076	37,6591
2022-03-18	00:35:00		60	2	2	1	3	1	9	5	5	3	0	4	1	0	0	0	0	0	0	0	0	0,4843	0,0081	37,6672
2022-03-18	00:36:00		60	5	4	4	8	2	2	2	9	1	1	6	2	0	0	0	0	0	0	0	0	0,6472	0,0108	37,6780
2022-03-18	00:37:00		60	4	5	1	3	1	4	4	4	0	3	0	1	0	1	0	0	0	0	0	0	0,4345	0,0072	37,6852
2022-03-18	00:38:00		60	10	2	2	3	0	2	5	2	1	2	1	0	0	0	0	0	0	0	0	0	0,2178	0,0036	37,6889
2022-03-18	00:39:00		60	3	5	3	3	1	2	7	3	1	1	0	2	0	0	0	0	0	0	0	0	0,3257	0,0054	37,6943
2022-03-18	00:40:00		60	6	2	3	5	1	3	10	2	1	0	1	0	0	0	0	0	0	0	0	0	0,2145	0,0036	37,6979
2022-03-18	00:41:00		60	8	2	1	2	2	4	4	2	3	5	4	1	0	0	0	0	0	0	0	0	0,5551	0,0093	37,7071
2022-03-18	00:42:00		60	8	2	2	3	3	2	4	6	3	4	1	0	0	0	1	0	0	0	0	0	0,5828	0,0097	37,7168
2022-03-18	00:43:00		60	7	2	2	2	2	1	7	9	1	2	5	2	0	0	0	0	0	0	0	0	0,6578	0,0110	37,7278
2022-03-18	00:44:00		60	10	4	3	1	7	6	6	2	4	0	4	2	0	0	0	0	0	0	0	0	0,5475	0,0091	37,7369
2022-03-18	00:45:00		60	16	0	0	4	4	6	10	2	3	2	4	1	0	0	0	0	0	0	0	0	0,5394	0,0090	37,7459
2022-03-18	00:46:00		60	10	5	1	6	0	3	6	1	0	1	1	2	0	0	0	0	0	0	0	0	0,3169	0,0053	37,7512
2022-03-18	00:47:00		60	9	2	2	3	5	3	7	7	4	2	2	3	0	0	0	0	0	0	0	0	0,6538	0,0109	37,7621
2022-03-18	00:48:00		60	11	2	4	2	2	7	9	8	1	0	4	1	1	0	0	0	0	0	0	0	0,6265	0,0104	37,7725
2022-03-18	00:49:00		60	21	6	1	4	4	2	4	3	2	2	3	2	0	0	0	0	0	0	0	0	0,4958	0,0083	37,7808
2022-03-18	00:50:00		60	11	6	5	3	5	7	6	6	3	0	0	0	0	0	0	0	0	0	0	0	0,2709	0,0045	37,7853
2022-03-18	00:51:00		60	12	4	6	2	1	2	7	8	5	1	2	0	0	0	0	0	0	0	0	0	0,4320	0,0072	37,7925
2022-03-18	00:52:00		60	8	4	5	2	0	6	8	4	2	3	3	0	2	0	0	0	0	0	0	0	0,6498	0,0108	37,8033
2022-03-18	00:53:00		60	3	0	1	6	1	8	5	9	6	3	2	0	0	0	0	0	0	0	0	0	0,5343	0,0089	37,8123
2022-03-18	00:54:00		60	3	3	1	3	1	2	8	1	2	1	2	1	0	0	0	0	0	0	0	0	0,3383	0,0056	37,8179
2022-03-18	00:55:00		60	5	4	4	3	2	4	7	3	3	0	0	0	0	0	0	0	0	0	0	0	0,2082	0,0035	37,8214
2022-03-18	00:56:00		60	3	3	4	4	4	4	4	4	2	1	0	0	0	0	0	0	0	0	0	0	0,2107	0,0035	37,8249
2022-03-18	00:57:00		60	1	1	4	4	4	2	7	3	2	0	1	0	0	0	0	0	0	0	0	0	0,2257	0,0038	37,8286
2022-03-18	00:58:00		60	4	3	3	6	1	3	10	1	0	0	0	0	0	0	0	0	0	0	0	0	0,1361	0,0023	37,8309
2022-03-18	00:59:00		60	7	5	1	1	2	3	4	1	0	0	0	0	0	0	0	0	0	0	0	0	0,0777	0,0013	37,8322
2022-03-18	01:00:00		60	20	0	5	3	1	3	7	5	0	1	0	0	0	0	0	0	0	0	0	0	0,1978	0,0033	37,8355
2022-03-18	01:01:00		60	2	2	3	2	5	6	2	0	0	0	0	0	0	0	0	0	0	0	0	0	0,0690	0,0012	37,8366
2022-03-18	01:02:00		60	2	0	2	4	4	3	1	0	0	1	0	1	0	0	0	0	0	0	0	0	0,1458	0,0024	37,8391
2022-03-18	01:03:00		60	3	0	1	3	5	5	1	0	0	0	0	0	0	0	0	0	0	0	0	0	0,0543	0,0009	37,8400
2022-03-18	01:04:00		60	5	2	8	1	2	3	3	2	0	0	0	0	0	0	0	0	0	0	0	0	0,0888	0,0015	37,8415
2022-03-18	01:05:00		60	17	1	5	5	3	2	2	0	2	1	0	0	0	0	0	0	0	0	0	0	0,1273	0,0021	37,8436
2022-03-18	01:06:00		60	6	0	4	0	3	3	4	4	1	1	1	0	0	0	0	0	0	0	0	0	0,2175	0,0036	37,8472
2022-03-18	01:07:00		60	3	6	2	2	4	1	4	3	0	0	0	0	0	0	0	0	0	0	0	0	0,1058	0,0018	37,8490
2022-03-18	01:08:00		60	5	2	3	2	3	2	3	5	0	2	0	0	0	0	0	0	0	0	0	0	0,1858	0,0031	37,8521
2022-03-18	01:09:00		60	2	1	1	4	1	5	7	2	1	0	1	0	0	0	0	0	0	0	0	0	0,1923	0,0032	37,8553
2022-03-18	01:10:00		60	4	0	1	1	3	6	0	3	1	1	1	0	0	0	0	0	0	0	0	0	0,1801	0,0030	37,8583
2022-03-18	01:11:00		60	4	0	2	0	3	6	2	1	1	0	0	0	0	0	0	0	0	0	0	0	0,0943	0,0016	37,8598
2022-03-18	01:12:00		60	1	3	2	4	3	7	3	2	0	0	0	0	0	0	0	0	0	0	0	0	0,1092	0,0018	37,8617
2022-03-18	01:13:00		60	2	1	1	2	0	3	7	1	0	0	0	0	0	0	0	0	0	0	0	0	0,0961	0,0016	37,8633
2022-03-18	01:14:00		60	6	1	1	1	2	1	4	1	0	0	0	0	0	0	0	0	0	0	0	0	0,0655	0,0011	37,8644
2022-03-18	01:15:00		60	1	0	2	1	1	3	2	0	0	0	0	0	0	0	0	0	0	0	0	0	0,0389	0,0006	37,8650
2022-03-18	01:16:00		60	5	0	3	2	3	3	6	0	2	0	0	0	0	0	0	0	0	0	0	0	0,1265	0,0021	37,8671
2022-03-18	01:17:00		60	1	2	3	2	3	3	5	1	0	0	0	0	0	0	0	0	0	0	0	0	0,0896	0,0015	37,8686
2022-03-18	01:18:00		60	2	0	1	2	4	4	2	3	2	0	0	0	0	0	0	0	0	0	0	0	0,1407	0,0023	37,8709
2022-03-18	01:19:00		60	1	3	2	1	2	1	4	3	0	0	0	0	0	0	0	0	0	0	0	0	0,0959	0,0016	37,8725
2022-03-18	01:20:00		60	1	1	1	0	4	3	1	0	0	0	0	0	0	0	0	0	0	0	0	0	0,0365	0,0006	37,8732
2022-03-18	01:21:00		60	3	0	0	0	0	2	3	1	0	0	0	0	0	0	0	0	0	0	0	0	0,0515	0,0009	37,8740
2022-03-18	01:22:00		60	2	2	2	5	2	5	5	0	0	0	0	0	0	0	0	0	0	0	0	0	0,0861	0,0014	37,8754
2022-03-18	01:23:00		60	1	0	3	1	2	3	3	0	0	0	0	0	0	0	0	0	0	0	0	0	0,0515	0,0009	37,8763
2022-03-18	01:24:00		60	3	1	3	5	2	3	2	1	1	0	0	0	0	0	0	0	0	0	0	0	0,0873	0,0015	37,8778
2022-03-18	01:25:00		60	2	3	2	1	5	1	1	0	0	0	0	0	0	0	0	0	0	0	0	0	0,0341	0,0006	37,8783
2022-03-18	01:26:00		60	7	1	1	4	2	3	1	1	0	1	0	0	0	0	0	0	0	0	0	0	0,0834	0,0014	37,8797
2022-03-18	01:27:00		60	1	0	1	3	2	2	1	0	0	0	0	0	0	0	0	0	0	0	0	0	0,0307	0,0005	37,8802
2022-03-18	01:28:00		60	4	1	5	3	3	1	0	1	0	0	0	0	0	0	0	0	0	0	0	0	0,0406	0,0007	37,8809
2022-03-18	01:29:00		60	4	1	3	3	0	2	3	0	0	0	0	0	0	0	0	0	0	0	0	0	0,0460	0,0008	37,8817
2022-03-18	01:30:00		60	4	4	2	2	5	3	1	0	0	0	0	0	0	0	0	0	0	0	0	0	0,0467	0,0008	37,8825
2022-03-18	01:31:00		60	3	1	3	2	2	0	5	1	0	0	0	0	0	0	0	0	0	0	0	0	0,0724	0,0012	37,8837
2022-03-18	01:32:00		60	1	3	0	1	2	1	4	0	0	0	0	0	0	0	0	0	0	0	0	0	0,0493	0,0008	37,8845
2022-03-18	01:33:00		60	3	3	1	0	4	1	0	0	0	0	0	0	0	0	0	0	0	0	0	0	0,0200	0,0003	37,8848
2022-03-18	01:34:00		60	7	1	3	3	0	3	4	3	0	0	0	0	0	0	0	0	0	0	0	0	0,1048	0,0017	37,8866
2022-03-18	01:35:00		60	3	2	1	0	1	3	1	0	0	0	0	0	0	0	0	0	0	0	0	0	0,0291	0,0005	37,8870
2022-03-18	01:36:00		60	4	0	1	1	3	2	2	1	0	1	0	0	0	0	0	0	0	0	0	0	0,0835	0,0014	37,8884
2022-03-18	01:37:00		60	4	1	2	1	1	2	3	0	0	0	0	0	0	0	0	0	0	0	0	0	0,0443	0,0007	37,8892
2022-03-18	01:38:00		60	3	1	0	1	1	5	1	0	0	0	0	0	0	0	0	0	0	0	0	0	0,0388	0,0006	37,8898
2022-03-18	01:39:00		60	2	2	0	1	4	5	1	0	0	0	0	0	0	0	0	0	0	0	0	0	0,0477	0,0008	37,8906
2022-03-18	01:40:00		60	5	1	0	3	5	2	0	0	0	0	0	0	0	0	0	0	0	0	0	0	0,0313	0,0005	37,8911
2022-03-18	01:41:00		60	1	0	2	6	4	2	0	0	0	0	0	0	0	0	0	0	0	0	0	0	0,0341	0,0006	37,8917
2022-03-18	01:42:00		60	2	1	0	8	4	3	1	0	0	0	0	0	0	0	0	0	0	0	0	0	0,0500	0,0008	37,8925
2022-03-18	01:43:00		60	2	1	4	2	3	4	0	0	0	0	0	0	0	0	0	0	0	0	0	0	0,0367	0,0006	37,8932
2022-03-18	01:44:00		60	2	4	4	2	3	1	0	0	0	0	0	0	0	0	0	0	0	0	0	0	0,0241	0,0004	37,8936
2022-03-18	01:45:00		60	2	2	3	7	3	2	0	0	0	0	0	0	0	0	0	0	0	0	0	0	0,0355	0,0006	37,8941
2022-03-18	01:46:00		60	0	4	5	5	2	0	1	0	0	0	0	0	0	0	0	0	0	0	0	0	0,0310	0,0005	37,8947
2022-03-18	01:47:00		60	0	2	3	2	2	1	0	0	0	0	0	0	0	0	0	0	0	0	0	0	0,0184	0,0003	37,8950
2022-03-18	01:48:00		60	6	8	3	2	2	0	1	0	0	0	0	0	0	0	0	0	0	0	0	0	0,0277	0,0005	37,8954
2022-03-18	01:49:00		60	1	4	0	8	2	0	1	0	0	0	0	0	0	0	0	0	0	0	0	0	0,0313	0,0005	37,8960
2022-03-18	01:50:00		60	2	2	0	4	4	1	1	0	0	0	0	0	0	0	0	0	0	0	0	0	0,0339	0,0006	37,8965
2022-03-18	01:51:00		60	8	5	6	5	1	4	1	0	0	0	0	0	0	0	0	0	0	0	0	0	0,0512	0,0009	37,8974
2022-03-18	01:52:00		60	7	3	1	2	4	1	0	0	0	0	0	0	0	0	0	0	0	0	0	0	0,0247	0,0004	37,8978
2022-03-18	01:53:00		60	6	3	9	4	3	3	0	0	0	0	0	0	0	0	0	0	0	0	0	0	0,0431	0,0007	37,8985
2022-03-18	01:54:00		60	7	8	4	9	1	1	0	1	0	0	0	0	0	0	0	0	0	0	0	0	0,0494	0,0008	37,8993
2022-03-18	01:55:00		60	4	5	7	10	1	1	0	0	0	0	0	0	0	0	0	0	0	0	0	0	0,0369	0,0006	37,8999
2022-03-18	01:56:00		60	5	3	7	8	1	0	0	0	0	0	0	0	0	0	0	0	0	0	0	0	0,0277	0,0005	37,9004
2022-03-18	01:57:00		60	7	4	9	4	0	0	0	0	0	0	0	0	0	0	0	0	0	0	0	0	0,0210	0,0003	37,9008
2022-03-18	01:58:00		60	6	6	6	4	2	0	0	0	0	0	0	0	0	0	0	0	0	0	0	0	0,0245	0,0004	37,9012
2022-03-18	01:59:00		60	14	5	4	3	1	0	0	0	0	0	0	0	0	0	0	0	0	0	0	0	0,0194	0,0003	37,9015
2022-03-18	02:00:00		60	28	6	8	8	1	0	0	0	0	0	0	0	0	0	0	0	0	0	0	0	0,0372	0,0006	37,9021
2022-03-18	02:01:00		60	18	12	1	3	1	0	0	0	0	0	0	0	0	0	0	0	0	0	0	0	0,0216	0,0004	37,9025
2022-03-18	02:02:00		60	10	3	3	1	0	0	0	0	0	0	0	0	0	0	0	0	0	0	0	0	0,0096	0,0002	37,9026
2022-03-18	02:03:00		60	2	4	1	0	0	0	0	0	0	0	0	0	0	0	0	0	0	0	0	0	0,0040	0,0001	37,9027
2022-03-18	02:04:00		60	8	2	1	1	0	0	0	0	0	0	0	0	0	0	0	0	0	0	0	0	0,0063	0,0001	37,9028
2022-03-18	02:05:00		60	11	4	1	0	0	0	0	0	0	0	0	0	0	0	0	0	0	0	0	0	0,0066	0,0001	37,9029
2022-03-18	02:06:00		60	11	0	0	0	0	0	0	0	0	0	0	0	0	0	0	0	0	0	0	0	0,0032	0,0001	37,9030
2022-03-18	02:07:00		60	0	0	0	0	0	0	0	0	0	0	0	0	0	0	0	0	0	0	0	0	0,0000	0,0000	37,9030
2022-03-18	02:08:00		60	5	0	0	0	0	0	0	0	0	0	0	0	0	0	0	0	0	0	0	0	0,0015	0,0000	37,9030
2022-03-18	02:09:00		60	4	0	0	0	0	0	0	0	0	0	0	0	0	0	0	0	0	0	0	0	0,0012	0,0000	37,9030
2022-03-18	02:10:00		60	0	0	0	0	0	0	0	0	0	0	0	0	0	0	0	0	0	0	0	0	0,0000	0,0000	37,9030
2022-03-18	02:11:00		60	0	0	0	0	0	0	0	0	0	0	0	0	0	0	0	0	0	0	0	0	0,0000	0,0000	37,9030
2022-03-18	02:12:00		60	0	0	0	0	0	0	0	0	0	0	0	0	0	0	0	0	0	0	0	0	0,0000	0,0000	37,9030
2022-03-18	02:13:00		60	0	0	0	0	0	0	0	0	0	0	0	0	0	0	0	0	0	0	0	0	0,0000	0,0000	37,9030
2022-03-18	02:14:00		60	0	0	0	0	0	0	0	0	0	0	0	0	0	0	0	0	0	0	0	0	0,0000	0,0000	37,9030
2022-03-18	02:15:00		60	0	0	0	0	0	0	0	0	0	0	0	0	0	0	0	0	0	0	0	0	0,0000	0,0000	37,9030
2022-03-18	02:16:00		60	0	0	0	0	0	0	0	0	0	0	0	0	0	0	0	0	0	0	0	0	0,0000	0,0000	37,9030
2022-03-18	02:17:00		60	0	0	0	0	0	0	0	0	0	0	0	0	0	0	0	0	0	0	0	0	0,0000	0,0000	37,9030
2022-03-18	02:18:00		60	4	0	0	0	0	0	0	0	0	0	0	0	0	0	0	0	0	0	0	0	0,0012	0,0000	37,9030
2022-03-18	02:19:00		60	4	0	0	0	0	0	0	0	0	0	0	0	0	0	0	0	0	0	0	0	0,0012	0,0000	37,9030
2022-03-18	02:20:00		60	0	0	0	0	0	0	0	0	0	0	0	0	0	0	0	0	0	0	0	0	0,0000	0,0000	37,9030
2022-03-18	02:21:00		60	0	0	0	0	0	0	0	0	0	0	0	0	0	0	0	0	0	0	0	0	0,0000	0,0000	37,9030
2022-03-18	02:22:00		60	0	0	0	0	0	0	0	0	0	0	0	0	0	0	0	0	0	0	0	0	0,0000	0,0000	37,9030
2022-03-18	02:23:00		60	0	0	0	0	0	0	0	0	0	0	0	0	0	0	0	0	0	0	0	0	0,0000	0,0000	37,9030
2022-03-18	02:24:00		60	0	0	0	0	0	0	0	0	0	0	0	0	0	0	0	0	0	0	0	0	0,0000	0,0000	37,9030
2022-03-18	02:25:00		60	0	0	0	0	0	0	0	0	0	0	0	0	0	0	0	0	0	0	0	0	0,0000	0,0000	37,9030
2022-03-18	02:26:00		60	0	0	0	0	0	0	0	0	0	0	0	0	0	0	0	0	0	0	0	0	0,0000	0,0000	37,9030
2022-03-18	02:27:00		60	0	0	0	0	0	0	0	0	0	0	0	0	0	0	0	0	0	0	0	0	0,0000	0,0000	37,9030
2022-03-18	02:28:00		60	0	0	0	0	0	0	0	0	0	0	0	0	0	0	0	0	0	0	0	0	0,0000	0,0000	37,9030
2022-03-18	02:29:00		60	0	0	0	0	0	0	0	0	0	0	0	0	0	0	0	0	0	0	0	0	0,0000	0,0000	37,9030
2022-03-18	02:30:00		60	0	0	0	0	0	0	0	0	0	0	0	0	0	0	0	0	0	0	0	0	0,0000	0,0000	37,9030
2022-03-18	02:31:00		60	4	0	0	0	0	0	0	0	0	0	0	0	0	0	0	0	0	0	0	0	0,0012	0,0000	37,9031
2022-03-18	02:32:00		60	0	0	0	0	0	0	0	0	0	0	0	0	0	0	0	0	0	0	0	0	0,0000	0,0000	37,9031
2022-03-18	02:33:00		60	0	0	0	0	0	0	0	0	0	0	0	0	0	0	0	0	0	0	0	0	0,0000	0,0000	37,9031
2022-03-18	02:34:00		60	0	0	0	0	0	0	0	0	0	0	0	0	0	0	0	0	0	0	0	0	0,0000	0,0000	37,9031
2022-03-18	02:35:00		60	4	0	0	0	0	0	0	0	0	0	0	0	0	0	0	0	0	0	0	0	0,0012	0,0000	37,9031
2022-03-18	02:36:00		60	0	0	0	0	0	0	0	0	0	0	0	0	0	0	0	0	0	0	0	0	0,0000	0,0000	37,9031
2022-03-18	02:37:00		60	0	0	0	0	0	0	0	0	0	0	0	0	0	0	0	0	0	0	0	0	0,0000	0,0000	37,9031
2022-03-18	02:38:00		60	0	0	0	0	0	0	0	0	0	0	0	0	0	0	0	0	0	0	0	0	0,0000	0,0000	37,9031
2022-03-18	02:39:00		60	0	0	0	0	0	0	0	0	0	0	0	0	0	0	0	0	0	0	0	0	0,0000	0,0000	37,9031
2022-03-18	02:40:00		60	0	0	0	0	0	0	0	0	0	0	0	0	0	0	0	0	0	0	0	0	0,0000	0,0000	37,9031
2022-03-18	02:41:00		60	0	0	0	0	0	0	0	0	0	0	0	0	0	0	0	0	0	0	0	0	0,0000	0,0000	37,9031
2022-03-18	02:42:00		60	0	0	0	0	0	0	0	0	0	0	0	0	0	0	0	0	0	0	0	0	0,0000	0,0000	37,9031
2022-03-18	02:43:00		60	0	0	0	0	0	0	0	0	0	0	0	0	0	0	0	0	0	0	0	0	0,0000	0,0000	37,9031
2022-03-18	02:44:00		60	0	0	0	0	0	0	0	0	0	0	0	0	0	0	0	0	0	0	0	0	0,0000	0,0000	37,9031
2022-03-18	02:45:00		60	0	0	0	0	0	0	0	0	0	0	0	0	0	0	0	0	0	0	0	0	0,0000	0,0000	37,9031
2022-03-18	02:46:00		60	0	0	0	0	0	0	0	0	0	0	0	0	0	0	0	0	0	0	0	0	0,0000	0,0000	37,9031
2022-03-18	02:47:00		60	0	0	0	0	0	0	0	0	0	0	0	0	0	0	0	0	0	0	0	0	0,0000	0,0000	37,9031
2022-03-18	02:48:00		60	0	0	0	0	0	0	0	0	0	0	0	0	0	0	0	0	0	0	0	0	0,0000	0,0000	37,9031
2022-03-18	02:49:00		60	0	0	0	0	0	0	0	0	0	0	0	0	0	0	0	0	0	0	0	0	0,0000	0,0000	37,9031
2022-03-18	02:50:00		60	0	0	0	0	0	0	0	0	0	0	0	0	0	0	0	0	0	0	0	0	0,0000	0,0000	37,9031
2022-03-18	02:51:00		60	0	0	0	0	0	0	0	0	0	0	0	0	0	0	0	0	0	0	0	0	0,0000	0,0000	37,9031
2022-03-18	02:52:00		60	0	0	0	0	0	0	0	0	0	0	0	0	0	0	0	0	0	0	0	0	0,0000	0,0000	37,9031
2022-03-18	02:53:00		60	0	0	0	0	0	0	0	0	0	0	0	0	0	0	0	0	0	0	0	0	0,0000	0,0000	37,9031
2022-03-18	02:54:00		60	0	0	0	0	0	0	0	0	0	0	0	0	0	0	0	0	0	0	0	0	0,0000	0,0000	37,9031
2022-03-18	02:55:00		60	0	0	0	0	0	0	0	0	0	0	0	0	0	0	0	0	0	0	0	0	0,0000	0,0000	37,9031
2022-03-18	02:56:00		60	0	0	0	0	0	0	0	0	0	0	0	0	0	0	0	0	0	0	0	0	0,0000	0,0000	37,9031
2022-03-18	02:57:00		60	0	0	0	0	0	0	0	0	0	0	0	0	0	0	0	0	0	0	0	0	0,0000	0,0000	37,9031
2022-03-18	02:58:00		60	0	0	0	0	0	0	0	0	0	0	0	0	0	0	0	0	0	0	0	0	0,0000	0,0000	37,9031
2022-03-18	02:59:00		60	0	0	0	0	0	0	0	0	0	0	0	0	0	0	0	0	0	0	0	0	0,0000	0,0000	37,9031
2022-03-18	03:00:00		60	0	0	0	0	0	0	0	0	0	0	0	0	0	0	0	0	0	0	0	0	0,0000	0,0000	37,9031
2022-03-18	03:01:00		60	0	0	0	0	0	0	0	0	0	0	0	0	0	0	0	0	0	0	0	0	0,0000	0,0000	37,9031
2022-03-18	03:02:00		60	0	0	0	0	0	0	0	0	0	0	0	0	0	0	0	0	0	0	0	0	0,0000	0,0000	37,9031
2022-03-18	03:03:00		60	0	0	0	0	0	0	0	0	0	0	0	0	0	0	0	0	0	0	0	0	0,0000	0,0000	37,9031
2022-03-18	03:04:00		60	0	0	0	0	0	0	0	0	0	0	0	0	0	0	0	0	0	0	0	0	0,0000	0,0000	37,9031
2022-03-18	03:05:00		60	0	0	0	0	0	0	0	0	0	0	0	0	0	0	0	0	0	0	0	0	0,0000	0,0000	37,9031
2022-03-18	03:06:00		60	0	0	0	0	0	0	0	0	0	0	0	0	0	0	0	0	0	0	0	0	0,0000	0,0000	37,9031
2022-03-18	03:07:00		60	0	0	0	0	0	0	0	0	0	0	0	0	0	0	0	0	0	0	0	0	0,0000	0,0000	37,9031
2022-03-18	03:08:00		60	0	0	0	0	0	0	0	0	0	0	0	0	0	0	0	0	0	0	0	0	0,0000	0,0000	37,9031
2022-03-18	03:09:00		60	0	0	0	0	0	0	0	0	0	0	0	0	0	0	0	0	0	0	0	0	0,0000	0,0000	37,9031
2022-03-18	03:10:00		60	0	0	0	0	0	0	0	0	0	0	0	0	0	0	0	0	0	0	0	0	0,0000	0,0000	37,9031
2022-03-18	03:11:00		60	0	0	0	0	0	0	0	0	0	0	0	0	0	0	0	0	0	0	0	0	0,0000	0,0000	37,9031
2022-03-18	03:12:00		60	0	0	0	0	0	0	0	0	0	0	0	0	0	0	0	0	0	0	0	0	0,0000	0,0000	37,9031
2022-03-18	03:13:00		60	0	0	0	0	0	0	0	0	0	0	0	0	0	0	0	0	0	0	0	0	0,0000	0,0000	37,9031
2022-03-18	03:14:00		60	0	0	0	0	0	0	0	0	0	0	0	0	0	0	0	0	0	0	0	0	0,0000	0,0000	37,9031
2022-03-18	03:15:00		60	0	0	0	0	0	0	0	0	0	0	0	0	0	0	0	0	0	0	0	0	0,0000	0,0000	37,9031
2022-03-18	03:16:00		60	0	0	0	0	0	0	0	0	0	0	0	0	0	0	0	0	0	0	0	0	0,0000	0,0000	37,9031
2022-03-18	03:17:00		60	6	0	0	0	0	0	0	0	0	0	0	0	0	0	0	0	0	0	0	0	0,0017	0,0000	37,9031
2022-03-18	03:18:00		60	7	0	0	0	0	0	0	0	0	0	0	0	0	0	0	0	0	0	0	0	0,0020	0,0000	37,9031
2022-03-18	03:19:00		60	0	0	0	0	0	0	0	0	0	0	0	0	0	0	0	0	0	0	0	0	0,0000	0,0000	37,9031
2022-03-18	03:20:00		60	16	0	0	0	0	0	0	0	0	0	0	0	0	0	0	0	0	0	0	0	0,0047	0,0001	37,9032
2022-03-18	03:21:00		60	0	0	0	0	0	0	0	0	0	0	0	0	0	0	0	0	0	0	0	0	0,0000	0,0000	37,9032
2022-03-18	03:22:00		60	5	0	0	0	0	0	0	0	0	0	0	0	0	0	0	0	0	0	0	0	0,0015	0,0000	37,9032
2022-03-18	03:23:00		60	0	0	0	0	0	0	0	0	0	0	0	0	0	0	0	0	0	0	0	0	0,0000	0,0000	37,9032
2022-03-18	03:24:00		60	4	0	0	0	0	0	0	0	0	0	0	0	0	0	0	0	0	0	0	0	0,0012	0,0000	37,9033
2022-03-18	03:25:00		60	5	0	0	0	0	0	0	0	0	0	0	0	0	0	0	0	0	0	0	0	0,0015	0,0000	37,9033
2022-03-18	03:26:00		60	0	0	0	0	0	0	0	0	0	0	0	0	0	0	0	0	0	0	0	0	0,0000	0,0000	37,9033
2022-03-18	03:27:00		60	0	0	0	0	0	0	0	0	0	0	0	0	0	0	0	0	0	0	0	0	0,0000	0,0000	37,9033
2022-03-18	03:28:00		60	0	0	0	0	0	0	0	0	0	0	0	0	0	0	0	0	0	0	0	0	0,0000	0,0000	37,9033
2022-03-18	03:29:00		60	0	0	0	0	0	0	0	0	0	0	0	0	0	0	0	0	0	0	0	0	0,0000	0,0000	37,9033
2022-03-18	03:30:00		60	0	0	0	0	0	0	0	0	0	0	0	0	0	0	0	0	0	0	0	0	0,0000	0,0000	37,9033
2022-03-18	03:31:00		60	0	0	0	0	0	0	0	0	0	0	0	0	0	0	0	0	0	0	0	0	0,0000	0,0000	37,9033
2022-03-18	03:32:00		60	0	0	0	0	0	0	0	0	0	0	0	0	0	0	0	0	0	0	0	0	0,0000	0,0000	37,9033
2022-03-18	03:33:00		60	0	0	0	0	0	0	0	0	0	0	0	0	0	0	0	0	0	0	0	0	0,0000	0,0000	37,9033
2022-03-18	03:34:00		60	0	0	0	0	0	0	0	0	0	0	0	0	0	0	0	0	0	0	0	0	0,0000	0,0000	37,9033
2022-03-18	03:35:00		60	0	0	0	0	0	0	0	0	0	0	0	0	0	0	0	0	0	0	0	0	0,0000	0,0000	37,9033
2022-03-18	03:36:00		60	0	0	0	0	0	0	0	0	0	0	0	0	0	0	0	0	0	0	0	0	0,0000	0,0000	37,9033
2022-03-18	03:37:00		60	0	0	0	0	0	0	0	0	0	0	0	0	0	0	0	0	0	0	0	0	0,0000	0,0000	37,9033
2022-03-18	03:38:00		60	0	0	0	0	0	0	0	0	0	0	0	0	0	0	0	0	0	0	0	0	0,0000	0,0000	37,9033
2022-03-18	03:39:00		60	0	0	0	0	0	0	0	0	0	0	0	0	0	0	0	0	0	0	0	0	0,0000	0,0000	37,9033
2022-03-18	03:40:00		60	0	0	0	0	0	0	0	0	0	0	0	0	0	0	0	0	0	0	0	0	0,0000	0,0000	37,9033
2022-03-18	03:41:00		60	0	0	0	0	0	0	0	0	0	0	0	0	0	0	0	0	0	0	0	0	0,0000	0,0000	37,9033
2022-03-18	03:42:00		60	0	0	0	0	0	0	0	0	0	0	0	0	0	0	0	0	0	0	0	0	0,0000	0,0000	37,9033
2022-03-18	03:43:00		60	0	0	0	0	0	0	0	0	0	0	0	0	0	0	0	0	0	0	0	0	0,0000	0,0000	37,9033
2022-03-18	03:44:00		60	0	0	0	0	0	0	0	0	0	0	0	0	0	0	0	0	0	0	0	0	0,0000	0,0000	37,9033
2022-03-18	03:45:00		60	0	0	0	0	0	0	0	0	0	0	0	0	0	0	0	0	0	0	0	0	0,0000	0,0000	37,9033
2022-03-18	03:46:00		60	0	0	0	0	0	0	0	0	0	0	0	0	0	0	0	0	0	0	0	0	0,0000	0,0000	37,9033
2022-03-18	03:47:00		60	0	0	0	0	0	0	0	0	0	0	0	0	0	0	0	0	0	0	0	0	0,0000	0,0000	37,9033
2022-03-18	03:48:00		60	0	0	0	0	0	0	0	0	0	0	0	0	0	0	0	0	0	0	0	0	0,0000	0,0000	37,9033
2022-03-18	03:49:00		60	0	0	0	0	0	0	0	0	0	0	0	0	0	0	0	0	0	0	0	0	0,0000	0,0000	37,9033
2022-03-18	03:50:00		60	0	0	0	0	0	0	0	0	0	0	0	0	0	0	0	0	0	0	0	0	0,0000	0,0000	37,9033
2022-03-18	03:51:00		60	0	0	0	0	0	0	0	0	0	0	0	0	0	0	0	0	0	0	0	0	0,0000	0,0000	37,9033
2022-03-18	03:52:00		60	0	0	0	0	0	0	0	0	0	0	0	0	0	0	0	0	0	0	0	0	0,0000	0,0000	37,9033
2022-03-18	03:53:00		60	0	0	0	0	0	0	0	0	0	0	0	0	0	0	0	0	0	0	0	0	0,0000	0,0000	37,9033
2022-03-18	03:54:00		60	0	0	0	0	0	0	0	0	0	0	0	0	0	0	0	0	0	0	0	0	0,0000	0,0000	37,9033
2022-03-18	03:55:00		60	0	0	0	0	0	0	0	0	0	0	0	0	0	0	0	0	0	0	0	0	0,0000	0,0000	37,9033
2022-03-18	03:56:00		60	0	0	0	0	0	0	0	0	0	0	0	0	0	0	0	0	0	0	0	0	0,0000	0,0000	37,9033
2022-03-18	03:57:00		60	0	0	0	0	0	0	0	0	0	0	0	0	0	0	0	0	0	0	0	0	0,0000	0,0000	37,9033
2022-03-18	03:58:00		60	0	0	0	0	0	0	0	0	0	0	0	0	0	0	0	0	0	0	0	0	0,0000	0,0000	37,9033
2022-03-18	03:59:00		60	0	0	0	0	0	0	0	0	0	0	0	0	0	0	0	0	0	0	0	0	0,0000	0,0000	37,9033
2022-03-18	04:00:00		60	0	0	0	0	0	0	0	0	0	0	0	0	0	0	0	0	0	0	0	0	0,0000	0,0000	37,9033
2022-03-18	04:01:00		60	0	0	0	0	0	0	0	0	0	0	0	0	0	0	0	0	0	0	0	0	0,0000	0,0000	37,9033
2022-03-18	04:02:00		60	0	0	0	0	0	0	0	0	0	0	0	0	0	0	0	0	0	0	0	0	0,0000	0,0000	37,9033
2022-03-18	04:03:00		60	0	0	0	0	0	0	0	0	0	0	0	0	0	0	0	0	0	0	0	0	0,0000	0,0000	37,9033
2022-03-18	04:04:00		60	0	0	0	0	0	0	0	0	0	0	0	0	0	0	0	0	0	0	0	0	0,0000	0,0000	37,9033
2022-03-18	04:05:00		60	0	0	0	0	0	0	0	0	0	0	0	0	0	0	0	0	0	0	0	0	0,0000	0,0000	37,9033
2022-03-18	04:06:00		60	0	0	0	0	0	0	0	0	0	0	0	0	0	0	0	0	0	0	0	0	0,0000	0,0000	37,9033
2022-03-18	04:07:00		60	0	0	0	0	0	0	0	0	0	0	0	0	0	0	0	0	0	0	0	0	0,0000	0,0000	37,9033
2022-03-18	04:08:00		60	0	0	0	0	0	0	0	0	0	0	0	0	0	0	0	0	0	0	0	0	0,0000	0,0000	37,9033
2022-03-18	04:09:00		60	0	0	0	0	0	0	0	0	0	0	0	0	0	0	0	0	0	0	0	0	0,0000	0,0000	37,9033
2022-03-18	04:10:00		60	0	0	0	0	0	0	0	0	0	0	0	0	0	0	0	0	0	0	0	0	0,0000	0,0000	37,9033
2022-03-18	04:11:00		60	0	0	0	0	0	0	0	0	0	0	0	0	0	0	0	0	0	0	0	0	0,0000	0,0000	37,9033
2022-03-18	04:12:00		60	0	0	0	0	0	0	0	0	0	0	0	0	0	0	0	0	0	0	0	0	0,0000	0,0000	37,9033
2022-03-18	04:13:00		60	0	0	0	0	0	0	0	0	0	0	0	0	0	0	0	0	0	0	0	0	0,0000	0,0000	37,9033
2022-03-18	04:14:00		60	0	0	0	0	0	0	0	0	0	0	0	0	0	0	0	0	0	0	0	0	0,0000	0,0000	37,9033
2022-03-18	04:15:00		60	0	0	0	0	0	0	0	0	0	0	0	0	0	0	0	0	0	0	0	0	0,0000	0,0000	37,9033
2022-03-18	04:16:00		60	0	0	0	0	0	0	0	0	0	0	0	0	0	0	0	0	0	0	0	0	0,0000	0,0000	37,9033
2022-03-18	04:17:00		60	0	0	0	0	0	0	0	0	0	0	0	0	0	0	0	0	0	0	0	0	0,0000	0,0000	37,9033
2022-03-18	04:18:00		60	0	0	0	0	0	0	0	0	0	0	0	0	0	0	0	0	0	0	0	0	0,0000	0,0000	37,9033
2022-03-18	04:19:00		60	0	0	0	0	0	0	0	0	0	0	0	0	0	0	0	0	0	0	0	0	0,0000	0,0000	37,9033
2022-03-18	04:20:00		60	0	0	0	0	0	0	0	0	0	0	0	0	0	0	0	0	0	0	0	0	0,0000	0,0000	37,9033
2022-03-18	04:21:00		60	0	0	0	0	0	0	0	0	0	0	0	0	0	0	0	0	0	0	0	0	0,0000	0,0000	37,9033
2022-03-18	04:22:00		60	0	0	0	0	0	0	0	0	0	0	0	0	0	0	0	0	0	0	0	0	0,0000	0,0000	37,9033
2022-03-18	04:23:00		60	0	0	0	0	0	0	0	0	0	0	0	0	0	0	0	0	0	0	0	0	0,0000	0,0000	37,9033
2022-03-18	04:24:00		60	0	0	0	0	0	0	0	0	0	0	0	0	0	0	0	0	0	0	0	0	0,0000	0,0000	37,9033
2022-03-18	04:25:00		60	14	0	0	0	0	0	0	0	0	0	0	0	0	0	0	0	0	0	0	0	0,0041	0,0001	37,9034
2022-03-18	04:26:00		60	8	0	0	0	0	0	0	0	0	0	0	0	0	0	0	0	0	0	0	0	0,0023	0,0000	37,9034
2022-03-18	04:27:00		60	0	0	0	0	0	0	0	0	0	0	0	0	0	0	0	0	0	0	0	0	0,0000	0,0000	37,9034
2022-03-18	04:28:00		60	8	0	0	0	0	0	0	0	0	0	0	0	0	0	0	0	0	0	0	0	0,0023	0,0000	37,9034
2022-03-18	04:29:00		60	0	0	0	0	0	0	0	0	0	0	0	0	0	0	0	0	0	0	0	0	0,0000	0,0000	37,9034
2022-03-18	04:30:00		60	14	0	0	0	0	0	0	0	0	0	0	0	0	0	0	0	0	0	0	0	0,0041	0,0001	37,9035
2022-03-18	04:31:00		60	0	0	0	0	0	0	0	0	0	0	0	0	0	0	0	0	0	0	0	0	0,0000	0,0000	37,9035
2022-03-18	04:32:00		60	0	0	0	0	0	0	0	0	0	0	0	0	0	0	0	0	0	0	0	0	0,0000	0,0000	37,9035
2022-03-18	04:33:00		60	0	0	0	0	0	0	0	0	0	0	0	0	0	0	0	0	0	0	0	0	0,0000	0,0000	37,9035
2022-03-18	04:34:00		60	0	0	0	0	0	0	0	0	0	0	0	0	0	0	0	0	0	0	0	0	0,0000	0,0000	37,9035
2022-03-18	04:35:00		60	4	0	0	0	0	0	0	0	0	0	0	0	0	0	0	0	0	0	0	0	0,0012	0,0000	37,9035
2022-03-18	04:36:00		60	5	0	0	0	0	0	0	0	0	0	0	0	0	0	0	0	0	0	0	0	0,0015	0,0000	37,9035
2022-03-18	04:37:00		60	0	0	0	0	0	0	0	0	1	0	0	0	0	0	0	0	0	0	0	0	0,0215	0,0004	37,9039
2022-03-18	04:38:00		60	0	0	0	0	0	0	0	0	0	0	0	0	0	0	0	0	0	0	0	0	0,0000	0,0000	37,9039
2022-03-18	04:39:00		60	7	1	1	0	0	0	1	0	0	0	0	0	0	0	0	0	0	0	0	0	0,0124	0,0002	37,9041
2022-03-18	04:40:00		60	4	0	0	0	0	0	3	0	0	0	0	0	0	0	0	0	0	0	0	0	0,0274	0,0005	37,9046
2022-03-18	04:41:00		60	2	0	0	0	1	0	3	0	1	0	0	0	0	0	0	0	0	0	0	0	0,0511	0,0009	37,9054
2022-03-18	04:42:00		60	6	0	1	1	0	0	2	0	0	0	0	0	0	0	0	0	0	0	0	0	0,0220	0,0004	37,9058
2022-03-18	04:43:00		60	1	0	1	0	0	1	3	2	1	0	0	0	0	0	0	0	0	0	0	0	0,0834	0,0014	37,9072
2022-03-18	04:44:00		60	4	0	0	2	2	1	1	2	0	0	0	0	0	0	0	0	0	0	0	0	0,0536	0,0009	37,9081
2022-03-18	04:45:00		60	3	0	1	0	0	2	0	2	0	0	0	0	0	0	0	0	0	0	0	0	0,0411	0,0007	37,9088
2022-03-18	04:46:00		60	0	0	1	1	3	2	1	0	0	0	0	0	0	0	0	0	0	0	0	0	0,0298	0,0005	37,9092
2022-03-18	04:47:00		60	4	1	1	0	1	1	5	0	0	0	0	0	0	0	0	0	0	0	0	0	0,0541	0,0009	37,9102
2022-03-18	04:48:00		60	0	1	1	1	1	2	2	0	0	0	0	0	0	0	0	0	0	0	0	0	0,0333	0,0006	37,9107
2022-03-18	04:49:00		60	0	4	1	3	3	1	1	0	0	0	0	0	0	0	0	0	0	0	0	0	0,0309	0,0005	37,9112
2022-03-18	04:50:00		60	1	2	1	2	2	2	0	0	0	0	0	0	0	0	0	0	0	0	0	0	0,0214	0,0004	37,9116
2022-03-18	04:51:00		60	2	1	3	2	5	1	0	0	0	0	0	0	0	0	0	0	0	0	0	0	0,0271	0,0005	37,9120
2022-03-18	04:52:00		60	1	4	2	0	1	0	0	0	0	0	0	0	0	0	0	0	0	0	0	0	0,0076	0,0001	37,9122
2022-03-18	04:53:00		60	2	3	4	4	0	0	0	0	0	0	0	0	0	0	0	0	0	0	0	0	0,0137	0,0002	37,9124
2022-03-18	04:54:00		60	3	5	3	1	0	0	0	0	0	0	0	0	0	0	0	0	0	0	0	0	0,0088	0,0001	37,9125
2022-03-18	04:55:00		60	1	0	3	1	0	0	0	0	0	0	0	0	0	0	0	0	0	0	0	0	0,0052	0,0001	37,9126
2022-03-18	04:56:00		60	3	3	1	1	0	0	0	0	0	0	0	0	0	0	0	0	0	0	0	0	0,0055	0,0001	37,9127
2022-03-18	04:57:00		60	2	5	1	1	0	0	0	0	0	0	0	0	0	0	0	0	0	0	0	0	0,0064	0,0001	37,9128
2022-03-18	04:58:00		60	3	1	0	2	0	0	0	0	0	0	0	0	0	0	0	0	0	0	0	0	0,0050	0,0001	37,9129
2022-03-18	04:59:00		60	0	0	0	0	0	0	0	0	0	0	0	0	0	0	0	0	0	0	0	0	0,0000	0,0000	37,9129
2022-03-18	05:00:00		60	0	0	0	0	0	0	0	0	0	0	0	0	0	0	0	0	0	0	0	0	0,0000	0,0000	37,9129
2022-03-18	05:01:00		60	0	0	0	0	0	0	0	0	0	0	0	0	0	0	0	0	0	0	0	0	0,0000	0,0000	37,9129
2022-03-18	05:02:00		60	4	1	0	0	0	0	0	0	0	0	0	0	0	0	0	0	0	0	0	0	0,0018	0,0000	37,9129
2022-03-18	05:03:00		60	3	1	1	0	0	0	0	0	0	0	0	0	0	0	0	0	0	0	0	0	0,0025	0,0000	37,9130
2022-03-18	05:04:00		60	12	0	0	0	0	0	0	0	0	0	0	0	0	0	0	0	0	0	0	0	0,0035	0,0001	37,9130
2022-03-18	05:05:00		60	13	2	0	0	0	0	0	0	0	0	0	0	0	0	0	0	0	0	0	0	0,0050	0,0001	37,9131
2022-03-18	05:06:00		60	12	5	0	0	0	0	0	0	0	0	0	0	0	0	0	0	0	0	0	0	0,0064	0,0001	37,9132
2022-03-18	05:07:00		60	3	5	0	0	0	0	0	0	0	0	0	0	0	0	0	0	0	0	0	0	0,0038	0,0001	37,9133
2022-03-18	05:08:00		60	0	0	0	0	0	0	0	0	0	0	0	0	0	0	0	0	0	0	0	0	0,0000	0,0000	37,9133
2022-03-18	05:09:00		60	4	2	0	0	0	0	0	0	0	0	0	0	0	0	0	0	0	0	0	0	0,0023	0,0000	37,9133
2022-03-18	05:10:00		60	6	3	2	0	0	0	0	0	0	0	0	0	0	0	0	0	0	0	0	0	0,0056	0,0001	37,9134
2022-03-18	05:11:00		60	0	0	0	0	0	0	0	0	0	0	0	0	0	0	0	0	0	0	0	0	0,0000	0,0000	37,9134
2022-03-18	05:12:00		60	7	0	1	1	0	0	0	0	0	0	0	0	0	0	0	0	0	0	0	0	0,0049	0,0001	37,9135
2022-03-18	05:13:00		60	0	0	0	0	0	0	0	0	0	0	0	0	0	0	0	0	0	0	0	0	0,0000	0,0000	37,9135
2022-03-18	05:14:00		60	3	2	2	0	0	0	0	0	0	0	0	0	0	0	0	0	0	0	0	0	0,0042	0,0001	37,9136
2022-03-18	05:15:00		60	0	0	0	0	0	0	0	0	0	0	0	0	0	0	0	0	0	0	0	0	0,0000	0,0000	37,9136
2022-03-18	05:16:00		60	0	0	0	0	0	0	0	0	0	0	0	0	0	0	0	0	0	0	0	0	0,0000	0,0000	37,9136
2022-03-18	05:17:00		60	4	1	2	0	0	0	0	0	0	0	0	0	0	0	0	0	0	0	0	0	0,0039	0,0001	37,9136
2022-03-18	05:18:00		60	4	2	1	0	0	0	0	0	0	0	0	0	0	0	0	0	0	0	0	0	0,0034	0,0001	37,9137
2022-03-18	05:19:00		60	3	5	1	0	0	0	0	0	0	0	0	0	0	0	0	0	0	0	0	0	0,0049	0,0001	37,9138
2022-03-18	05:20:00		60	7	5	1	0	0	0	0	0	0	0	0	0	0	0	0	0	0	0	0	0	0,0060	0,0001	37,9139
2022-03-18	05:21:00		60	0	1	1	0	0	0	0	0	0	0	0	0	0	0	0	0	0	0	0	0	0,0016	0,0000	37,9139
2022-03-18	05:22:00		60	1	2	1	0	0	0	0	0	0	0	0	0	0	0	0	0	0	0	0	0	0,0025	0,0000	37,9139
2022-03-18	05:23:00		60	0	0	0	0	0	0	0	0	0	0	0	0	0	0	0	0	0	0	0	0	0,0000	0,0000	37,9139
2022-03-18	05:24:00		60	1	1	0	1	0	0	0	0	0	0	0	0	0	0	0	0	0	0	0	0	0,0027	0,0000	37,9140
2022-03-18	05:25:00		60	0	0	0	0	0	0	0	0	0	0	0	0	0	0	0	0	0	0	0	0	0,0000	0,0000	37,9140
2022-03-18	05:26:00		60	4	3	0	0	0	0	0	0	0	0	0	0	0	0	0	0	0	0	0	0	0,0029	0,0000	37,9140
2022-03-18	05:27:00		60	0	0	0	0	0	0	0	0	0	0	0	0	0	0	0	0	0	0	0	0	0,0000	0,0000	37,9140
2022-03-18	05:28:00		60	5	0	0	0	0	0	0	0	0	0	0	0	0	0	0	0	0	0	0	0	0,0015	0,0000	37,9141
2022-03-18	05:29:00		60	0	0	0	0	0	0	0	0	0	0	0	0	0	0	0	0	0	0	0	0	0,0000	0,0000	37,9141
2022-03-18	05:30:00		60	0	0	0	0	0	0	0	0	0	0	0	0	0	0	0	0	0	0	0	0	0,0000	0,0000	37,9141
2022-03-18	05:31:00		60	0	0	0	0	0	0	0	0	0	0	0	0	0	0	0	0	0	0	0	0	0,0000	0,0000	37,9141
2022-03-18	05:32:00		60	0	0	0	0	0	0	0	0	0	0	0	0	0	0	0	0	0	0	0	0	0,0000	0,0000	37,9141
2022-03-18	05:33:00		60	0	0	0	0	0	0	0	0	0	0	0	0	0	0	0	0	0	0	0	0	0,0000	0,0000	37,9141
2022-03-18	05:34:00		60	0	0	0	0	0	0	0	0	0	0	0	0	0	0	0	0	0	0	0	0	0,0000	0,0000	37,9141
2022-03-18	05:35:00		60	0	0	0	0	0	0	0	0	0	0	0	0	0	0	0	0	0	0	0	0	0,0000	0,0000	37,9141
2022-03-18	05:36:00		60	0	0	0	0	0	0	0	0	0	0	0	0	0	0	0	0	0	0	0	0	0,0000	0,0000	37,9141
2022-03-18	05:37:00		60	0	1	1	0	0	0	0	0	0	0	0	0	0	0	0	0	0	0	0	0	0,0016	0,0000	37,9141
2022-03-18	05:38:00		60	3	1	1	0	0	0	0	0	0	0	0	0	0	0	0	0	0	0	0	0	0,0025	0,0000	37,9141
2022-03-18	05:39:00		60	4	0	0	0	0	0	0	0	0	0	0	0	0	0	0	0	0	0	0	0	0,0012	0,0000	37,9141
2022-03-18	05:40:00		60	4	2	0	0	0	0	0	0	0	0	0	0	0	0	0	0	0	0	0	0	0,0023	0,0000	37,9142
2022-03-18	05:41:00		60	0	0	0	0	0	0	0	0	0	0	0	0	0	0	0	0	0	0	0	0	0,0000	0,0000	37,9142
2022-03-18	05:42:00		60	0	0	0	0	0	0	0	0	0	0	0	0	0	0	0	0	0	0	0	0	0,0000	0,0000	37,9142
2022-03-18	05:43:00		60	0	0	0	0	0	0	0	0	0	0	0	0	0	0	0	0	0	0	0	0	0,0000	0,0000	37,9142
2022-03-18	05:44:00		60	0	0	0	0	0	0	0	0	0	0	0	0	0	0	0	0	0	0	0	0	0,0000	0,0000	37,9142
2022-03-18	05:45:00		60	0	0	0	0	0	0	0	0	0	0	0	0	0	0	0	0	0	0	0	0	0,0000	0,0000	37,9142
2022-03-18	05:46:00		60	0	0	0	0	0	0	0	0	0	0	0	0	0	0	0	0	0	0	0	0	0,0000	0,0000	37,9142
2022-03-18	05:47:00		60	0	0	0	0	0	0	0	0	0	0	0	0	0	0	0	0	0	0	0	0	0,0000	0,0000	37,9142
2022-03-18	05:48:00		60	0	0	0	0	0	0	0	0	0	0	0	0	0	0	0	0	0	0	0	0	0,0000	0,0000	37,9142
2022-03-18	05:49:00		60	0	0	0	0	0	0	0	0	0	0	0	0	0	0	0	0	0	0	0	0	0,0000	0,0000	37,9142
2022-03-18	05:50:00		60	0	0	0	0	0	0	0	0	0	0	0	0	0	0	0	0	0	0	0	0	0,0000	0,0000	37,9142
2022-03-18	05:51:00		60	0	0	0	0	0	0	0	0	0	0	0	0	0	0	0	0	0	0	0	0	0,0000	0,0000	37,9142
2022-03-18	05:52:00		60	0	0	0	0	0	0	0	0	0	0	0	0	0	0	0	0	0	0	0	0	0,0000	0,0000	37,9142
2022-03-18	05:53:00		60	0	0	0	0	0	0	0	0	0	0	0	0	0	0	0	0	0	0	0	0	0,0000	0,0000	37,9142
2022-03-18	05:54:00		60	0	0	0	0	0	0	0	0	0	0	0	0	0	0	0	0	0	0	0	0	0,0000	0,0000	37,9142
2022-03-18	05:55:00		60	0	0	0	0	0	0	0	0	0	0	0	0	0	0	0	0	0	0	0	0	0,0000	0,0000	37,9142
2022-03-18	05:56:00		60	0	0	0	0	0	0	0	0	0	0	0	0	0	0	0	0	0	0	0	0	0,0000	0,0000	37,9142
2022-03-18	05:57:00		60	0	0	0	0	0	0	0	0	0	0	0	0	0	0	0	0	0	0	0	0	0,0000	0,0000	37,9142
2022-03-18	05:58:00		60	0	0	0	0	0	0	0	0	0	0	0	0	0	0	0	0	0	0	0	0	0,0000	0,0000	37,9142
2022-03-18	05:59:00		60	0	0	0	0	0	0	0	0	0	0	0	0	0	0	0	0	0	0	0	0	0,0000	0,0000	37,9142
2022-03-18	06:00:00		60	0	0	0	0	0	0	0	0	0	0	0	0	0	0	0	0	0	0	0	0	0,0000	0,0000	37,9142
2022-03-18	06:01:00		60	0	0	0	0	0	0	0	0	0	0	0	0	0	0	0	0	0	0	0	0	0,0000	0,0000	37,9142
2022-03-18	06:02:00		60	0	0	0	0	0	0	0	0	0	0	0	0	0	0	0	0	0	0	0	0	0,0000	0,0000	37,9142
2022-03-18	06:03:00		60	0	0	0	0	0	0	0	0	0	0	0	0	0	0	0	0	0	0	0	0	0,0000	0,0000	37,9142
2022-03-18	06:04:00		60	0	0	0	0	0	0	0	0	0	0	0	0	0	0	0	0	0	0	0	0	0,0000	0,0000	37,9142
2022-03-18	06:05:00		60	0	0	0	0	0	0	0	0	0	0	0	0	0	0	0	0	0	0	0	0	0,0000	0,0000	37,9142
2022-03-18	06:06:00		60	0	0	0	0	0	0	0	0	0	0	0	0	0	0	0	0	0	0	0	0	0,0000	0,0000	37,9142
2022-03-18	06:07:00		60	0	0	0	0	0	0	0	0	0	0	0	0	0	0	0	0	0	0	0	0	0,0000	0,0000	37,9142
2022-03-18	06:08:00		60	0	0	0	0	0	0	0	0	0	0	0	0	0	0	0	0	0	0	0	0	0,0000	0,0000	37,9142
2022-03-18	06:09:00		60	0	0	0	0	0	0	0	0	0	0	0	0	0	0	0	0	0	0	0	0	0,0000	0,0000	37,9142
2022-03-18	06:10:00		60	0	0	0	0	0	0	0	0	0	0	0	0	0	0	0	0	0	0	0	0	0,0000	0,0000	37,9142
2022-03-18	06:11:00		60	0	0	0	0	0	0	0	0	0	0	0	0	0	0	0	0	0	0	0	0	0,0000	0,0000	37,9142
2022-03-18	06:12:00		60	0	0	0	0	0	0	0	0	0	0	0	0	0	0	0	0	0	0	0	0	0,0000	0,0000	37,9142
2022-03-18	06:13:00		60	0	0	0	0	0	0	0	0	0	0	0	0	0	0	0	0	0	0	0	0	0,0000	0,0000	37,9142
2022-03-18	06:14:00		60	0	0	0	0	0	0	0	0	0	0	0	0	0	0	0	0	0	0	0	0	0,0000	0,0000	37,9142
2022-03-18	06:15:00		60	0	0	0	0	0	0	0	0	0	0	0	0	0	0	0	0	0	0	0	0	0,0000	0,0000	37,9142
2022-03-18	06:16:00		60	0	0	0	0	0	0	0	0	0	0	0	0	0	0	0	0	0	0	0	0	0,0000	0,0000	37,9142
2022-03-18	06:17:00		60	0	0	0	0	0	0	0	0	0	0	0	0	0	0	0	0	0	0	0	0	0,0000	0,0000	37,9142
2022-03-18	06:18:00		60	0	0	0	0	0	0	0	0	0	0	0	0	0	0	0	0	0	0	0	0	0,0000	0,0000	37,9142
2022-03-18	06:19:00		60	0	0	0	0	0	0	0	0	0	0	0	0	0	0	0	0	0	0	0	0	0,0000	0,0000	37,9142
2022-03-18	06:20:00		60	0	0	0	0	0	0	0	0	0	0	0	0	0	0	0	0	0	0	0	0	0,0000	0,0000	37,9142
2022-03-18	06:21:00		60	0	0	0	0	0	0	0	0	0	0	0	0	0	0	0	0	0	0	0	0	0,0000	0,0000	37,9142
2022-03-18	06:22:00		60	0	0	0	0	0	0	0	0	0	0	0	0	0	0	0	0	0	0	0	0	0,0000	0,0000	37,9142
2022-03-18	06:23:00		60	0	0	0	0	0	0	0	0	0	0	0	0	0	0	0	0	0	0	0	0	0,0000	0,0000	37,9142
2022-03-18	06:24:00		60	0	0	0	0	0	0	0	0	0	0	0	0	0	0	0	0	0	0	0	0	0,0000	0,0000	37,9142
2022-03-18	06:25:00		60	0	0	0	0	0	0	0	0	0	0	0	0	0	0	0	0	0	0	0	0	0,0000	0,0000	37,9142
2022-03-18	06:26:00		60	0	0	0	0	0	0	0	0	0	0	0	0	0	0	0	0	0	0	0	0	0,0000	0,0000	37,9142
2022-03-18	06:27:00		60	0	0	0	0	0	0	0	0	0	0	0	0	0	0	0	0	0	0	0	0	0,0000	0,0000	37,9142
2022-03-18	06:28:00		60	0	0	0	0	0	0	0	0	0	0	0	0	0	0	0	0	0	0	0	0	0,0000	0,0000	37,9142
2022-03-18	06:29:00		60	0	0	0	0	0	0	0	0	0	0	0	0	0	0	0	0	0	0	0	0	0,0000	0,0000	37,9142
2022-03-18	06:30:00		60	0	0	0	0	0	0	0	0	0	0	0	0	0	0	0	0	0	0	0	0	0,0000	0,0000	37,9142
2022-03-18	06:31:00		60	0	0	0	0	0	0	0	0	0	0	0	0	0	0	0	0	0	0	0	0	0,0000	0,0000	37,9142
2022-03-18	06:32:00		60	0	0	0	0	0	0	0	0	0	0	0	0	0	0	0	0	0	0	0	0	0,0000	0,0000	37,9142
2022-03-18	06:33:00		60	0	0	0	0	0	0	0	0	0	0	0	0	0	0	0	0	0	0	0	0	0,0000	0,0000	37,9142
2022-03-18	06:34:00		60	0	0	0	0	0	0	0	0	0	0	0	0	0	0	0	0	0	0	0	0	0,0000	0,0000	37,9142
2022-03-18	06:35:00		60	0	0	0	0	0	0	0	0	0	0	0	0	0	0	0	0	0	0	0	0	0,0000	0,0000	37,9142
2022-03-18	06:36:00		60	0	0	0	0	0	0	0	0	0	0	0	0	0	0	0	0	0	0	0	0	0,0000	0,0000	37,9142
2022-03-18	06:37:00		60	0	0	0	0	0	0	0	0	0	0	0	0	0	0	0	0	0	0	0	0	0,0000	0,0000	37,9142
2022-03-18	06:38:00		60	0	0	0	0	0	0	0	0	0	0	0	0	0	0	0	0	0	0	0	0	0,0000	0,0000	37,9142
2022-03-18	06:39:00		60	0	0	0	0	0	0	0	0	0	0	0	0	0	0	0	0	0	0	0	0	0,0000	0,0000	37,9142
2022-03-18	06:40:00		60	0	0	0	0	0	0	0	0	0	0	0	0	0	0	0	0	0	0	0	0	0,0000	0,0000	37,9142
2022-03-18	06:41:00		60	0	0	0	0	0	0	0	0	0	0	0	0	0	0	0	0	0	0	0	0	0,0000	0,0000	37,9142
2022-03-18	06:42:00		60	0	0	0	0	0	0	0	0	0	0	0	0	0	0	0	0	0	0	0	0	0,0000	0,0000	37,9142
2022-03-18	06:43:00		60	0	0	0	0	0	0	0	0	0	0	0	0	0	0	0	0	0	0	0	0	0,0000	0,0000	37,9142
2022-03-18	06:44:00		60	0	0	0	0	0	0	0	0	0	0	0	0	0	0	0	0	0	0	0	0	0,0000	0,0000	37,9142
2022-03-18	06:45:00		60	0	0	0	0	0	0	0	0	0	0	0	0	0	0	0	0	0	0	0	0	0,0000	0,0000	37,9142
2022-03-18	06:46:00		60	0	0	0	0	0	0	0	0	0	0	0	0	0	0	0	0	0	0	0	0	0,0000	0,0000	37,9142
2022-03-18	06:47:00		60	0	0	0	0	0	0	0	0	0	0	0	0	0	0	0	0	0	0	0	0	0,0000	0,0000	37,9142
2022-03-18	06:48:00		60	0	0	0	0	0	0	0	0	0	0	0	0	0	0	0	0	0	0	0	0	0,0000	0,0000	37,9142
2022-03-18	06:49:00		60	0	0	0	0	0	0	0	0	0	0	0	0	0	0	0	0	0	0	0	0	0,0000	0,0000	37,9142
2022-03-18	06:50:00		60	0	0	0	0	0	0	0	0	0	0	0	0	0	0	0	0	0	0	0	0	0,0000	0,0000	37,9142
2022-03-18	06:51:00		60	0	0	0	0	0	0	0	0	0	0	0	0	0	0	0	0	0	0	0	0	0,0000	0,0000	37,9142
2022-03-18	06:52:00		60	0	0	0	0	0	0	0	0	0	0	0	0	0	0	0	0	0	0	0	0	0,0000	0,0000	37,9142
2022-03-18	06:53:00		60	0	0	0	0	0	0	0	0	0	0	0	0	0	0	0	0	0	0	0	0	0,0000	0,0000	37,9142
2022-03-18	06:54:00		60	0	0	0	0	0	0	0	0	0	0	0	0	0	0	0	0	0	0	0	0	0,0000	0,0000	37,9142
2022-03-18	06:55:00		60	0	0	0	0	0	0	0	0	0	0	0	0	0	0	0	0	0	0	0	0	0,0000	0,0000	37,9142
2022-03-18	06:56:00		60	0	0	0	0	0	0	0	0	0	0	0	0	0	0	0	0	0	0	0	0	0,0000	0,0000	37,9142
2022-03-18	06:57:00		60	0	0	0	0	0	0	0	0	0	0	0	0	0	0	0	0	0	0	0	0	0,0000	0,0000	37,9142
2022-03-18	06:58:00		60	0	0	0	0	0	0	0	0	0	0	0	0	0	0	0	0	0	0	0	0	0,0000	0,0000	37,9142
2022-03-18	06:59:00		60	0	0	0	0	0	0	0	0	0	0	0	0	0	0	0	0	0	0	0	0	0,0000	0,0000	37,9142
2022-03-18	07:00:00		60	0	0	0	0	0	0	0	0	0	0	0	0	0	0	0	0	0	0	0	0	0,0000	0,0000	37,9142
2022-03-18	07:01:00		60	0	0	0	0	0	0	0	0	0	0	0	0	0	0	0	0	0	0	0	0	0,0000	0,0000	37,9142
2022-03-18	07:02:00		60	0	0	0	0	0	0	0	0	0	0	0	0	0	0	0	0	0	0	0	0	0,0000	0,0000	37,9142
2022-03-18	07:03:00		60	0	0	0	0	0	0	0	0	0	0	0	0	0	0	0	0	0	0	0	0	0,0000	0,0000	37,9142
2022-03-18	07:04:00		60	0	0	0	0	0	0	0	0	0	0	0	0	0	0	0	0	0	0	0	0	0,0000	0,0000	37,9142
2022-03-18	07:05:00		60	0	0	0	0	0	0	0	0	0	0	0	0	0	0	0	0	0	0	0	0	0,0000	0,0000	37,9142
2022-03-18	07:06:00		60	0	0	0	0	0	0	0	0	0	0	0	0	0	0	0	0	0	0	0	0	0,0000	0,0000	37,9142
2022-03-18	07:07:00		60	0	0	0	0	0	0	0	0	0	0	0	0	0	0	0	0	0	0	0	0	0,0000	0,0000	37,9142
2022-03-18	07:08:00		60	0	0	0	0	0	0	0	0	0	0	0	0	0	0	0	0	0	0	0	0	0,0000	0,0000	37,9142
2022-03-18	07:09:00		60	0	0	0	0	0	0	0	0	0	0	0	0	0	0	0	0	0	0	0	0	0,0000	0,0000	37,9142
2022-03-18	07:10:00		60	0	0	0	0	0	0	0	0	0	0	0	0	0	0	0	0	0	0	0	0	0,0000	0,0000	37,9142
2022-03-18	07:11:00		60	0	0	0	0	0	0	0	0	0	0	0	0	0	0	0	0	0	0	0	0	0,0000	0,0000	37,9142
2022-03-18	07:12:00		60	0	0	0	0	0	0	0	0	0	0	0	0	0	0	0	0	0	0	0	0	0,0000	0,0000	37,9142
2022-03-18	07:13:00		60	0	0	0	0	0	0	0	0	0	0	0	0	0	0	0	0	0	0	0	0	0,0000	0,0000	37,9142
2022-03-18	07:14:00		60	0	0	0	0	0	0	0	0	0	0	0	0	0	0	0	0	0	0	0	0	0,0000	0,0000	37,9142
2022-03-18	07:15:00		60	0	0	0	0	0	0	0	0	0	0	0	0	0	0	0	0	0	0	0	0	0,0000	0,0000	37,9142
2022-03-18	07:16:00		60	0	0	0	0	0	0	0	0	0	0	0	0	0	0	0	0	0	0	0	0	0,0000	0,0000	37,9142
2022-03-18	07:17:00		60	0	0	0	0	0	0	0	0	0	0	0	0	0	0	0	0	0	0	0	0	0,0000	0,0000	37,9142
2022-03-18	07:18:00		60	0	0	0	0	0	0	0	0	0	0	0	0	0	0	0	0	0	0	0	0	0,0000	0,0000	37,9142
2022-03-18	07:19:00		60	0	0	0	0	0	0	0	0	0	0	0	0	0	0	0	0	0	0	0	0	0,0000	0,0000	37,9142
2022-03-18	07:20:00		60	0	0	0	0	0	0	0	0	0	0	0	0	0	0	0	0	0	0	0	0	0,0000	0,0000	37,9142
2022-03-18	07:21:00		60	0	0	0	0	0	0	0	0	0	0	0	0	0	0	0	0	0	0	0	0	0,0000	0,0000	37,9142
2022-03-18	07:22:00		60	0	0	0	0	0	0	0	0	0	0	0	0	0	0	0	0	0	0	0	0	0,0000	0,0000	37,9142
2022-03-18	07:23:00		60	0	0	0	0	0	0	0	0	0	0	0	0	0	0	0	0	0	0	0	0	0,0000	0,0000	37,9142
2022-03-18	07:24:00		60	0	0	0	0	0	0	0	0	0	0	0	0	0	0	0	0	0	0	0	0	0,0000	0,0000	37,9142
2022-03-18	07:25:00		60	0	0	0	0	0	0	0	0	0	0	0	0	0	0	0	0	0	0	0	0	0,0000	0,0000	37,9142
2022-03-18	07:26:00		60	0	0	0	0	0	0	0	0	0	0	0	0	0	0	0	0	0	0	0	0	0,0000	0,0000	37,9142
2022-03-18	07:27:00		60	0	0	0	0	0	0	0	0	0	0	0	0	0	0	0	0	0	0	0	0	0,0000	0,0000	37,9142
2022-03-18	07:28:00		60	0	0	0	0	0	0	0	0	0	0	0	0	0	0	0	0	0	0	0	0	0,0000	0,0000	37,9142
2022-03-18	07:29:00		60	0	0	0	0	0	0	0	0	0	0	0	0	0	0	0	0	0	0	0	0	0,0000	0,0000	37,9142
2022-03-18	07:30:00		60	0	0	0	0	0	0	0	0	0	0	0	0	0	0	0	0	0	0	0	0	0,0000	0,0000	37,9142
2022-03-18	07:31:00		60	0	0	0	0	0	0	0	0	0	0	0	0	0	0	0	0	0	0	0	0	0,0000	0,0000	37,9142
2022-03-18	07:32:00		60	0	0	0	0	0	0	0	0	0	0	0	0	0	0	0	0	0	0	0	0	0,0000	0,0000	37,9142
2022-03-18	07:33:00		60	0	0	0	0	0	0	0	0	0	0	0	0	0	0	0	0	0	0	0	0	0,0000	0,0000	37,9142
2022-03-18	07:34:00		60	0	0	0	0	0	0	0	0	0	0	0	0	0	0	0	0	0	0	0	0	0,0000	0,0000	37,9142
2022-03-18	07:35:00		60	0	0	0	0	0	0	0	0	0	0	0	0	0	0	0	0	0	0	0	0	0,0000	0,0000	37,9142
2022-03-18	07:36:00		60	0	0	0	0	0	0	0	0	0	0	0	0	0	0	0	0	0	0	0	0	0,0000	0,0000	37,9142
2022-03-18	07:37:00		60	0	0	0	0	0	0	0	0	0	0	0	0	0	0	0	0	0	0	0	0	0,0000	0,0000	37,9142
2022-03-18	07:38:00		60	0	0	0	0	0	0	0	0	0	0	0	0	0	0	0	0	0	0	0	0	0,0000	0,0000	37,9142
2022-03-18	07:39:00		60	0	0	0	0	0	0	0	0	0	0	0	0	0	0	0	0	0	0	0	0	0,0000	0,0000	37,9142
2022-03-18	07:40:00		60	0	0	0	0	0	0	0	0	0	0	0	0	0	0	0	0	0	0	0	0	0,0000	0,0000	37,9142
2022-03-18	07:41:00		60	0	0	0	0	0	0	0	0	0	0	0	0	0	0	0	0	0	0	0	0	0,0000	0,0000	37,9142
2022-03-18	07:42:00		60	0	0	0	0	0	0	0	0	0	0	0	0	0	0	0	0	0	0	0	0	0,0000	0,0000	37,9142
2022-03-18	07:43:00		60	0	0	0	0	0	0	0	0	0	0	0	0	0	0	0	0	0	0	0	0	0,0000	0,0000	37,9142
2022-03-18	07:44:00		60	0	0	0	0	0	0	0	0	0	0	0	0	0	0	0	0	0	0	0	0	0,0000	0,0000	37,9142
2022-03-18	07:45:00		60	0	0	0	0	0	0	0	0	0	0	0	0	0	0	0	0	0	0	0	0	0,0000	0,0000	37,9142
2022-03-18	07:46:00		60	0	0	0	0	0	0	0	0	0	0	0	0	0	0	0	0	0	0	0	0	0,0000	0,0000	37,9142
2022-03-18	07:47:00		60	0	0	0	0	0	0	0	0	0	0	0	0	0	0	0	0	0	0	0	0	0,0000	0,0000	37,9142
2022-03-18	07:48:00		60	0	0	0	0	0	0	0	0	0	0	0	0	0	0	0	0	0	0	0	0	0,0000	0,0000	37,9142
2022-03-18	07:49:00		60	0	0	0	0	0	0	0	0	0	0	0	0	0	0	0	0	0	0	0	0	0,0000	0,0000	37,9142
2022-03-18	07:50:00		60	0	0	0	0	0	0	0	0	0	0	0	0	0	0	0	0	0	0	0	0	0,0000	0,0000	37,9142
2022-03-18	07:51:00		60	0	0	0	0	0	0	0	0	0	0	0	0	0	0	0	0	0	0	0	0	0,0000	0,0000	37,9142
2022-03-18	07:52:00		60	0	0	0	0	0	0	0	0	0	0	0	0	0	0	0	0	0	0	0	0	0,0000	0,0000	37,9142
2022-03-18	07:53:00		60	0	0	0	0	0	0	0	0	0	0	0	0	0	0	0	0	0	0	0	0	0,0000	0,0000	37,9142
2022-03-18	07:54:00		60	0	0	0	0	0	0	0	0	0	0	0	0	0	0	0	0	0	0	0	0	0,0000	0,0000	37,9142
2022-03-18	07:55:00		60	0	0	0	0	0	0	0	0	0	0	0	0	0	0	0	0	0	0	0	0	0,0000	0,0000	37,9142
2022-03-18	07:56:00		60	0	0	0	0	0	0	0	0	0	0	0	0	0	0	0	0	0	0	0	0	0,0000	0,0000	37,9142
2022-03-18	07:57:00		60	0	0	0	0	0	0	0	0	0	0	0	0	0	0	0	0	0	0	0	0	0,0000	0,0000	37,9142
2022-03-18	07:58:00		60	0	0	0	0	0	0	0	0	0	0	0	0	0	0	0	0	0	0	0	0	0,0000	0,0000	37,9142
2022-03-18	07:59:00		60	0	0	0	0	0	0	0	0	0	0	0	0	0	0	0	0	0	0	0	0	0,0000	0,0000	37,9142
2022-03-18	08:00:00		60	0	0	0	0	0	0	0	0	0	0	0	0	0	0	0	0	0	0	0	0	0,0000	0,0000	37,9142
2022-03-18	08:01:00		60	0	0	0	0	0	0	0	0	0	0	0	0	0	0	0	0	0	0	0	0	0,0000	0,0000	37,9142
2022-03-18	08:02:00		60	0	0	0	0	0	0	0	0	0	0	0	0	0	0	0	0	0	0	0	0	0,0000	0,0000	37,9142
2022-03-18	08:03:00		60	0	0	0	0	0	0	0	0	0	0	0	0	0	0	0	0	0	0	0	0	0,0000	0,0000	37,9142
2022-03-18	08:04:00		60	0	0	0	0	0	0	0	0	0	0	0	0	0	0	0	0	0	0	0	0	0,0000	0,0000	37,9142
2022-03-18	08:05:00		60	0	0	0	0	0	0	0	0	0	0	0	0	0	0	0	0	0	0	0	0	0,0000	0,0000	37,9142
2022-03-18	08:06:00		60	0	0	0	0	0	0	0	0	0	0	0	0	0	0	0	0	0	0	0	0	0,0000	0,0000	37,9142
2022-03-18	08:07:00		60	0	0	0	0	0	0	0	0	0	0	0	0	0	0	0	0	0	0	0	0	0,0000	0,0000	37,9142
2022-03-18	08:08:00		60	0	0	0	0	0	0	0	0	0	0	0	0	0	0	0	0	0	0	0	0	0,0000	0,0000	37,9142
2022-03-18	08:09:00		60	0	0	0	0	0	0	0	0	0	0	0	0	0	0	0	0	0	0	0	0	0,0000	0,0000	37,9142
2022-03-18	08:10:00		60	0	0	0	0	0	0	0	0	0	0	0	0	0	0	0	0	0	0	0	0	0,0000	0,0000	37,9142
2022-03-18	08:11:00		60	0	0	0	0	0	0	0	0	0	0	0	0	0	0	0	0	0	0	0	0	0,0000	0,0000	37,9142
2022-03-18	08:12:00		60	0	0	0	0	0	0	0	0	0	0	0	0	0	0	0	0	0	0	0	0	0,0000	0,0000	37,9142
2022-03-18	08:13:00		60	0	0	0	0	0	0	0	0	0	0	0	0	0	0	0	0	0	0	0	0	0,0000	0,0000	37,9142
2022-03-18	08:14:00		60	0	0	0	0	0	0	0	0	0	0	0	0	0	0	0	0	0	0	0	0	0,0000	0,0000	37,9142
2022-03-18	08:15:00		60	0	0	0	0	0	0	0	0	0	0	0	0	0	0	0	0	0	0	0	0	0,0000	0,0000	37,9142
2022-03-18	08:16:00		60	0	0	0	0	0	0	0	0	0	0	0	0	0	0	0	0	0	0	0	0	0,0000	0,0000	37,9142
2022-03-18	08:17:00		60	0	0	0	0	0	0	0	0	0	0	0	0	0	0	0	0	0	0	0	0	0,0000	0,0000	37,9142
2022-03-18	08:18:00		60	0	0	0	0	0	0	0	0	0	0	0	0	0	0	0	0	0	0	0	0	0,0000	0,0000	37,9142
2022-03-18	08:19:00		60	0	0	0	0	0	0	0	0	0	0	0	0	0	0	0	0	0	0	0	0	0,0000	0,0000	37,9142
2022-03-18	08:20:00		60	0	0	0	0	0	0	0	0	0	0	0	0	0	0	0	0	0	0	0	0	0,0000	0,0000	37,9142
2022-03-18	08:21:00		60	0	0	0	0	0	0	0	0	0	0	0	0	0	0	0	0	0	0	0	0	0,0000	0,0000	37,9142
2022-03-18	08:22:00		60	0	0	0	0	0	0	0	0	0	0	0	0	0	0	0	0	0	0	0	0	0,0000	0,0000	37,9142
2022-03-18	08:23:00		60	0	0	0	0	0	0	0	0	0	0	0	0	0	0	0	0	0	0	0	0	0,0000	0,0000	37,9142
2022-03-18	08:24:00		60	0	0	0	0	0	0	0	0	0	0	0	0	0	0	0	0	0	0	0	0	0,0000	0,0000	37,9142
2022-03-18	08:25:00		60	0	0	0	0	0	0	0	0	0	0	0	0	0	0	0	0	0	0	0	0	0,0000	0,0000	37,9142
2022-03-18	08:26:00		60	0	0	0	0	0	0	0	0	0	0	0	0	0	0	0	0	0	0	0	0	0,0000	0,0000	37,9142
2022-03-18	08:27:00		60	0	0	0	0	0	0	0	0	0	0	0	0	0	0	0	0	0	0	0	0	0,0000	0,0000	37,9142
2022-03-18	08:28:00		60	0	0	0	0	0	0	0	0	0	0	0	0	0	0	0	0	0	0	0	0	0,0000	0,0000	37,9142
2022-03-18	08:29:00		60	0	0	0	0	0	0	0	0	0	0	0	0	0	0	0	0	0	0	0	0	0,0000	0,0000	37,9142
2022-03-18	08:30:00		60	0	0	0	0	0	0	0	0	0	0	0	0	0	0	0	0	0	0	0	0	0,0000	0,0000	37,9142
2022-03-18	08:31:00		60	0	0	0	0	0	0	0	0	0	0	0	0	0	0	0	0	0	0	0	0	0,0000	0,0000	37,9142
2022-03-18	08:32:00		60	0	0	0	0	0	0	0	0	0	0	0	0	0	0	0	0	0	0	0	0	0,0000	0,0000	37,9142
2022-03-18	08:33:00		60	0	0	0	0	0	0	0	0	0	0	0	0	0	0	0	0	0	0	0	0	0,0000	0,0000	37,9142
2022-03-18	08:34:00		60	0	0	0	0	0	0	0	0	0	0	0	0	0	0	0	0	0	0	0	0	0,0000	0,0000	37,9142
2022-03-18	08:35:00		60	0	0	0	0	0	0	0	0	0	0	0	0	0	0	0	0	0	0	0	0	0,0000	0,0000	37,9142
2022-03-18	08:36:00		60	0	0	0	0	0	0	0	0	0	0	0	0	0	0	0	0	0	0	0	0	0,0000	0,0000	37,9142
2022-03-18	08:37:00		60	0	0	0	0	0	0	0	0	0	0	0	0	0	0	0	0	0	0	0	0	0,0000	0,0000	37,9142
2022-03-18	08:38:00		60	0	0	0	0	0	0	0	0	0	0	0	0	0	0	0	0	0	0	0	0	0,0000	0,0000	37,9142
2022-03-18	08:39:00		60	0	0	0	0	0	0	0	0	0	0	0	0	0	0	0	0	0	0	0	0	0,0000	0,0000	37,9142
2022-03-18	08:40:00		60	0	0	0	0	0	0	0	0	0	0	0	0	0	0	0	0	0	0	0	0	0,0000	0,0000	37,9142
2022-03-18	08:41:00		60	0	0	0	0	0	0	0	0	0	0	0	0	0	0	0	0	0	0	0	0	0,0000	0,0000	37,9142
2022-03-18	08:42:00		60	0	0	0	0	0	0	0	0	0	0	0	0	0	0	0	0	0	0	0	0	0,0000	0,0000	37,9142
2022-03-18	08:43:00		60	0	0	0	0	0	0	0	0	0	0	0	0	0	0	0	0	0	0	0	0	0,0000	0,0000	37,9142
2022-03-18	08:44:00		60	0	0	0	0	0	0	0	0	0	0	0	0	0	0	0	0	0	0	0	0	0,0000	0,0000	37,9142
2022-03-18	08:45:00		60	0	0	0	0	0	0	0	0	0	0	0	0	0	0	0	0	0	0	0	0	0,0000	0,0000	37,9142
2022-03-18	08:46:00		60	0	0	0	0	0	0	0	0	0	0	0	0	0	0	0	0	0	0	0	0	0,0000	0,0000	37,9142
2022-03-18	08:47:00		60	0	0	0	0	0	0	0	0	0	0	0	0	0	0	0	0	0	0	0	0	0,0000	0,0000	37,9142
2022-03-18	08:48:00		60	0	0	0	0	0	0	0	0	0	0	0	0	0	0	0	0	0	0	0	0	0,0000	0,0000	37,9142
2022-03-18	08:49:00		60	0	0	0	0	0	0	0	0	0	0	0	0	0	0	0	0	0	0	0	0	0,0000	0,0000	37,9142
2022-03-18	08:50:00		60	0	0	0	0	0	0	0	0	0	0	0	0	0	0	0	0	0	0	0	0	0,0000	0,0000	37,9142
2022-03-18	08:51:00		60	0	0	0	0	0	0	0	0	0	0	0	0	0	0	0	0	0	0	0	0	0,0000	0,0000	37,9142
2022-03-18	08:52:00		60	0	0	0	0	0	0	0	0	0	0	0	0	0	0	0	0	0	0	0	0	0,0000	0,0000	37,9142
2022-03-18	08:53:00		60	0	0	0	0	0	0	0	0	0	0	0	0	0	0	0	0	0	0	0	0	0,0000	0,0000	37,9142
2022-03-18	08:54:00		60	0	0	0	0	0	0	0	0	0	0	0	0	0	0	0	0	0	0	0	0	0,0000	0,0000	37,9142
2022-03-18	08:55:00		60	0	0	0	0	0	0	0	0	0	0	0	0	0	0	0	0	0	0	0	0	0,0000	0,0000	37,9142
2022-03-18	08:56:00		60	0	0	0	0	0	0	0	0	0	0	0	0	0	0	0	0	0	0	0	0	0,0000	0,0000	37,9142
2022-03-18	08:57:00		60	0	0	0	0	0	0	0	0	0	0	0	0	0	0	0	0	0	0	0	0	0,0000	0,0000	37,9142
2022-03-18	08:58:00		60	0	0	0	0	0	0	0	0	0	0	0	0	0	0	0	0	0	0	0	0	0,0000	0,0000	37,9142
2022-03-18	08:59:00		60	0	0	0	0	0	0	0	0	0	0	0	0	0	0	0	0	0	0	0	0	0,0000	0,0000	37,9142
2022-03-18	09:00:00		60	0	0	0	0	0	0	0	0	0	0	0	0	0	0	0	0	0	0	0	0	0,0000	0,0000	37,9142
2022-03-18	09:01:00		60	0	0	0	0	0	0	0	0	0	0	0	0	0	0	0	0	0	0	0	0	0,0000	0,0000	37,9142
2022-03-18	09:02:00		60	0	0	0	0	0	0	0	0	0	0	0	0	0	0	0	0	0	0	0	0	0,0000	0,0000	37,9142
2022-03-18	09:03:00		60	0	0	0	0	0	0	0	0	0	0	0	0	0	0	0	0	0	0	0	0	0,0000	0,0000	37,9142
2022-03-18	09:04:00		60	0	0	0	0	0	0	0	0	0	0	0	0	0	0	0	0	0	0	0	0	0,0000	0,0000	37,9142
2022-03-18	09:05:00		60	0	0	0	0	0	0	0	0	0	0	0	0	0	0	0	0	0	0	0	0	0,0000	0,0000	37,9142
2022-03-18	09:06:00		60	0	0	0	0	0	0	0	0	0	0	0	0	0	0	0	0	0	0	0	0	0,0000	0,0000	37,9142
2022-03-18	09:07:00		60	0	0	0	0	0	0	0	0	0	0	0	0	0	0	0	0	0	0	0	0	0,0000	0,0000	37,9142
2022-03-18	09:08:00		60	0	0	0	0	0	0	0	0	0	0	0	0	0	0	0	0	0	0	0	0	0,0000	0,0000	37,9142
2022-03-18	09:09:00		60	0	0	0	0	0	0	0	0	0	0	0	0	0	0	0	0	0	0	0	0	0,0000	0,0000	37,9142
2022-03-18	09:10:00		60	0	0	0	0	0	0	0	0	0	0	0	0	0	0	0	0	0	0	0	0	0,0000	0,0000	37,9142
