YYYY-MM-DD	hh:mm:ss	Status	Interval [s]	n1	n2	n3	n4	n5	n6	n7	n8	n9	n10	n11	n12	n13	n14	n15	n16	n17	n18	n19	n20	RI [mm/h]	RA [mm]	RAT [mm]
2021-11-17	15:46:00		60	0	0	0	0	0	0	0	0	0	0	0	0	0	0	0	0	0	0	0	0	0,0000	0,0000	228,9976
2021-11-17	15:47:00		60	0	0	0	0	0	0	0	0	0	0	0	0	0	0	0	0	0	0	0	0	0,0000	0,0000	228,9976
2021-11-17	15:48:00		60	0	0	0	0	0	0	0	0	0	0	0	0	0	0	0	0	0	0	0	0	0,0000	0,0000	228,9976
2021-11-17	15:49:00		60	0	0	0	0	0	0	0	0	0	0	0	0	0	0	0	0	0	0	0	0	0,0000	0,0000	228,9976
2021-11-17	15:50:00		60	0	0	0	0	0	0	0	0	0	0	0	0	0	0	0	0	0	0	0	0	0,0000	0,0000	228,9976
2021-11-17	15:51:00		60	0	0	0	0	0	0	0	0	0	0	0	0	0	0	0	0	0	0	0	0	0,0000	0,0000	228,9976
2021-11-17	15:52:00		60	0	0	0	0	0	0	0	0	0	0	0	0	0	0	0	0	0	0	0	0	0,0000	0,0000	228,9976
2021-11-17	15:53:00		60	0	0	0	0	0	0	0	0	0	0	0	0	0	0	0	0	0	0	0	0	0,0000	0,0000	228,9976
2021-11-17	15:54:00		60	0	0	0	0	0	0	0	0	0	0	0	0	0	0	0	0	0	0	0	0	0,0000	0,0000	228,9976
2021-11-17	15:55:00		60	0	0	0	0	0	0	0	0	0	0	0	0	0	0	0	0	0	0	0	0	0,0000	0,0000	228,9976
2021-11-17	15:56:00		60	0	0	0	0	0	0	0	0	0	0	0	0	0	0	0	0	0	0	0	0	0,0000	0,0000	228,9976
2021-11-17	15:57:00		60	0	0	0	0	0	0	0	0	0	0	0	0	0	0	0	0	0	0	0	0	0,0000	0,0000	228,9976
2021-11-17	15:58:00		60	0	0	0	0	0	0	0	0	0	0	0	0	0	0	0	0	0	0	0	0	0,0000	0,0000	228,9976
2021-11-17	15:59:00		60	0	0	0	0	0	0	0	0	0	0	0	0	0	0	0	0	0	0	0	0	0,0000	0,0000	228,9976
2021-11-17	16:00:00		60	0	0	0	0	0	0	0	0	0	0	0	0	0	0	0	0	0	0	0	0	0,0000	0,0000	228,9976
2021-11-17	16:01:00		60	0	0	0	0	0	0	0	0	0	0	0	0	0	0	0	0	0	0	0	0	0,0000	0,0000	228,9976
2021-11-17	16:02:00		60	0	0	0	0	0	0	0	0	0	0	0	0	0	0	0	0	0	0	0	0	0,0000	0,0000	228,9976
2021-11-17	16:03:00		60	0	0	0	0	0	0	0	0	0	0	0	0	0	0	0	0	0	0	0	0	0,0000	0,0000	228,9976
2021-11-17	16:04:00		60	0	0	0	0	0	0	0	0	0	0	0	0	0	0	0	0	0	0	0	0	0,0000	0,0000	228,9976
2021-11-17	16:05:00		60	0	0	0	0	0	0	0	0	0	0	0	0	0	0	0	0	0	0	0	0	0,0000	0,0000	228,9976
2021-11-17	16:06:00		60	0	0	0	0	0	0	0	0	0	0	0	0	0	0	0	0	0	0	0	0	0,0000	0,0000	228,9976
2021-11-17	16:07:00		60	0	0	0	0	0	0	0	0	0	0	0	0	0	0	0	0	0	0	0	0	0,0000	0,0000	228,9976
2021-11-17	16:08:00		60	0	0	0	0	0	0	0	0	0	0	0	0	0	0	0	0	0	0	0	0	0,0000	0,0000	228,9976
2021-11-17	16:09:00		60	0	0	0	0	0	0	0	0	0	0	0	0	0	0	0	0	0	0	0	0	0,0000	0,0000	228,9976
2021-11-17	16:10:00		60	0	0	0	0	0	0	0	0	0	0	0	0	0	0	0	0	0	0	0	0	0,0000	0,0000	228,9976
2021-11-17	16:11:00		60	0	1	0	0	1	0	0	0	0	0	0	0	0	0	0	0	0	0	0	0	0,0035	0,0001	228,9976
2021-11-17	16:12:00		60	0	0	0	0	0	0	0	0	0	0	0	0	0	0	0	0	0	0	0	0	0,0000	0,0000	228,9976
2021-11-17	16:13:00		60	0	0	0	0	0	0	0	0	0	0	0	0	0	0	0	0	0	0	0	0	0,0000	0,0000	228,9976
2021-11-17	16:14:00		60	0	0	0	0	0	0	0	0	0	0	0	0	0	0	0	0	0	0	0	0	0,0000	0,0000	228,9976
2021-11-17	16:15:00		60	0	0	0	0	0	0	0	0	0	0	0	0	0	0	0	0	0	0	0	0	0,0000	0,0000	228,9976
2021-11-17	16:16:00		60	0	0	0	0	0	0	0	0	0	0	0	0	0	0	0	0	0	0	0	0	0,0000	0,0000	228,9976
2021-11-17	16:17:00		60	0	0	0	0	0	0	0	0	0	0	0	0	0	0	0	0	0	0	0	0	0,0000	0,0000	228,9976
2021-11-17	16:18:00		60	0	0	0	0	0	0	0	0	0	0	0	0	0	0	0	0	0	0	0	0	0,0000	0,0000	228,9976
2021-11-17	16:19:00		60	0	0	0	0	0	0	0	0	0	0	0	0	0	0	0	0	0	0	0	0	0,0000	0,0000	228,9976
2021-11-17	16:20:00		60	0	0	0	0	0	0	0	0	0	0	0	0	0	0	0	0	0	0	0	0	0,0000	0,0000	228,9976
2021-11-17	16:21:00		60	0	0	0	0	0	0	0	0	0	0	0	0	0	0	0	0	0	0	0	0	0,0000	0,0000	228,9976
2021-11-17	16:22:00		60	0	0	0	0	0	0	0	0	0	0	0	0	0	0	0	0	0	0	0	0	0,0000	0,0000	228,9976
2021-11-17	16:23:00		60	0	0	0	0	0	0	0	0	0	0	0	0	0	0	0	0	0	0	0	0	0,0000	0,0000	228,9976
2021-11-17	16:24:00		60	0	0	0	0	0	0	0	0	0	0	0	0	0	0	0	0	0	0	0	0	0,0000	0,0000	228,9976
2021-11-17	16:25:00		60	0	0	0	0	0	0	0	0	0	0	0	0	0	0	0	0	0	0	0	0	0,0000	0,0000	228,9976
2021-11-17	16:26:00		60	0	0	0	0	0	0	0	0	0	0	0	0	0	0	0	0	0	0	0	0	0,0000	0,0000	228,9976
2021-11-17	16:27:00		60	0	0	0	0	0	0	0	0	0	0	0	0	0	0	0	0	0	0	0	0	0,0000	0,0000	228,9976
2021-11-17	16:28:00		60	0	0	0	0	0	0	0	0	0	0	0	0	0	0	0	0	0	0	0	0	0,0000	0,0000	228,9976
2021-11-17	16:29:00		60	0	0	0	0	0	0	0	0	0	0	0	0	0	0	0	0	0	0	0	0	0,0000	0,0000	228,9976
2021-11-17	16:30:00		60	0	0	0	0	0	0	0	0	0	0	0	0	0	0	0	0	0	0	0	0	0,0000	0,0000	228,9976
2021-11-17	16:31:00		60	0	0	0	0	0	0	0	0	0	0	0	0	0	0	0	0	0	0	0	0	0,0000	0,0000	228,9976
2021-11-17	16:32:00		60	0	0	0	0	0	0	0	0	0	0	0	0	0	0	0	0	0	0	0	0	0,0000	0,0000	228,9976
2021-11-17	16:33:00		60	0	0	0	0	0	0	0	0	0	0	0	0	0	0	0	0	0	0	0	0	0,0000	0,0000	228,9976
2021-11-17	16:34:00		60	0	0	0	0	0	0	0	0	0	0	0	0	0	0	0	0	0	0	0	0	0,0000	0,0000	228,9976
2021-11-17	16:35:00		60	0	0	0	0	0	0	0	0	0	0	0	0	0	0	0	0	0	0	0	0	0,0000	0,0000	228,9976
2021-11-17	16:36:00		60	0	0	0	0	0	0	0	0	0	0	0	0	0	0	0	0	0	0	0	0	0,0000	0,0000	228,9976
2021-11-17	16:37:00		60	0	0	0	0	0	0	0	0	0	0	0	0	0	0	0	0	0	0	0	0	0,0000	0,0000	228,9976
2021-11-17	16:38:00		60	0	0	0	0	0	0	0	0	0	0	0	0	0	0	0	0	0	0	0	0	0,0000	0,0000	228,9976
2021-11-17	16:39:00		60	0	0	0	0	0	0	0	0	0	0	0	0	0	0	0	0	0	0	0	0	0,0000	0,0000	228,9976
2021-11-17	16:40:00		60	0	0	0	0	0	0	0	0	0	0	0	0	0	0	0	0	0	0	0	0	0,0000	0,0000	228,9976
2021-11-17	16:41:00		60	0	0	0	0	0	0	0	0	0	0	0	0	0	0	0	0	0	0	0	0	0,0000	0,0000	228,9976
2021-11-17	16:42:00		60	0	0	0	0	0	0	0	0	0	0	0	0	0	0	0	0	0	0	0	0	0,0000	0,0000	228,9976
2021-11-17	16:43:00		60	0	0	0	0	0	0	0	0	0	0	0	0	0	0	0	0	0	0	0	0	0,0000	0,0000	228,9976
2021-11-17	16:44:00		60	0	0	0	0	0	0	0	0	0	0	0	0	0	0	0	0	0	0	0	0	0,0000	0,0000	228,9976
2021-11-17	16:45:00		60	0	0	0	0	0	0	0	0	0	0	0	0	0	0	0	0	0	0	0	0	0,0000	0,0000	228,9976
2021-11-17	16:46:00		60	0	0	0	0	0	0	0	0	0	0	0	0	0	0	0	0	0	0	0	0	0,0000	0,0000	228,9976
2021-11-17	16:47:00		60	0	0	0	0	0	0	0	0	0	0	0	0	0	0	0	0	0	0	0	0	0,0000	0,0000	228,9976
2021-11-17	16:48:00		60	0	0	0	0	0	0	0	0	0	0	0	0	0	0	0	0	0	0	0	0	0,0000	0,0000	228,9976
2021-11-17	16:49:00		60	0	0	0	0	0	0	0	0	0	0	0	0	0	0	0	0	0	0	0	0	0,0000	0,0000	228,9976
2021-11-17	16:50:00		60	0	0	0	0	0	0	0	0	0	0	0	0	0	0	0	0	0	0	0	0	0,0000	0,0000	228,9976
2021-11-17	16:51:00		60	0	0	0	0	0	0	0	0	0	0	0	0	0	0	0	0	0	0	0	0	0,0000	0,0000	228,9976
2021-11-17	16:52:00		60	0	0	0	0	0	0	0	0	0	0	0	0	0	0	0	0	0	0	0	0	0,0000	0,0000	228,9976
2021-11-17	16:53:00		60	0	0	0	0	0	0	0	0	0	0	0	0	0	0	0	0	0	0	0	0	0,0000	0,0000	228,9976
2021-11-17	16:54:00		60	0	0	0	0	0	0	0	0	0	0	0	0	0	0	0	0	0	0	0	0	0,0000	0,0000	228,9976
2021-11-17	16:55:00		60	0	0	0	0	0	0	0	0	0	0	0	0	0	0	0	0	0	0	0	0	0,0000	0,0000	228,9976
2021-11-17	16:56:00		60	0	0	0	0	0	0	0	0	0	0	0	0	0	0	0	0	0	0	0	0	0,0000	0,0000	228,9976
2021-11-17	16:57:00		60	0	0	0	0	0	0	0	0	0	0	0	0	0	0	0	0	0	0	0	0	0,0000	0,0000	228,9976
2021-11-17	16:58:00		60	18	0	0	0	0	0	0	0	0	0	0	0	0	0	0	0	0	0	0	0	0,0052	0,0001	228,9977
2021-11-17	16:59:00		60	0	0	0	0	0	0	0	0	0	0	0	0	0	0	0	0	0	0	0	0	0,0000	0,0000	228,9977
2021-11-17	17:00:00		60	0	0	0	0	0	0	0	0	0	0	0	0	0	0	0	0	0	0	0	0	0,0000	0,0000	228,9977
2021-11-17	17:01:00		60	0	0	0	0	0	0	0	0	0	0	0	0	0	0	0	0	0	0	0	0	0,0000	0,0000	228,9977
2021-11-17	17:02:00		60	0	0	0	0	0	0	0	0	0	0	0	0	0	0	0	0	0	0	0	0	0,0000	0,0000	228,9977
2021-11-17	17:03:00		60	0	0	0	0	0	0	0	0	0	0	0	0	0	0	0	0	0	0	0	0	0,0000	0,0000	228,9977
2021-11-17	17:04:00		60	0	0	0	0	0	0	0	0	0	0	0	0	0	0	0	0	0	0	0	0	0,0000	0,0000	228,9977
2021-11-17	17:05:00		60	0	0	0	0	0	0	0	0	0	0	0	0	0	0	0	0	0	0	0	0	0,0000	0,0000	228,9977
2021-11-17	17:06:00		60	0	0	0	0	0	0	0	0	0	0	0	0	0	0	0	0	0	0	0	0	0,0000	0,0000	228,9977
2021-11-17	17:07:00		60	0	0	0	0	0	0	0	0	0	0	0	0	0	0	0	0	0	0	0	0	0,0000	0,0000	228,9977
2021-11-17	17:08:00		60	0	0	0	0	0	0	0	0	0	0	0	0	0	0	0	0	0	0	0	0	0,0000	0,0000	228,9977
2021-11-17	17:09:00		60	0	0	0	0	0	0	0	0	0	0	0	0	0	0	0	0	0	0	0	0	0,0000	0,0000	228,9977
2021-11-17	17:10:00		60	0	0	0	0	0	0	0	0	0	0	0	0	0	0	0	0	0	0	0	0	0,0000	0,0000	228,9977
2021-11-17	17:11:00		60	0	0	0	0	0	0	0	0	0	0	0	0	0	0	0	0	0	0	0	0	0,0000	0,0000	228,9977
2021-11-17	17:12:00		60	0	0	0	0	0	0	0	0	0	0	0	0	0	0	0	0	0	0	0	0	0,0000	0,0000	228,9977
2021-11-17	17:13:00		60	0	0	0	0	0	0	0	0	0	0	0	0	0	0	0	0	0	0	0	0	0,0000	0,0000	228,9977
2021-11-17	17:14:00		60	0	0	0	0	0	0	0	0	0	0	0	0	0	0	0	0	0	0	0	0	0,0000	0,0000	228,9977
2021-11-17	17:15:00		60	0	0	0	0	0	0	0	0	0	0	0	0	0	0	0	0	0	0	0	0	0,0000	0,0000	228,9977
2021-11-17	17:16:00		60	0	0	0	0	0	0	0	0	0	0	0	0	0	0	0	0	0	0	0	0	0,0000	0,0000	228,9977
2021-11-17	17:17:00		60	0	0	0	0	0	0	0	0	0	0	0	0	0	0	0	0	0	0	0	0	0,0000	0,0000	228,9977
2021-11-17	17:18:00		60	0	0	0	0	0	0	0	0	0	0	0	0	0	0	0	0	0	0	0	0	0,0000	0,0000	228,9977
2021-11-17	17:19:00		60	0	0	0	0	0	0	0	0	0	0	0	0	0	0	0	0	0	0	0	0	0,0000	0,0000	228,9977
2021-11-17	17:20:00		60	0	0	0	0	0	0	0	0	0	0	0	0	0	0	0	0	0	0	0	0	0,0000	0,0000	228,9977
2021-11-17	17:21:00		60	0	0	0	0	0	0	0	0	0	0	0	0	0	0	0	0	0	0	0	0	0,0000	0,0000	228,9977
2021-11-17	17:22:00		60	0	0	0	0	0	0	0	0	0	0	0	0	0	0	0	0	0	0	0	0	0,0000	0,0000	228,9977
2021-11-17	17:23:00		60	0	0	0	0	0	0	0	0	0	0	0	0	0	0	0	0	0	0	0	0	0,0000	0,0000	228,9977
2021-11-17	17:24:00		60	0	0	0	0	0	0	0	0	0	0	0	0	0	0	0	0	0	0	0	0	0,0000	0,0000	228,9977
2021-11-17	17:25:00		60	0	0	0	0	0	0	0	0	0	0	0	0	0	0	0	0	0	0	0	0	0,0000	0,0000	228,9977
2021-11-17	17:26:00		60	0	0	0	0	0	0	0	0	0	0	0	0	0	0	0	0	0	0	0	0	0,0000	0,0000	228,9977
2021-11-17	17:27:00		60	0	0	0	0	0	0	0	0	0	0	0	0	0	0	0	0	0	0	0	0	0,0000	0,0000	228,9977
2021-11-17	17:28:00		60	0	0	0	0	0	0	0	0	0	0	0	0	0	0	0	0	0	0	0	0	0,0000	0,0000	228,9977
2021-11-17	17:29:00		60	0	0	0	0	0	0	0	0	0	0	0	0	0	0	0	0	0	0	0	0	0,0000	0,0000	228,9977
2021-11-17	17:30:00		60	0	0	0	0	0	0	0	0	0	0	0	0	0	0	0	0	0	0	0	0	0,0000	0,0000	228,9977
2021-11-17	17:31:00		60	0	0	0	0	0	0	0	0	0	0	0	0	0	0	0	0	0	0	0	0	0,0000	0,0000	228,9977
2021-11-17	17:32:00		60	0	0	0	0	0	0	0	0	0	0	0	0	0	0	0	0	0	0	0	0	0,0000	0,0000	228,9977
2021-11-17	17:33:00		60	0	0	0	0	0	0	0	0	0	0	0	0	0	0	0	0	0	0	0	0	0,0000	0,0000	228,9977
2021-11-17	17:34:00		60	0	0	0	0	0	0	0	0	0	0	0	0	0	0	0	0	0	0	0	0	0,0000	0,0000	228,9977
2021-11-17	17:35:00		60	0	0	0	0	0	0	0	0	0	0	0	0	0	0	0	0	0	0	0	0	0,0000	0,0000	228,9977
2021-11-17	17:36:00		60	0	0	0	0	0	0	0	0	0	0	0	0	0	0	0	0	0	0	0	0	0,0000	0,0000	228,9977
2021-11-17	17:37:00		60	0	0	0	0	0	0	0	0	0	0	0	0	0	0	0	0	0	0	0	0	0,0000	0,0000	228,9977
2021-11-17	17:38:00		60	0	0	0	0	0	0	0	0	0	0	0	0	0	0	0	0	0	0	0	0	0,0000	0,0000	228,9977
2021-11-17	17:39:00		60	0	0	0	0	0	0	0	0	0	0	0	0	0	0	0	0	0	0	0	0	0,0000	0,0000	228,9977
2021-11-17	17:40:00		60	0	0	0	0	0	0	0	0	0	0	0	0	0	0	0	0	0	0	0	0	0,0000	0,0000	228,9977
2021-11-17	17:41:00		60	0	0	0	0	0	0	0	0	0	0	0	0	0	0	0	0	0	0	0	0	0,0000	0,0000	228,9977
2021-11-17	17:42:00		60	0	0	0	0	0	0	0	0	0	0	0	0	0	0	0	0	0	0	0	0	0,0000	0,0000	228,9977
2021-11-17	17:43:00		60	0	0	0	0	0	0	0	0	0	0	0	0	0	0	0	0	0	0	0	0	0,0000	0,0000	228,9977
2021-11-17	17:44:00		60	0	0	0	0	0	0	0	0	0	0	0	0	0	0	0	0	0	0	0	0	0,0000	0,0000	228,9977
2021-11-17	17:45:00		60	0	0	0	0	0	0	0	0	0	0	0	0	0	0	0	0	0	0	0	0	0,0000	0,0000	228,9977
2021-11-17	17:46:00		60	0	0	0	0	0	0	0	0	0	0	0	0	0	0	0	0	0	0	0	0	0,0000	0,0000	228,9977
2021-11-17	17:47:00		60	0	0	0	0	0	0	0	0	0	0	0	0	0	0	0	0	0	0	0	0	0,0000	0,0000	228,9977
2021-11-17	17:48:00		60	0	0	0	0	0	0	0	0	0	0	0	0	0	0	0	0	0	0	0	0	0,0000	0,0000	228,9977
2021-11-17	17:49:00		60	0	0	0	0	0	0	0	0	0	0	0	0	0	0	0	0	0	0	0	0	0,0000	0,0000	228,9977
2021-11-17	17:50:00		60	0	0	0	0	0	0	0	0	0	0	0	0	0	0	0	0	0	0	0	0	0,0000	0,0000	228,9977
2021-11-17	17:51:00		60	0	0	0	0	0	0	0	0	0	0	0	0	0	0	0	0	0	0	0	0	0,0000	0,0000	228,9977
2021-11-17	17:52:00		60	0	0	0	0	0	0	0	0	0	0	0	0	0	0	0	0	0	0	0	0	0,0000	0,0000	228,9977
2021-11-17	17:53:00		60	0	0	0	0	0	0	0	0	0	0	0	0	0	0	0	0	0	0	0	0	0,0000	0,0000	228,9977
2021-11-17	17:54:00		60	0	0	0	0	0	0	0	0	0	0	0	0	0	0	0	0	0	0	0	0	0,0000	0,0000	228,9977
2021-11-17	17:55:00		60	0	0	0	0	0	0	0	0	0	0	0	0	0	0	0	0	0	0	0	0	0,0000	0,0000	228,9977
2021-11-17	17:56:00		60	0	0	0	0	0	0	0	0	0	0	0	0	0	0	0	0	0	0	0	0	0,0000	0,0000	228,9977
2021-11-17	17:57:00		60	0	0	0	0	0	0	0	0	0	0	0	0	0	0	0	0	0	0	0	0	0,0000	0,0000	228,9977
2021-11-17	17:58:00		60	0	0	0	0	0	0	0	0	0	0	0	0	0	0	0	0	0	0	0	0	0,0000	0,0000	228,9977
2021-11-17	17:59:00		60	0	0	0	0	0	0	0	0	0	0	0	0	0	0	0	0	0	0	0	0	0,0000	0,0000	228,9977
2021-11-17	18:00:00		60	0	0	0	0	0	0	0	0	0	0	0	0	0	0	0	0	0	0	0	0	0,0000	0,0000	228,9977
2021-11-17	18:01:00		60	0	0	0	0	0	0	0	0	0	0	0	0	0	0	0	0	0	0	0	0	0,0000	0,0000	228,9977
2021-11-17	18:02:00		60	0	0	0	0	0	0	0	0	0	0	0	0	0	0	0	0	0	0	0	0	0,0000	0,0000	228,9977
2021-11-17	18:03:00		60	0	0	0	0	0	0	0	0	0	0	0	0	0	0	0	0	0	0	0	0	0,0000	0,0000	228,9977
2021-11-17	18:04:00		60	0	0	0	0	0	0	0	0	0	0	0	0	0	0	0	0	0	0	0	0	0,0000	0,0000	228,9977
2021-11-17	18:05:00		60	0	0	0	0	0	0	0	0	0	0	0	0	0	0	0	0	0	0	0	0	0,0000	0,0000	228,9977
2021-11-17	18:06:00		60	0	0	0	0	0	0	0	0	0	0	0	0	0	0	0	0	0	0	0	0	0,0000	0,0000	228,9977
2021-11-17	18:07:00		60	0	0	0	0	0	0	0	0	0	0	0	0	0	0	0	0	0	0	0	0	0,0000	0,0000	228,9977
2021-11-17	18:08:00		60	0	0	0	0	0	0	0	0	0	0	0	0	0	0	0	0	0	0	0	0	0,0000	0,0000	228,9977
2021-11-17	18:09:00		60	0	0	0	0	0	0	0	0	0	0	0	0	0	0	0	0	0	0	0	0	0,0000	0,0000	228,9977
2021-11-17	18:10:00		60	0	0	0	0	0	0	0	0	0	0	0	0	0	0	0	0	0	0	0	0	0,0000	0,0000	228,9977
2021-11-17	18:11:00		60	8	0	0	0	0	0	0	0	0	0	0	0	0	0	0	0	0	0	0	0	0,0023	0,0000	228,9978
2021-11-17	18:12:00		60	0	0	0	0	0	0	0	0	0	0	0	0	0	0	0	0	0	0	0	0	0,0000	0,0000	228,9978
2021-11-17	18:13:00		60	0	0	0	0	0	0	0	0	0	0	0	0	0	0	0	0	0	0	0	0	0,0000	0,0000	228,9978
2021-11-17	18:14:00		60	0	0	0	0	0	0	0	0	0	0	0	0	0	0	0	0	0	0	0	0	0,0000	0,0000	228,9978
2021-11-17	18:15:00		60	0	0	0	0	0	0	0	0	0	0	0	0	0	0	0	0	0	0	0	0	0,0000	0,0000	228,9978
2021-11-17	18:16:00		60	0	0	0	0	0	0	0	0	0	0	0	0	0	0	0	0	0	0	0	0	0,0000	0,0000	228,9978
2021-11-17	18:17:00		60	0	0	0	0	0	0	0	0	0	0	0	0	0	0	0	0	0	0	0	0	0,0000	0,0000	228,9978
2021-11-17	18:18:00		60	0	0	0	0	0	0	0	0	0	0	0	0	0	0	0	0	0	0	0	0	0,0000	0,0000	228,9978
2021-11-17	18:19:00		60	0	0	0	0	0	0	0	0	0	0	0	0	0	0	0	0	0	0	0	0	0,0000	0,0000	228,9978
2021-11-17	18:20:00		60	0	0	0	0	0	0	0	0	0	0	0	0	0	0	0	0	0	0	0	0	0,0000	0,0000	228,9978
2021-11-17	18:21:00		60	0	0	0	0	0	0	0	0	0	0	0	0	0	0	0	0	0	0	0	0	0,0000	0,0000	228,9978
2021-11-17	18:22:00		60	0	0	0	0	0	0	0	0	0	0	0	0	0	0	0	0	0	0	0	0	0,0000	0,0000	228,9978
2021-11-17	18:23:00		60	0	0	0	0	0	0	0	0	0	0	0	0	0	0	0	0	0	0	0	0	0,0000	0,0000	228,9978
2021-11-17	18:24:00		60	0	0	0	0	0	0	0	0	0	0	0	0	0	0	0	0	0	0	0	0	0,0000	0,0000	228,9978
2021-11-17	18:25:00		60	0	0	0	0	0	0	0	0	0	0	0	0	0	0	0	0	0	0	0	0	0,0000	0,0000	228,9978
2021-11-17	18:26:00		60	0	0	0	0	0	0	0	0	0	0	0	0	0	0	0	0	0	0	0	0	0,0000	0,0000	228,9978
2021-11-17	18:27:00		60	0	0	0	0	0	0	0	0	0	0	0	0	0	0	0	0	0	0	0	0	0,0000	0,0000	228,9978
2021-11-17	18:28:00		60	0	0	0	0	0	0	0	0	0	0	0	0	0	0	0	0	0	0	0	0	0,0000	0,0000	228,9978
2021-11-17	18:29:00		60	0	0	0	0	0	0	0	0	0	0	0	0	0	0	0	0	0	0	0	0	0,0000	0,0000	228,9978
2021-11-17	18:30:00		60	0	0	0	0	0	0	0	0	0	0	0	0	0	0	0	0	0	0	0	0	0,0000	0,0000	228,9978
2021-11-17	18:31:00		60	0	0	0	0	0	0	0	0	0	0	0	0	0	0	0	0	0	0	0	0	0,0000	0,0000	228,9978
2021-11-17	18:32:00		60	0	0	0	0	0	0	0	0	0	0	0	0	0	0	0	0	0	0	0	0	0,0000	0,0000	228,9978
2021-11-17	18:33:00		60	0	0	0	0	0	0	0	0	0	0	0	0	0	0	0	0	0	0	0	0	0,0000	0,0000	228,9978
2021-11-17	18:34:00		60	0	0	0	0	0	0	0	0	0	0	0	0	0	0	0	0	0	0	0	0	0,0000	0,0000	228,9978
2021-11-17	18:35:00		60	0	0	0	0	0	0	0	0	0	0	0	0	0	0	0	0	0	0	0	0	0,0000	0,0000	228,9978
2021-11-17	18:36:00		60	0	0	0	0	0	0	0	0	0	0	0	0	0	0	0	0	0	0	0	0	0,0000	0,0000	228,9978
2021-11-17	18:37:00		60	0	0	0	0	0	0	0	0	0	0	0	0	0	0	0	0	0	0	0	0	0,0000	0,0000	228,9978
2021-11-17	18:38:00		60	0	0	0	0	0	0	0	0	0	0	0	0	0	0	0	0	0	0	0	0	0,0000	0,0000	228,9978
2021-11-17	18:39:00		60	0	0	0	0	0	0	0	0	0	0	0	0	0	0	0	0	0	0	0	0	0,0000	0,0000	228,9978
2021-11-17	18:40:00		60	0	0	0	0	0	0	0	0	0	0	0	0	0	0	0	0	0	0	0	0	0,0000	0,0000	228,9978
2021-11-17	18:41:00		60	0	0	0	0	0	0	0	0	0	0	0	0	0	0	0	0	0	0	0	0	0,0000	0,0000	228,9978
2021-11-17	18:42:00		60	0	0	0	0	0	0	0	0	0	0	0	0	0	0	0	0	0	0	0	0	0,0000	0,0000	228,9978
2021-11-17	18:43:00		60	0	0	0	0	0	0	0	0	0	0	0	0	0	0	0	0	0	0	0	0	0,0000	0,0000	228,9978
2021-11-17	18:44:00		60	0	0	0	0	0	0	0	0	0	0	0	0	0	0	0	0	0	0	0	0	0,0000	0,0000	228,9978
2021-11-17	18:45:00		60	0	0	0	0	0	0	0	0	0	0	0	0	0	0	0	0	0	0	0	0	0,0000	0,0000	228,9978
2021-11-17	18:46:00		60	0	0	0	0	0	0	0	0	0	0	0	0	0	0	0	0	0	0	0	0	0,0000	0,0000	228,9978
2021-11-17	18:47:00		60	0	0	0	0	0	0	0	0	0	0	0	0	0	0	0	0	0	0	0	0	0,0000	0,0000	228,9978
2021-11-17	18:48:00		60	0	0	0	0	0	0	0	0	0	0	0	0	0	0	0	0	0	0	0	0	0,0000	0,0000	228,9978
2021-11-17	18:49:00		60	0	0	0	0	0	0	0	0	0	0	0	0	0	0	0	0	0	0	0	0	0,0000	0,0000	228,9978
2021-11-17	18:50:00		60	0	0	0	0	0	0	0	0	0	0	0	0	0	0	0	0	0	0	0	0	0,0000	0,0000	228,9978
2021-11-17	18:51:00		60	0	0	0	0	0	0	0	0	0	0	0	0	0	0	0	0	0	0	0	0	0,0000	0,0000	228,9978
2021-11-17	18:52:00		60	0	0	0	0	0	0	0	0	0	0	0	0	0	0	0	0	0	0	0	0	0,0000	0,0000	228,9978
2021-11-17	18:53:00		60	0	0	0	0	0	0	0	0	0	0	0	0	0	0	0	0	0	0	0	0	0,0000	0,0000	228,9978
2021-11-17	18:54:00		60	0	0	0	0	0	0	0	0	0	0	0	0	0	0	0	0	0	0	0	0	0,0000	0,0000	228,9978
2021-11-17	18:55:00		60	0	0	0	0	0	0	0	0	0	0	0	0	0	0	0	0	0	0	0	0	0,0000	0,0000	228,9978
2021-11-17	18:56:00		60	0	0	0	0	0	0	0	0	0	0	0	0	0	0	0	0	0	0	0	0	0,0000	0,0000	228,9978
2021-11-17	18:57:00		60	0	0	0	0	0	0	0	0	0	0	0	0	0	0	0	0	0	0	0	0	0,0000	0,0000	228,9978
2021-11-17	18:58:00		60	0	0	0	0	0	0	0	0	0	0	0	0	0	0	0	0	0	0	0	0	0,0000	0,0000	228,9978
2021-11-17	18:59:00		60	0	0	0	0	0	0	0	0	0	0	0	0	0	0	0	0	0	0	0	0	0,0000	0,0000	228,9978
2021-11-17	19:00:00		60	0	0	0	0	0	0	0	0	0	0	0	0	0	0	0	0	0	0	0	0	0,0000	0,0000	228,9978
2021-11-17	19:01:00		60	0	0	0	0	0	0	0	0	0	0	0	0	0	0	0	0	0	0	0	0	0,0000	0,0000	228,9978
2021-11-17	19:02:00		60	0	0	0	0	0	0	0	0	0	0	0	0	0	0	0	0	0	0	0	0	0,0000	0,0000	228,9978
2021-11-17	19:03:00		60	0	0	0	0	0	0	0	0	0	0	0	0	0	0	0	0	0	0	0	0	0,0000	0,0000	228,9978
2021-11-17	19:04:00		60	0	0	0	0	0	0	0	0	0	0	0	0	0	0	0	0	0	0	0	0	0,0000	0,0000	228,9978
2021-11-17	19:05:00		60	0	0	0	0	0	0	0	0	0	0	0	0	0	0	0	0	0	0	0	0	0,0000	0,0000	228,9978
2021-11-17	19:06:00		60	0	0	0	0	0	0	0	0	0	0	0	0	0	0	0	0	0	0	0	0	0,0000	0,0000	228,9978
2021-11-17	19:07:00		60	0	0	0	0	0	0	0	0	0	0	0	0	0	0	0	0	0	0	0	0	0,0000	0,0000	228,9978
2021-11-17	19:08:00		60	0	0	0	0	0	0	0	0	0	0	0	0	0	0	0	0	0	0	0	0	0,0000	0,0000	228,9978
2021-11-17	19:09:00		60	0	0	0	0	0	0	0	0	0	0	0	0	0	0	0	0	0	0	0	0	0,0000	0,0000	228,9978
2021-11-17	19:10:00		60	0	0	0	0	0	0	0	0	0	0	0	0	0	0	0	0	0	0	0	0	0,0000	0,0000	228,9978
2021-11-17	19:11:00		60	0	0	0	0	0	0	0	0	0	0	0	0	0	0	0	0	0	0	0	0	0,0000	0,0000	228,9978
2021-11-17	19:12:00		60	0	0	0	0	0	0	0	0	0	0	0	0	0	0	0	0	0	0	0	0	0,0000	0,0000	228,9978
2021-11-17	19:13:00		60	0	0	0	0	0	0	0	0	0	0	0	0	0	0	0	0	0	0	0	0	0,0000	0,0000	228,9978
2021-11-17	19:14:00		60	0	0	0	0	0	0	0	0	0	0	0	0	0	0	0	0	0	0	0	0	0,0000	0,0000	228,9978
2021-11-17	19:15:00		60	0	0	0	0	0	0	0	0	0	0	0	0	0	0	0	0	0	0	0	0	0,0000	0,0000	228,9978
2021-11-17	19:16:00		60	0	0	0	0	0	0	0	0	0	0	0	0	0	0	0	0	0	0	0	0	0,0000	0,0000	228,9978
2021-11-17	19:17:00		60	0	0	0	0	0	0	0	0	0	0	0	0	0	0	0	0	0	0	0	0	0,0000	0,0000	228,9978
2021-11-17	19:18:00		60	0	0	0	0	0	0	0	0	0	0	0	0	0	0	0	0	0	0	0	0	0,0000	0,0000	228,9978
2021-11-17	19:19:00		60	0	0	0	0	0	0	0	0	0	0	0	0	0	0	0	0	0	0	0	0	0,0000	0,0000	228,9978
2021-11-17	19:20:00		60	0	0	0	0	0	0	0	0	0	0	0	0	0	0	0	0	0	0	0	0	0,0000	0,0000	228,9978
2021-11-17	19:21:00		60	0	0	0	0	0	0	0	0	0	0	0	0	0	0	0	0	0	0	0	0	0,0000	0,0000	228,9978
2021-11-17	19:22:00		60	0	0	0	0	0	0	0	0	0	0	0	0	0	0	0	0	0	0	0	0	0,0000	0,0000	228,9978
2021-11-17	19:23:00		60	0	0	0	0	0	0	0	0	0	0	0	0	0	0	0	0	0	0	0	0	0,0000	0,0000	228,9978
2021-11-17	19:24:00		60	0	0	0	0	0	0	0	0	0	0	0	0	0	0	0	0	0	0	0	0	0,0000	0,0000	228,9978
2021-11-17	19:25:00		60	0	0	0	0	0	0	0	0	0	0	0	0	0	0	0	0	0	0	0	0	0,0000	0,0000	228,9978
2021-11-17	19:26:00		60	0	0	0	0	0	0	0	0	0	0	0	0	0	0	0	0	0	0	0	0	0,0000	0,0000	228,9978
2021-11-17	19:27:00		60	0	0	0	0	0	0	0	0	0	0	0	0	0	0	0	0	0	0	0	0	0,0000	0,0000	228,9978
2021-11-17	19:28:00		60	0	0	0	0	0	0	0	0	0	0	0	0	0	0	0	0	0	0	0	0	0,0000	0,0000	228,9978
2021-11-17	19:29:00		60	0	0	0	0	0	0	0	0	0	0	0	0	0	0	0	0	0	0	0	0	0,0000	0,0000	228,9978
2021-11-17	19:30:00		60	0	0	0	0	0	0	0	0	0	0	0	0	0	0	0	0	0	0	0	0	0,0000	0,0000	228,9978
2021-11-17	19:31:00		60	0	0	0	0	0	0	0	0	0	0	0	0	0	0	0	0	0	0	0	0	0,0000	0,0000	228,9978
2021-11-17	19:32:00		60	0	0	0	0	0	0	0	0	0	0	0	0	0	0	0	0	0	0	0	0	0,0000	0,0000	228,9978
2021-11-17	19:33:00		60	0	0	0	0	0	0	0	0	0	0	0	0	0	0	0	0	0	0	0	0	0,0000	0,0000	228,9978
2021-11-17	19:34:00		60	0	0	0	0	0	0	0	0	0	0	0	0	0	0	0	0	0	0	0	0	0,0000	0,0000	228,9978
2021-11-17	19:35:00		60	0	0	0	0	0	0	0	0	0	0	0	0	0	0	0	0	0	0	0	0	0,0000	0,0000	228,9978
2021-11-17	19:36:00		60	0	0	0	0	0	0	0	0	0	0	0	0	0	0	0	0	0	0	0	0	0,0000	0,0000	228,9978
2021-11-17	19:37:00		60	0	0	0	0	0	0	0	0	0	0	0	0	0	0	0	0	0	0	0	0	0,0000	0,0000	228,9978
2021-11-17	19:38:00		60	0	0	0	0	0	0	0	0	0	0	0	0	0	0	0	0	0	0	0	0	0,0000	0,0000	228,9978
2021-11-17	19:39:00		60	0	0	0	0	0	0	0	0	0	0	0	0	0	0	0	0	0	0	0	0	0,0000	0,0000	228,9978
2021-11-17	19:40:00		60	0	0	0	0	0	0	0	0	0	0	0	0	0	0	0	0	0	0	0	0	0,0000	0,0000	228,9978
2021-11-17	19:41:00		60	0	0	0	0	0	0	0	0	0	0	0	0	0	0	0	0	0	0	0	0	0,0000	0,0000	228,9978
2021-11-17	19:42:00		60	0	0	0	0	0	0	0	0	0	0	0	0	0	0	0	0	0	0	0	0	0,0000	0,0000	228,9978
2021-11-17	19:43:00		60	0	0	0	0	0	0	0	0	0	0	0	0	0	0	0	0	0	0	0	0	0,0000	0,0000	228,9978
2021-11-17	19:44:00		60	0	0	0	0	0	0	0	0	0	0	0	0	0	0	0	0	0	0	0	0	0,0000	0,0000	228,9978
2021-11-17	19:45:00		60	0	0	0	0	0	0	0	0	0	0	0	0	0	0	0	0	0	0	0	0	0,0000	0,0000	228,9978
2021-11-17	19:46:00		60	0	0	1	0	0	2	0	0	0	0	0	0	0	0	0	0	0	0	0	0	0,0106	0,0002	228,9980
2021-11-17	19:47:00		60	0	0	0	0	0	0	0	0	0	0	0	0	0	0	0	0	0	0	0	0	0,0000	0,0000	228,9980
2021-11-17	19:48:00		60	0	0	0	0	0	0	0	0	0	0	0	0	0	0	0	0	0	0	0	0	0,0000	0,0000	228,9980
2021-11-17	19:49:00		60	0	0	0	0	0	0	0	0	0	0	0	0	0	0	0	0	0	0	0	0	0,0000	0,0000	228,9980
2021-11-17	19:50:00		60	0	0	0	0	0	0	0	0	0	0	0	0	0	0	0	0	0	0	0	0	0,0000	0,0000	228,9980
2021-11-17	19:51:00		60	0	0	0	0	0	0	0	0	0	0	0	0	0	0	0	0	0	0	0	0	0,0000	0,0000	228,9980
2021-11-17	19:52:00		60	0	0	0	0	0	0	0	0	0	0	0	0	0	0	0	0	0	0	0	0	0,0000	0,0000	228,9980
2021-11-17	19:53:00		60	0	0	0	0	0	0	0	0	0	0	0	0	0	0	0	0	0	0	0	0	0,0000	0,0000	228,9980
2021-11-17	19:54:00		60	0	0	0	0	0	0	0	0	0	0	0	0	0	0	0	0	0	0	0	0	0,0000	0,0000	228,9980
2021-11-17	19:55:00		60	0	0	0	0	0	0	0	0	0	0	0	0	0	0	0	0	0	0	0	0	0,0000	0,0000	228,9980
2021-11-17	19:56:00		60	0	0	0	0	0	0	0	0	0	0	0	0	0	0	0	0	0	0	0	0	0,0000	0,0000	228,9980
2021-11-17	19:57:00		60	0	0	0	0	0	0	0	0	0	0	0	0	0	0	0	0	0	0	0	0	0,0000	0,0000	228,9980
2021-11-17	19:58:00		60	0	0	0	0	0	0	0	0	0	0	0	0	0	0	0	0	0	0	0	0	0,0000	0,0000	228,9980
2021-11-17	19:59:00		60	0	0	0	0	0	0	0	0	0	0	0	0	0	0	0	0	0	0	0	0	0,0000	0,0000	228,9980
2021-11-17	20:00:00		60	0	0	0	0	0	0	0	0	0	0	0	0	0	0	0	0	0	0	0	0	0,0000	0,0000	228,9980
2021-11-17	20:01:00		60	0	0	0	0	0	0	0	0	0	0	0	0	0	0	0	0	0	0	0	0	0,0000	0,0000	228,9980
2021-11-17	20:02:00		60	0	0	0	0	0	0	0	0	0	0	0	0	0	0	0	0	0	0	0	0	0,0000	0,0000	228,9980
2021-11-17	20:03:00		60	0	0	0	0	0	0	0	0	0	0	0	0	0	0	0	0	0	0	0	0	0,0000	0,0000	228,9980
2021-11-17	20:04:00		60	0	0	0	0	0	0	0	0	0	0	0	0	0	0	0	0	0	0	0	0	0,0000	0,0000	228,9980
2021-11-17	20:05:00		60	0	0	0	0	0	0	0	0	0	0	0	0	0	0	0	0	0	0	0	0	0,0000	0,0000	228,9980
2021-11-17	20:06:00		60	0	0	0	0	0	0	0	0	0	0	0	0	0	0	0	0	0	0	0	0	0,0000	0,0000	228,9980
2021-11-17	20:07:00		60	0	0	0	0	0	0	0	0	0	0	0	0	0	0	0	0	0	0	0	0	0,0000	0,0000	228,9980
2021-11-17	20:08:00		60	0	0	0	0	0	0	0	0	0	0	0	0	0	0	0	0	0	0	0	0	0,0000	0,0000	228,9980
2021-11-17	20:09:00		60	0	0	0	0	0	0	0	0	0	0	0	0	0	0	0	0	0	0	0	0	0,0000	0,0000	228,9980
2021-11-17	20:10:00		60	0	0	0	0	0	0	0	0	0	0	0	0	0	0	0	0	0	0	0	0	0,0000	0,0000	228,9980
2021-11-17	20:11:00		60	0	0	0	0	0	0	0	0	0	0	0	0	0	0	0	0	0	0	0	0	0,0000	0,0000	228,9980
2021-11-17	20:12:00		60	0	0	0	0	0	0	0	0	0	0	0	0	0	0	0	0	0	0	0	0	0,0000	0,0000	228,9980
2021-11-17	20:13:00		60	0	0	0	0	0	0	0	0	0	0	0	0	0	0	0	0	0	0	0	0	0,0000	0,0000	228,9980
2021-11-17	20:14:00		60	0	0	0	0	0	0	0	0	0	0	0	0	0	0	0	0	0	0	0	0	0,0000	0,0000	228,9980
2021-11-17	20:15:00		60	0	0	0	0	0	0	0	0	0	0	0	0	0	0	0	0	0	0	0	0	0,0000	0,0000	228,9980
2021-11-17	20:16:00		60	0	0	0	0	0	0	0	0	0	0	0	0	0	0	0	0	0	0	0	0	0,0000	0,0000	228,9980
2021-11-17	20:17:00		60	0	0	0	0	0	0	0	0	0	0	0	0	0	0	0	0	0	0	0	0	0,0000	0,0000	228,9980
2021-11-17	20:18:00		60	0	0	0	0	0	0	0	0	0	0	0	0	0	0	0	0	0	0	0	0	0,0000	0,0000	228,9980
2021-11-17	20:19:00		60	0	0	0	0	0	0	0	0	0	0	0	0	0	0	0	0	0	0	0	0	0,0000	0,0000	228,9980
2021-11-17	20:20:00		60	0	0	0	0	0	0	0	0	0	0	0	0	0	0	0	0	0	0	0	0	0,0000	0,0000	228,9980
2021-11-17	20:21:00		60	0	0	0	0	0	0	0	0	0	0	0	0	0	0	0	0	0	0	0	0	0,0000	0,0000	228,9980
2021-11-17	20:22:00		60	0	0	0	0	0	0	0	0	0	0	0	0	0	0	0	0	0	0	0	0	0,0000	0,0000	228,9980
2021-11-17	20:23:00		60	0	0	0	0	0	0	0	0	0	0	0	0	0	0	0	0	0	0	0	0	0,0000	0,0000	228,9980
2021-11-17	20:24:00		60	0	0	0	0	0	0	0	0	0	0	0	0	0	0	0	0	0	0	0	0	0,0000	0,0000	228,9980
2021-11-17	20:25:00		60	0	0	0	0	0	0	0	0	0	0	0	0	0	0	0	0	0	0	0	0	0,0000	0,0000	228,9980
2021-11-17	20:26:00		60	0	0	0	0	0	0	0	0	0	0	0	0	0	0	0	0	0	0	0	0	0,0000	0,0000	228,9980
2021-11-17	20:27:00		60	0	0	0	0	0	0	0	0	0	0	0	0	0	0	0	0	0	0	0	0	0,0000	0,0000	228,9980
2021-11-17	20:28:00		60	0	0	0	0	0	0	0	0	0	0	0	0	0	0	0	0	0	0	0	0	0,0000	0,0000	228,9980
2021-11-17	20:29:00		60	0	0	0	0	0	0	0	0	0	0	0	0	0	0	0	0	0	0	0	0	0,0000	0,0000	228,9980
2021-11-17	20:30:00		60	0	0	0	0	0	0	0	0	0	0	0	0	0	0	0	0	0	0	0	0	0,0000	0,0000	228,9980
2021-11-17	20:31:00		60	0	0	0	0	0	0	0	0	0	0	0	0	0	0	0	0	0	0	0	0	0,0000	0,0000	228,9980
2021-11-17	20:32:00		60	0	0	0	0	0	0	0	0	0	0	0	0	0	0	0	0	0	0	0	0	0,0000	0,0000	228,9980
2021-11-17	20:33:00		60	0	0	0	0	0	0	0	0	0	0	0	0	0	0	0	0	0	0	0	0	0,0000	0,0000	228,9980
2021-11-17	20:34:00		60	0	0	0	0	0	0	0	0	0	0	0	0	0	0	0	0	0	0	0	0	0,0000	0,0000	228,9980
2021-11-17	20:35:00		60	0	0	0	0	0	0	0	0	0	0	0	0	0	0	0	0	0	0	0	0	0,0000	0,0000	228,9980
2021-11-17	20:36:00		60	0	0	0	0	0	0	0	0	0	0	0	0	0	0	0	0	0	0	0	0	0,0000	0,0000	228,9980
2021-11-17	20:37:00		60	0	0	0	0	0	0	0	0	0	0	0	0	0	0	0	0	0	0	0	0	0,0000	0,0000	228,9980
2021-11-17	20:38:00		60	0	0	0	0	0	0	0	0	0	0	0	0	0	0	0	0	0	0	0	0	0,0000	0,0000	228,9980
2021-11-17	20:39:00		60	0	0	0	0	0	0	0	0	0	0	0	0	0	0	0	0	0	0	0	0	0,0000	0,0000	228,9980
2021-11-17	20:40:00		60	0	0	0	0	0	0	0	0	0	0	0	0	0	0	0	0	0	0	0	0	0,0000	0,0000	228,9980
2021-11-17	20:41:00		60	0	0	0	0	0	0	0	0	0	0	0	0	0	0	0	0	0	0	0	0	0,0000	0,0000	228,9980
2021-11-17	20:42:00		60	0	0	0	0	0	0	0	0	0	0	0	0	0	0	0	0	0	0	0	0	0,0000	0,0000	228,9980
2021-11-17	20:43:00		60	0	0	0	0	0	0	0	0	0	0	0	0	0	0	0	0	0	0	0	0	0,0000	0,0000	228,9980
2021-11-17	20:44:00		60	0	0	0	0	0	0	0	0	0	0	0	0	0	0	0	0	0	0	0	0	0,0000	0,0000	228,9980
2021-11-17	20:45:00		60	0	0	0	0	0	0	0	0	0	0	0	0	0	0	0	0	0	0	0	0	0,0000	0,0000	228,9980
2021-11-17	20:46:00		60	0	0	0	0	0	0	0	0	0	0	0	0	0	0	0	0	0	0	0	0	0,0000	0,0000	228,9980
2021-11-17	20:47:00		60	0	0	0	0	0	0	0	0	0	0	0	0	0	0	0	0	0	0	0	0	0,0000	0,0000	228,9980
2021-11-17	20:48:00		60	0	0	0	0	0	0	0	0	0	0	0	0	0	0	0	0	0	0	0	0	0,0000	0,0000	228,9980
2021-11-17	20:49:00		60	0	0	0	0	0	0	0	0	0	0	0	0	0	0	0	0	0	0	0	0	0,0000	0,0000	228,9980
2021-11-17	20:50:00		60	0	0	0	0	0	0	0	0	0	0	0	0	0	0	0	0	0	0	0	0	0,0000	0,0000	228,9980
2021-11-17	20:51:00		60	0	0	0	0	0	0	0	0	0	0	0	0	0	0	0	0	0	0	0	0	0,0000	0,0000	228,9980
2021-11-17	20:52:00		60	0	0	0	0	0	0	0	0	0	0	0	0	0	0	0	0	0	0	0	0	0,0000	0,0000	228,9980
2021-11-17	20:53:00		60	0	0	0	0	0	0	0	0	0	0	0	0	0	0	0	0	0	0	0	0	0,0000	0,0000	228,9980
2021-11-17	20:54:00		60	0	0	0	0	0	0	0	0	0	0	0	0	0	0	0	0	0	0	0	0	0,0000	0,0000	228,9980
2021-11-17	20:55:00		60	0	0	0	0	0	0	0	0	0	0	0	0	0	0	0	0	0	0	0	0	0,0000	0,0000	228,9980
2021-11-17	20:56:00		60	0	0	0	0	0	0	0	0	0	0	0	0	0	0	0	0	0	0	0	0	0,0000	0,0000	228,9980
2021-11-17	20:57:00		60	0	0	0	0	0	0	0	0	0	0	0	0	0	0	0	0	0	0	0	0	0,0000	0,0000	228,9980
2021-11-17	20:58:00		60	0	0	0	0	0	0	0	0	0	0	0	0	0	0	0	0	0	0	0	0	0,0000	0,0000	228,9980
2021-11-17	20:59:00		60	0	0	0	0	0	0	0	0	0	0	0	0	0	0	0	0	0	0	0	0	0,0000	0,0000	228,9980
2021-11-17	21:00:00		60	0	0	0	0	0	0	0	0	0	0	0	0	0	0	0	0	0	0	0	0	0,0000	0,0000	228,9980
2021-11-17	21:01:00		60	0	0	0	0	0	0	0	0	0	0	0	0	0	0	0	0	0	0	0	0	0,0000	0,0000	228,9980
2021-11-17	21:02:00		60	0	0	0	0	0	0	0	0	0	0	0	0	0	0	0	0	0	0	0	0	0,0000	0,0000	228,9980
2021-11-17	21:03:00		60	0	0	0	0	0	0	0	0	0	0	0	0	0	0	0	0	0	0	0	0	0,0000	0,0000	228,9980
2021-11-17	21:04:00		60	0	0	0	0	0	0	0	0	0	0	0	0	0	0	0	0	0	0	0	0	0,0000	0,0000	228,9980
2021-11-17	21:05:00		60	0	0	0	0	0	0	0	0	0	0	0	0	0	0	0	0	0	0	0	0	0,0000	0,0000	228,9980
2021-11-17	21:06:00		60	0	0	0	0	0	0	0	0	0	0	0	0	0	0	0	0	0	0	0	0	0,0000	0,0000	228,9980
2021-11-17	21:07:00		60	0	0	0	0	0	0	0	0	0	0	0	0	0	0	0	0	0	0	0	0	0,0000	0,0000	228,9980
2021-11-17	21:08:00		60	0	0	0	0	0	0	0	0	0	0	0	0	0	0	0	0	0	0	0	0	0,0000	0,0000	228,9980
2021-11-17	21:09:00		60	0	0	0	0	0	0	0	0	0	0	0	0	0	0	0	0	0	0	0	0	0,0000	0,0000	228,9980
2021-11-17	21:10:00		60	0	0	0	0	0	0	0	0	0	0	0	0	0	0	0	0	0	0	0	0	0,0000	0,0000	228,9980
2021-11-17	21:11:00		60	0	0	0	0	0	0	0	0	0	0	0	0	0	0	0	0	0	0	0	0	0,0000	0,0000	228,9980
2021-11-17	21:12:00		60	0	0	0	0	0	0	0	0	0	0	0	0	0	0	0	0	0	0	0	0	0,0000	0,0000	228,9980
2021-11-17	21:13:00		60	0	0	0	0	0	0	0	0	0	0	0	0	0	0	0	0	0	0	0	0	0,0000	0,0000	228,9980
2021-11-17	21:14:00		60	0	0	0	0	0	0	0	0	0	0	0	0	0	0	0	0	0	0	0	0	0,0000	0,0000	228,9980
2021-11-17	21:15:00		60	0	0	0	0	0	0	0	0	0	0	0	0	0	0	0	0	0	0	0	0	0,0000	0,0000	228,9980
2021-11-17	21:16:00		60	0	0	0	0	0	0	0	0	0	0	0	0	0	0	0	0	0	0	0	0	0,0000	0,0000	228,9980
2021-11-17	21:17:00		60	0	0	0	0	0	0	0	0	0	0	0	0	0	0	0	0	0	0	0	0	0,0000	0,0000	228,9980
2021-11-17	21:18:00		60	0	0	0	0	0	0	0	0	0	0	0	0	0	0	0	0	0	0	0	0	0,0000	0,0000	228,9980
2021-11-17	21:19:00		60	0	0	0	0	0	0	0	0	0	0	0	0	0	0	0	0	0	0	0	0	0,0000	0,0000	228,9980
2021-11-17	21:20:00		60	0	0	0	0	0	0	0	0	0	0	0	0	0	0	0	0	0	0	0	0	0,0000	0,0000	228,9980
2021-11-17	21:21:00		60	0	0	0	0	0	0	0	0	0	0	0	0	0	0	0	0	0	0	0	0	0,0000	0,0000	228,9980
2021-11-17	21:22:00		60	0	0	0	0	0	0	0	0	0	0	0	0	0	0	0	0	0	0	0	0	0,0000	0,0000	228,9980
2021-11-17	21:23:00		60	0	0	0	0	0	0	0	0	0	0	0	0	0	0	0	0	0	0	0	0	0,0000	0,0000	228,9980
2021-11-17	21:24:00		60	0	0	0	0	0	0	0	0	0	0	0	0	0	0	0	0	0	0	0	0	0,0000	0,0000	228,9980
2021-11-17	21:25:00		60	0	0	0	0	0	0	0	0	0	0	0	0	0	0	0	0	0	0	0	0	0,0000	0,0000	228,9980
2021-11-17	21:26:00		60	0	0	0	0	0	0	0	0	0	0	0	0	0	0	0	0	0	0	0	0	0,0000	0,0000	228,9980
2021-11-17	21:27:00		60	0	0	0	0	0	0	0	0	0	0	0	0	0	0	0	0	0	0	0	0	0,0000	0,0000	228,9980
2021-11-17	21:28:00		60	0	0	0	0	0	0	0	0	0	0	0	0	0	0	0	0	0	0	0	0	0,0000	0,0000	228,9980
2021-11-17	21:29:00		60	0	0	0	0	0	0	0	0	0	0	0	0	0	0	0	0	0	0	0	0	0,0000	0,0000	228,9980
2021-11-17	21:30:00		60	0	0	0	0	0	0	0	0	0	0	0	0	0	0	0	0	0	0	0	0	0,0000	0,0000	228,9980
2021-11-17	21:31:00		60	0	0	0	0	0	0	0	0	0	0	0	0	0	0	0	0	0	0	0	0	0,0000	0,0000	228,9980
2021-11-17	21:32:00		60	0	0	0	0	0	0	0	0	0	0	0	0	0	0	0	0	0	0	0	0	0,0000	0,0000	228,9980
2021-11-17	21:33:00		60	0	0	0	0	0	0	0	0	0	0	0	0	0	0	0	0	0	0	0	0	0,0000	0,0000	228,9980
2021-11-17	21:34:00		60	0	0	0	0	0	0	0	0	0	0	0	0	0	0	0	0	0	0	0	0	0,0000	0,0000	228,9980
2021-11-17	21:35:00		60	0	0	0	0	0	0	0	0	0	0	0	0	0	0	0	0	0	0	0	0	0,0000	0,0000	228,9980
2021-11-17	21:36:00		60	0	0	0	0	0	0	0	0	0	0	0	0	0	0	0	0	0	0	0	0	0,0000	0,0000	228,9980
2021-11-17	21:37:00		60	0	0	0	0	0	0	0	0	0	0	0	0	0	0	0	0	0	0	0	0	0,0000	0,0000	228,9980
2021-11-17	21:38:00		60	0	0	0	0	0	0	0	0	0	0	0	0	0	0	0	0	0	0	0	0	0,0000	0,0000	228,9980
2021-11-17	21:39:00		60	0	0	0	0	0	0	0	0	0	0	0	0	0	0	0	0	0	0	0	0	0,0000	0,0000	228,9980
2021-11-17	21:40:00		60	0	0	0	0	0	0	0	0	0	0	0	0	0	0	0	0	0	0	0	0	0,0000	0,0000	228,9980
2021-11-17	21:41:00		60	0	0	0	0	0	0	0	0	0	0	0	0	0	0	0	0	0	0	0	0	0,0000	0,0000	228,9980
2021-11-17	21:42:00		60	0	0	0	0	0	0	0	0	0	0	0	0	0	0	0	0	0	0	0	0	0,0000	0,0000	228,9980
2021-11-17	21:43:00		60	0	0	0	0	0	0	0	0	0	0	0	0	0	0	0	0	0	0	0	0	0,0000	0,0000	228,9980
2021-11-17	21:44:00		60	0	0	0	0	0	0	0	0	0	0	0	0	0	0	0	0	0	0	0	0	0,0000	0,0000	228,9980
2021-11-17	21:45:00		60	0	0	0	0	0	0	0	0	0	0	0	0	0	0	0	0	0	0	0	0	0,0000	0,0000	228,9980
2021-11-17	21:46:00		60	0	0	0	0	0	0	0	0	0	0	0	0	0	0	0	0	0	0	0	0	0,0000	0,0000	228,9980
2021-11-17	21:47:00		60	0	0	0	0	0	0	0	0	0	0	0	0	0	0	0	0	0	0	0	0	0,0000	0,0000	228,9980
2021-11-17	21:48:00		60	0	0	0	0	0	0	0	0	0	0	0	0	0	0	0	0	0	0	0	0	0,0000	0,0000	228,9980
2021-11-17	21:49:00		60	0	0	0	0	0	0	0	0	0	0	0	0	0	0	0	0	0	0	0	0	0,0000	0,0000	228,9980
2021-11-17	21:50:00		60	0	0	0	0	0	0	0	0	0	0	0	0	0	0	0	0	0	0	0	0	0,0000	0,0000	228,9980
2021-11-17	21:51:00		60	0	0	0	0	0	0	0	0	0	0	0	0	0	0	0	0	0	0	0	0	0,0000	0,0000	228,9980
2021-11-17	21:52:00		60	0	0	0	0	0	0	0	0	0	0	0	0	0	0	0	0	0	0	0	0	0,0000	0,0000	228,9980
2021-11-17	21:53:00		60	0	0	0	0	0	0	0	0	0	0	0	0	0	0	0	0	0	0	0	0	0,0000	0,0000	228,9980
2021-11-17	21:54:00		60	0	0	0	0	0	0	0	0	0	0	0	0	0	0	0	0	0	0	0	0	0,0000	0,0000	228,9980
2021-11-17	21:55:00		60	0	0	0	0	0	0	0	0	0	0	0	0	0	0	0	0	0	0	0	0	0,0000	0,0000	228,9980
2021-11-17	21:56:00		60	0	0	0	0	0	0	0	0	0	0	0	0	0	0	0	0	0	0	0	0	0,0000	0,0000	228,9980
2021-11-17	21:57:00		60	0	0	0	0	0	0	0	0	0	0	0	0	0	0	0	0	0	0	0	0	0,0000	0,0000	228,9980
2021-11-17	21:58:00		60	0	0	0	0	0	0	0	0	0	0	0	0	0	0	0	0	0	0	0	0	0,0000	0,0000	228,9980
2021-11-17	21:59:00		60	0	0	0	0	0	0	0	0	0	0	0	0	0	0	0	0	0	0	0	0	0,0000	0,0000	228,9980
2021-11-17	22:00:00		60	0	0	0	0	0	0	0	0	0	0	0	0	0	0	0	0	0	0	0	0	0,0000	0,0000	228,9980
2021-11-17	22:01:00		60	0	0	0	0	0	0	0	0	0	0	0	0	0	0	0	0	0	0	0	0	0,0000	0,0000	228,9980
2021-11-17	22:02:00		60	0	0	0	0	0	0	0	0	0	0	0	0	0	0	0	0	0	0	0	0	0,0000	0,0000	228,9980
2021-11-17	22:03:00		60	0	0	0	0	0	0	0	0	0	0	0	0	0	0	0	0	0	0	0	0	0,0000	0,0000	228,9980
2021-11-17	22:04:00		60	0	0	0	0	0	0	0	0	0	0	0	0	0	0	0	0	0	0	0	0	0,0000	0,0000	228,9980
2021-11-17	22:05:00		60	0	0	0	0	0	0	0	0	0	0	0	0	0	0	0	0	0	0	0	0	0,0000	0,0000	228,9980
2021-11-17	22:06:00		60	0	0	0	0	0	0	0	0	0	0	0	0	0	0	0	0	0	0	0	0	0,0000	0,0000	228,9980
2021-11-17	22:07:00		60	0	0	0	0	0	0	0	0	0	0	0	0	0	0	0	0	0	0	0	0	0,0000	0,0000	228,9980
2021-11-17	22:08:00		60	0	0	0	0	0	0	0	0	0	0	0	0	0	0	0	0	0	0	0	0	0,0000	0,0000	228,9980
2021-11-17	22:09:00		60	0	0	0	0	0	0	0	0	0	0	0	0	0	0	0	0	0	0	0	0	0,0000	0,0000	228,9980
2021-11-17	22:10:00		60	0	0	0	0	0	0	0	0	0	0	0	0	0	0	0	0	0	0	0	0	0,0000	0,0000	228,9980
2021-11-17	22:11:00		60	0	0	0	0	0	0	0	0	0	0	0	0	0	0	0	0	0	0	0	0	0,0000	0,0000	228,9980
2021-11-17	22:12:00		60	0	0	0	0	0	0	0	0	0	0	0	0	0	0	0	0	0	0	0	0	0,0000	0,0000	228,9980
2021-11-17	22:13:00		60	0	0	0	0	0	0	0	0	0	0	0	0	0	0	0	0	0	0	0	0	0,0000	0,0000	228,9980
2021-11-17	22:14:00		60	0	0	0	0	0	0	0	0	0	0	0	0	0	0	0	0	0	0	0	0	0,0000	0,0000	228,9980
2021-11-17	22:15:00		60	0	0	0	0	0	0	0	0	0	0	0	0	0	0	0	0	0	0	0	0	0,0000	0,0000	228,9980
2021-11-17	22:16:00		60	0	0	0	0	0	0	0	0	0	0	0	0	0	0	0	0	0	0	0	0	0,0000	0,0000	228,9980
2021-11-17	22:17:00		60	0	0	0	0	0	0	0	0	0	0	0	0	0	0	0	0	0	0	0	0	0,0000	0,0000	228,9980
2021-11-17	22:18:00		60	0	0	0	0	0	0	0	0	0	0	0	0	0	0	0	0	0	0	0	0	0,0000	0,0000	228,9980
2021-11-17	22:19:00		60	0	0	0	0	0	0	0	0	0	0	0	0	0	0	0	0	0	0	0	0	0,0000	0,0000	228,9980
2021-11-17	22:20:00		60	0	0	0	0	0	0	0	0	0	0	0	0	0	0	0	0	0	0	0	0	0,0000	0,0000	228,9980
2021-11-17	22:21:00		60	0	0	0	0	0	0	0	0	0	0	0	0	0	0	0	0	0	0	0	0	0,0000	0,0000	228,9980
2021-11-17	22:22:00		60	0	0	0	0	0	0	0	0	0	0	0	0	0	0	0	0	0	0	0	0	0,0000	0,0000	228,9980
2021-11-17	22:23:00		60	0	0	0	0	0	0	0	0	0	0	0	0	0	0	0	0	0	0	0	0	0,0000	0,0000	228,9980
2021-11-17	22:24:00		60	0	0	0	0	0	0	0	0	0	0	0	0	0	0	0	0	0	0	0	0	0,0000	0,0000	228,9980
2021-11-17	22:25:00		60	0	0	0	0	0	0	0	0	0	0	0	0	0	0	0	0	0	0	0	0	0,0000	0,0000	228,9980
2021-11-17	22:26:00		60	0	0	0	0	0	0	0	0	0	0	0	0	0	0	0	0	0	0	0	0	0,0000	0,0000	228,9980
2021-11-17	22:27:00		60	0	0	0	0	0	0	0	0	0	0	0	0	0	0	0	0	0	0	0	0	0,0000	0,0000	228,9980
2021-11-17	22:28:00		60	0	0	0	0	0	0	0	0	0	0	0	0	0	0	0	0	0	0	0	0	0,0000	0,0000	228,9980
2021-11-17	22:29:00		60	0	0	0	0	0	0	0	0	0	0	0	0	0	0	0	0	0	0	0	0	0,0000	0,0000	228,9980
2021-11-17	22:30:00		60	0	0	0	0	0	0	0	0	0	0	0	0	0	0	0	0	0	0	0	0	0,0000	0,0000	228,9980
2021-11-17	22:31:00		60	0	0	0	0	0	0	0	0	0	0	0	0	0	0	0	0	0	0	0	0	0,0000	0,0000	228,9980
2021-11-17	22:32:00		60	0	0	0	0	0	0	0	0	0	0	0	0	0	0	0	0	0	0	0	0	0,0000	0,0000	228,9980
2021-11-17	22:33:00		60	0	0	0	0	0	0	0	0	0	0	0	0	0	0	0	0	0	0	0	0	0,0000	0,0000	228,9980
2021-11-17	22:34:00		60	0	0	0	0	0	0	0	0	0	0	0	0	0	0	0	0	0	0	0	0	0,0000	0,0000	228,9980
2021-11-17	22:35:00		60	0	0	0	0	0	0	0	0	0	0	0	0	0	0	0	0	0	0	0	0	0,0000	0,0000	228,9980
2021-11-17	22:36:00		60	0	0	0	0	0	0	0	0	0	0	0	0	0	0	0	0	0	0	0	0	0,0000	0,0000	228,9980
2021-11-17	22:37:00		60	0	0	0	0	0	0	0	0	0	0	0	0	0	0	0	0	0	0	0	0	0,0000	0,0000	228,9980
2021-11-17	22:38:00		60	0	0	0	0	0	0	0	0	0	0	0	0	0	0	0	0	0	0	0	0	0,0000	0,0000	228,9980
2021-11-17	22:39:00		60	0	0	0	0	0	0	0	0	0	0	0	0	0	0	0	0	0	0	0	0	0,0000	0,0000	228,9980
2021-11-17	22:40:00		60	0	0	0	0	0	0	0	0	0	0	0	0	0	0	0	0	0	0	0	0	0,0000	0,0000	228,9980
2021-11-17	22:41:00		60	0	0	0	0	0	0	0	0	0	0	0	0	0	0	0	0	0	0	0	0	0,0000	0,0000	228,9980
2021-11-17	22:42:00		60	0	0	0	0	0	0	0	0	0	0	0	0	0	0	0	0	0	0	0	0	0,0000	0,0000	228,9980
2021-11-17	22:43:00		60	0	0	0	0	0	0	0	0	0	0	0	0	0	0	0	0	0	0	0	0	0,0000	0,0000	228,9980
2021-11-17	22:44:00		60	0	0	0	0	0	0	0	0	0	0	0	0	0	0	0	0	0	0	0	0	0,0000	0,0000	228,9980
2021-11-17	22:45:00		60	0	0	0	0	0	0	0	0	0	0	0	0	0	0	0	0	0	0	0	0	0,0000	0,0000	228,9980
2021-11-17	22:46:00		60	0	0	0	0	0	0	0	0	0	0	0	0	0	0	0	0	0	0	0	0	0,0000	0,0000	228,9980
2021-11-17	22:47:00		60	0	0	0	0	0	0	0	0	0	0	0	0	0	0	0	0	0	0	0	0	0,0000	0,0000	228,9980
2021-11-17	22:48:00		60	0	0	0	0	0	0	0	0	0	0	0	0	0	0	0	0	0	0	0	0	0,0000	0,0000	228,9980
2021-11-17	22:49:00		60	0	0	0	0	0	0	0	0	0	0	0	0	0	0	0	0	0	0	0	0	0,0000	0,0000	228,9980
2021-11-17	22:50:00		60	0	0	0	0	0	0	0	0	0	0	0	0	0	0	0	0	0	0	0	0	0,0000	0,0000	228,9980
2021-11-17	22:51:00		60	0	0	0	0	0	0	0	0	0	0	0	0	0	0	0	0	0	0	0	0	0,0000	0,0000	228,9980
2021-11-17	22:52:00		60	0	0	0	0	0	0	0	0	0	0	0	0	0	0	0	0	0	0	0	0	0,0000	0,0000	228,9980
2021-11-17	22:53:00		60	0	0	0	0	0	0	0	0	0	0	0	0	0	0	0	0	0	0	0	0	0,0000	0,0000	228,9980
2021-11-17	22:54:00		60	0	0	0	0	0	0	0	0	0	0	0	0	0	0	0	0	0	0	0	0	0,0000	0,0000	228,9980
2021-11-17	22:55:00		60	0	0	0	0	0	0	0	0	0	0	0	0	0	0	0	0	0	0	0	0	0,0000	0,0000	228,9980
2021-11-17	22:56:00		60	0	0	0	0	0	0	0	0	0	0	0	0	0	0	0	0	0	0	0	0	0,0000	0,0000	228,9980
2021-11-17	22:57:00		60	0	0	0	0	0	0	0	0	0	0	0	0	0	0	0	0	0	0	0	0	0,0000	0,0000	228,9980
2021-11-17	22:58:00		60	0	0	0	0	0	0	0	0	0	0	0	0	0	0	0	0	0	0	0	0	0,0000	0,0000	228,9980
2021-11-17	22:59:00		60	0	0	0	0	0	0	0	0	0	0	0	0	0	0	0	0	0	0	0	0	0,0000	0,0000	228,9980
2021-11-17	23:00:00		60	0	0	0	0	0	0	0	0	0	0	0	0	0	0	0	0	0	0	0	0	0,0000	0,0000	228,9980
2021-11-17	23:01:00		60	0	0	0	0	0	0	0	0	0	0	0	0	0	0	0	0	0	0	0	0	0,0000	0,0000	228,9980
2021-11-17	23:02:00		60	0	0	0	0	0	0	0	0	0	0	0	0	0	0	0	0	0	0	0	0	0,0000	0,0000	228,9980
2021-11-17	23:03:00		60	0	0	0	0	0	0	0	0	0	0	0	0	0	0	0	0	0	0	0	0	0,0000	0,0000	228,9980
2021-11-17	23:04:00		60	0	0	0	0	0	0	0	0	0	0	0	0	0	0	0	0	0	0	0	0	0,0000	0,0000	228,9980
2021-11-17	23:05:00		60	0	0	0	0	0	0	0	0	0	0	0	0	0	0	0	0	0	0	0	0	0,0000	0,0000	228,9980
2021-11-17	23:06:00		60	0	0	0	0	0	0	0	0	0	0	0	0	0	0	0	0	0	0	0	0	0,0000	0,0000	228,9980
2021-11-17	23:07:00		60	0	0	0	0	0	0	0	0	0	0	0	0	0	0	0	0	0	0	0	0	0,0000	0,0000	228,9980
2021-11-17	23:08:00		60	0	0	0	0	0	0	0	0	0	0	0	0	0	0	0	0	0	0	0	0	0,0000	0,0000	228,9980
2021-11-17	23:09:00		60	0	0	0	0	0	0	0	0	0	0	0	0	0	0	0	0	0	0	0	0	0,0000	0,0000	228,9980
2021-11-17	23:10:00		60	0	0	0	0	0	0	0	0	0	0	0	0	0	0	0	0	0	0	0	0	0,0000	0,0000	228,9980
2021-11-17	23:11:00		60	0	0	0	0	0	0	0	0	0	0	0	0	0	0	0	0	0	0	0	0	0,0000	0,0000	228,9980
2021-11-17	23:12:00		60	0	0	0	0	0	0	0	0	0	0	0	0	0	0	0	0	0	0	0	0	0,0000	0,0000	228,9980
2021-11-17	23:13:00		60	0	0	0	0	0	0	0	0	0	0	0	0	0	0	0	0	0	0	0	0	0,0000	0,0000	228,9980
2021-11-17	23:14:00		60	0	0	0	0	0	0	0	0	0	0	0	0	0	0	0	0	0	0	0	0	0,0000	0,0000	228,9980
2021-11-17	23:15:00		60	0	0	0	0	0	0	0	0	0	0	0	0	0	0	0	0	0	0	0	0	0,0000	0,0000	228,9980
2021-11-17	23:16:00		60	0	0	0	0	0	0	0	0	0	0	0	0	0	0	0	0	0	0	0	0	0,0000	0,0000	228,9980
2021-11-17	23:17:00		60	0	0	0	0	0	0	0	0	0	0	0	0	0	0	0	0	0	0	0	0	0,0000	0,0000	228,9980
2021-11-17	23:18:00		60	0	0	0	0	0	0	0	0	0	0	0	0	0	0	0	0	0	0	0	0	0,0000	0,0000	228,9980
2021-11-17	23:19:00		60	0	0	0	0	0	0	0	0	0	0	0	0	0	0	0	0	0	0	0	0	0,0000	0,0000	228,9980
2021-11-17	23:20:00		60	0	0	0	0	0	0	0	0	0	0	0	0	0	0	0	0	0	0	0	0	0,0000	0,0000	228,9980
2021-11-17	23:21:00		60	0	0	0	0	0	0	0	0	0	0	0	0	0	0	0	0	0	0	0	0	0,0000	0,0000	228,9980
2021-11-17	23:22:00		60	0	0	0	0	0	0	0	0	0	0	0	0	0	0	0	0	0	0	0	0	0,0000	0,0000	228,9980
2021-11-17	23:23:00		60	0	0	0	0	0	0	0	0	0	0	0	0	0	0	0	0	0	0	0	0	0,0000	0,0000	228,9980
2021-11-17	23:24:00		60	0	0	0	0	0	0	0	0	0	0	0	0	0	0	0	0	0	0	0	0	0,0000	0,0000	228,9980
2021-11-17	23:25:00		60	0	0	0	0	0	0	0	0	0	0	0	0	0	0	0	0	0	0	0	0	0,0000	0,0000	228,9980
2021-11-17	23:26:00		60	0	0	0	0	0	0	0	0	0	0	0	0	0	0	0	0	0	0	0	0	0,0000	0,0000	228,9980
2021-11-17	23:27:00		60	0	0	0	0	0	0	0	0	0	0	0	0	0	0	0	0	0	0	0	0	0,0000	0,0000	228,9980
2021-11-17	23:28:00		60	0	0	0	0	0	0	0	0	0	0	0	0	0	0	0	0	0	0	0	0	0,0000	0,0000	228,9980
2021-11-17	23:29:00		60	0	0	0	0	0	0	0	0	0	0	0	0	0	0	0	0	0	0	0	0	0,0000	0,0000	228,9980
2021-11-17	23:30:00		60	0	0	0	0	0	0	0	0	0	0	0	0	0	0	0	0	0	0	0	0	0,0000	0,0000	228,9980
2021-11-17	23:31:00		60	0	0	0	0	0	0	0	0	0	0	0	0	0	0	0	0	0	0	0	0	0,0000	0,0000	228,9980
2021-11-17	23:32:00		60	0	0	0	0	0	0	0	0	0	0	0	0	0	0	0	0	0	0	0	0	0,0000	0,0000	228,9980
2021-11-17	23:33:00		60	0	0	0	0	0	0	0	0	0	0	0	0	0	0	0	0	0	0	0	0	0,0000	0,0000	228,9980
2021-11-17	23:34:00		60	0	0	0	0	0	0	0	0	0	0	0	0	0	0	0	0	0	0	0	0	0,0000	0,0000	228,9980
2021-11-17	23:35:00		60	0	0	0	0	0	0	0	0	0	0	0	0	0	0	0	0	0	0	0	0	0,0000	0,0000	228,9980
2021-11-17	23:36:00		60	0	0	0	0	0	0	0	0	0	0	0	0	0	0	0	0	0	0	0	0	0,0000	0,0000	228,9980
2021-11-17	23:37:00		60	0	0	0	0	0	0	0	0	0	0	0	0	0	0	0	0	0	0	0	0	0,0000	0,0000	228,9980
2021-11-17	23:38:00		60	0	0	0	0	0	0	0	0	0	0	0	0	0	0	0	0	0	0	0	0	0,0000	0,0000	228,9980
2021-11-17	23:39:00		60	0	0	0	0	0	0	0	0	0	0	0	0	0	0	0	0	0	0	0	0	0,0000	0,0000	228,9980
2021-11-17	23:40:00		60	0	0	0	0	0	0	0	0	0	0	0	0	0	0	0	0	0	0	0	0	0,0000	0,0000	228,9980
2021-11-17	23:41:00		60	0	0	0	0	0	0	0	0	0	0	0	0	0	0	0	0	0	0	0	0	0,0000	0,0000	228,9980
2021-11-17	23:42:00		60	0	0	0	0	0	0	0	0	0	0	0	0	0	0	0	0	0	0	0	0	0,0000	0,0000	228,9980
2021-11-17	23:43:00		60	0	0	0	0	0	0	0	0	0	0	0	0	0	0	0	0	0	0	0	0	0,0000	0,0000	228,9980
2021-11-17	23:44:00		60	0	0	0	0	0	0	0	0	0	0	0	0	0	0	0	0	0	0	0	0	0,0000	0,0000	228,9980
2021-11-17	23:45:00		60	0	0	0	0	0	0	0	0	0	0	0	0	0	0	0	0	0	0	0	0	0,0000	0,0000	228,9980
2021-11-17	23:46:00		60	0	0	0	0	0	0	0	0	0	0	0	0	0	0	0	0	0	0	0	0	0,0000	0,0000	228,9980
2021-11-17	23:47:00		60	0	0	0	0	0	0	0	0	0	0	0	0	0	0	0	0	0	0	0	0	0,0000	0,0000	228,9980
2021-11-17	23:48:00		60	0	0	0	0	0	0	0	0	0	0	0	0	0	0	0	0	0	0	0	0	0,0000	0,0000	228,9980
2021-11-17	23:49:00		60	0	0	0	0	0	0	0	0	0	0	0	0	0	0	0	0	0	0	0	0	0,0000	0,0000	228,9980
2021-11-17	23:50:00		60	0	0	0	0	0	0	0	0	0	0	0	0	0	0	0	0	0	0	0	0	0,0000	0,0000	228,9980
2021-11-17	23:51:00		60	0	0	0	0	0	0	0	0	0	0	0	0	0	0	0	0	0	0	0	0	0,0000	0,0000	228,9980
2021-11-17	23:52:00		60	0	0	0	0	0	0	0	0	0	0	0	0	0	0	0	0	0	0	0	0	0,0000	0,0000	228,9980
2021-11-17	23:53:00		60	0	0	0	0	0	0	0	0	0	0	0	0	0	0	0	0	0	0	0	0	0,0000	0,0000	228,9980
2021-11-17	23:54:00		60	0	0	0	0	0	0	0	0	0	0	0	0	0	0	0	0	0	0	0	0	0,0000	0,0000	228,9980
2021-11-17	23:55:00		60	0	0	0	0	0	0	0	0	0	0	0	0	0	0	0	0	0	0	0	0	0,0000	0,0000	228,9980
2021-11-17	23:56:00		60	0	0	0	0	0	0	0	0	0	0	0	0	0	0	0	0	0	0	0	0	0,0000	0,0000	228,9980
2021-11-17	23:57:00		60	0	0	0	0	0	0	0	0	0	0	0	0	0	0	0	0	0	0	0	0	0,0000	0,0000	228,9980
2021-11-17	23:58:00		60	0	0	0	0	0	0	0	0	0	0	0	0	0	0	0	0	0	0	0	0	0,0000	0,0000	228,9980
2021-11-17	23:59:00		60	0	0	0	0	0	0	0	0	0	0	0	0	0	0	0	0	0	0	0	0	0,0000	0,0000	228,9980
2021-11-18	00:00:00		60	0	0	0	0	0	0	0	0	0	0	0	0	0	0	0	0	0	0	0	0	0,0000	0,0000	228,9980
2021-11-18	00:01:00		60	0	0	0	0	0	0	0	0	0	0	0	0	0	0	0	0	0	0	0	0	0,0000	0,0000	228,9980
2021-11-18	00:02:00		60	0	0	0	0	0	0	0	0	0	0	0	0	0	0	0	0	0	0	0	0	0,0000	0,0000	228,9980
2021-11-18	00:03:00		60	0	0	0	0	0	0	0	0	0	0	0	0	0	0	0	0	0	0	0	0	0,0000	0,0000	228,9980
2021-11-18	00:04:00		60	0	0	0	0	0	0	0	0	0	0	0	0	0	0	0	0	0	0	0	0	0,0000	0,0000	228,9980
2021-11-18	00:05:00		60	0	0	0	1	1	3	0	0	0	0	0	0	0	0	0	0	0	0	0	0	0,0190	0,0003	228,9983
2021-11-18	00:06:00		60	0	3	7	63	44	76	31	5	0	0	0	0	0	0	0	0	0	0	0	0	0,9558	0,0159	229,0142
2021-11-18	00:07:00		60	3	9	30	76	135	137	64	9	0	0	0	0	0	0	0	0	0	0	0	0	1,9087	0,0318	229,0460
2021-11-18	00:08:00		60	1	5	10	118	137	65	4	0	0	0	0	0	0	0	0	0	0	0	0	0	0,9633	0,0161	229,0621
2021-11-18	00:09:00		60	4	10	36	97	60	26	3	0	0	0	0	0	0	0	0	0	0	0	0	0	0,5403	0,0090	229,0711
2021-11-18	00:10:00		60	1	21	47	76	25	5	0	0	0	0	0	0	0	0	0	0	0	0	0	0	0,2928	0,0049	229,0760
2021-11-18	00:11:00		60	10	70	72	41	3	0	0	0	0	0	0	0	0	0	0	0	0	0	0	0	0,2014	0,0034	229,0793
2021-11-18	00:12:00		60	27	110	55	5	0	0	0	0	0	0	0	0	0	0	0	0	0	0	0	0	0,1396	0,0023	229,0816
2021-11-18	00:13:00		60	61	60	5	0	0	0	0	0	0	0	0	0	0	0	0	0	0	0	0	0	0,0585	0,0010	229,0826
2021-11-18	00:14:00		60	25	7	0	0	0	0	0	0	0	0	0	0	0	0	0	0	0	0	0	0	0,0114	0,0002	229,0828
2021-11-18	00:15:00		60	5	0	0	0	0	0	0	0	0	0	0	0	0	0	0	0	0	0	0	0	0,0015	0,0000	229,0828
2021-11-18	00:16:00		60	0	0	0	0	0	0	0	0	0	0	0	0	0	0	0	0	0	0	0	0	0,0000	0,0000	229,0828
2021-11-18	00:17:00		60	0	0	0	0	0	0	0	0	0	0	0	0	0	0	0	0	0	0	0	0	0,0000	0,0000	229,0828
2021-11-18	00:18:00		60	0	0	0	0	0	0	0	0	0	0	0	0	0	0	0	0	0	0	0	0	0,0000	0,0000	229,0828
2021-11-18	00:19:00		60	0	0	0	0	0	0	0	0	0	0	0	0	0	0	0	0	0	0	0	0	0,0000	0,0000	229,0828
2021-11-18	00:20:00		60	0	0	0	0	0	0	0	0	0	0	0	0	0	0	0	0	0	0	0	0	0,0000	0,0000	229,0828
2021-11-18	00:21:00		60	0	0	0	0	0	0	0	0	0	0	0	0	0	0	0	0	0	0	0	0	0,0000	0,0000	229,0828
2021-11-18	00:22:00		60	0	0	0	0	0	0	0	0	0	0	0	0	0	0	0	0	0	0	0	0	0,0000	0,0000	229,0828
2021-11-18	00:23:00		60	0	0	0	0	0	0	0	0	0	0	0	0	0	0	0	0	0	0	0	0	0,0000	0,0000	229,0828
2021-11-18	00:24:00		60	0	0	0	0	0	0	0	0	0	0	0	0	0	0	0	0	0	0	0	0	0,0000	0,0000	229,0828
2021-11-18	00:25:00		60	0	0	0	0	0	0	0	0	0	0	0	0	0	0	0	0	0	0	0	0	0,0000	0,0000	229,0828
2021-11-18	00:26:00		60	0	0	0	0	0	0	0	0	0	0	0	0	0	0	0	0	0	0	0	0	0,0000	0,0000	229,0828
2021-11-18	00:27:00		60	0	0	0	0	0	0	0	0	0	0	0	0	0	0	0	0	0	0	0	0	0,0000	0,0000	229,0828
2021-11-18	00:28:00		60	0	0	0	0	0	0	0	0	0	0	0	0	0	0	0	0	0	0	0	0	0,0000	0,0000	229,0828
2021-11-18	00:29:00		60	0	0	0	0	0	0	0	0	0	0	0	0	0	0	0	0	0	0	0	0	0,0000	0,0000	229,0828
2021-11-18	00:30:00		60	0	0	0	0	0	0	0	0	0	0	0	0	0	0	0	0	0	0	0	0	0,0000	0,0000	229,0828
2021-11-18	00:31:00		60	0	0	0	0	0	0	0	0	0	0	0	0	0	0	0	0	0	0	0	0	0,0000	0,0000	229,0828
2021-11-18	00:32:00		60	0	0	0	0	0	0	0	0	0	0	0	0	0	0	0	0	0	0	0	0	0,0000	0,0000	229,0828
2021-11-18	00:33:00		60	0	0	0	0	0	0	0	0	0	0	0	0	0	0	0	0	0	0	0	0	0,0000	0,0000	229,0828
2021-11-18	00:34:00		60	0	0	0	0	0	0	0	0	0	0	0	0	0	0	0	0	0	0	0	0	0,0000	0,0000	229,0828
2021-11-18	00:35:00		60	0	0	0	0	0	0	0	0	0	0	0	0	0	0	0	0	0	0	0	0	0,0000	0,0000	229,0828
2021-11-18	00:36:00		60	0	0	0	0	0	0	0	0	0	0	0	0	0	0	0	0	0	0	0	0	0,0000	0,0000	229,0828
2021-11-18	00:37:00		60	0	0	0	0	0	0	0	0	0	0	0	0	0	0	0	0	0	0	0	0	0,0000	0,0000	229,0828
2021-11-18	00:38:00		60	0	0	0	0	0	0	0	0	0	0	0	0	0	0	0	0	0	0	0	0	0,0000	0,0000	229,0828
2021-11-18	00:39:00		60	0	0	0	0	0	0	0	0	0	0	0	0	0	0	0	0	0	0	0	0	0,0000	0,0000	229,0828
2021-11-18	00:40:00		60	0	0	0	0	0	0	0	0	0	0	0	0	0	0	0	0	0	0	0	0	0,0000	0,0000	229,0828
2021-11-18	00:41:00		60	0	0	0	0	0	0	0	0	0	0	0	0	0	0	0	0	0	0	0	0	0,0000	0,0000	229,0828
2021-11-18	00:42:00		60	0	0	0	0	0	0	0	0	0	0	0	0	0	0	0	0	0	0	0	0	0,0000	0,0000	229,0828
2021-11-18	00:43:00		60	0	0	0	0	0	0	0	0	0	0	0	0	0	0	0	0	0	0	0	0	0,0000	0,0000	229,0828
2021-11-18	00:44:00		60	0	0	0	0	0	0	0	0	0	0	0	0	0	0	0	0	0	0	0	0	0,0000	0,0000	229,0828
2021-11-18	00:45:00		60	0	0	0	0	0	0	0	0	0	0	0	0	0	0	0	0	0	0	0	0	0,0000	0,0000	229,0828
2021-11-18	00:46:00		60	0	0	0	0	0	0	0	0	0	0	0	0	0	0	0	0	0	0	0	0	0,0000	0,0000	229,0828
2021-11-18	00:47:00		60	0	0	0	0	0	0	0	0	0	0	0	0	0	0	0	0	0	0	0	0	0,0000	0,0000	229,0828
2021-11-18	00:48:00		60	0	0	0	0	0	0	0	0	0	0	0	0	0	0	0	0	0	0	0	0	0,0000	0,0000	229,0828
2021-11-18	00:49:00		60	0	0	0	0	0	0	0	0	0	0	0	0	0	0	0	0	0	0	0	0	0,0000	0,0000	229,0828
2021-11-18	00:50:00		60	0	0	0	0	0	0	0	0	0	0	0	0	0	0	0	0	0	0	0	0	0,0000	0,0000	229,0828
2021-11-18	00:51:00		60	0	0	0	0	0	0	0	0	0	0	0	0	0	0	0	0	0	0	0	0	0,0000	0,0000	229,0828
2021-11-18	00:52:00		60	0	0	0	0	0	0	0	0	0	0	0	0	0	0	0	0	0	0	0	0	0,0000	0,0000	229,0828
2021-11-18	00:53:00		60	0	0	0	0	0	0	0	0	0	0	0	0	0	0	0	0	0	0	0	0	0,0000	0,0000	229,0828
2021-11-18	00:54:00		60	0	0	0	0	0	0	0	0	0	0	0	0	0	0	0	0	0	0	0	0	0,0000	0,0000	229,0828
2021-11-18	00:55:00		60	2	1	12	4	2	0	0	0	0	0	0	0	0	0	0	0	0	0	0	0	0,0266	0,0004	229,0833
2021-11-18	00:56:00		60	16	76	136	115	39	16	1	0	0	0	0	0	0	0	0	0	0	0	0	0	0,5941	0,0099	229,0932
2021-11-18	00:57:00		60	20	76	91	95	123	121	73	6	1	1	0	0	0	0	0	0	0	0	0	0	2,0246	0,0337	229,1269
2021-11-18	00:58:00		60	29	79	99	153	164	259	303	105	24	13	8	0	0	0	0	0	0	0	0	0	7,5866	0,1264	229,2534
2021-11-18	00:59:00		60	34	85	110	136	86	155	204	182	92	73	45	2	0	0	0	0	0	0	0	0	12,0966	0,2016	229,4550
2021-11-18	01:00:00		60	13	44	57	90	68	162	257	206	162	132	99	24	2	1	0	0	0	0	0	0	20,2726	0,3379	229,7928
2021-11-18	01:01:00		60	5	10	34	65	60	124	237	247	148	155	248	75	11	3	0	0	0	0	0	0	32,2865	0,5381	230,3310
2021-11-18	01:02:00		60	9	20	26	35	52	117	218	217	186	134	251	172	40	4	5	0	0	0	0	0	43,2489	0,7208	231,0518
2021-11-18	01:03:00		60	3	14	29	38	51	104	223	212	157	168	298	83	45	5	2	0	0	0	0	0	39,2119	0,6535	231,7053
2021-11-18	01:04:00		60	0	4	8	31	34	73	155	157	153	162	287	232	49	21	5	0	1	0	0	0	51,4156	0,8569	232,5622
2021-11-18	01:05:00		60	0	4	5	20	27	80	143	219	179	157	315	252	80	24	11	0	2	0	0	0	60,7274	1,0121	233,5743
2021-11-18	01:06:00		60	2	5	17	42	44	85	172	180	140	160	200	101	33	8	1	0	0	0	0	0	33,5120	0,5585	234,1329
2021-11-18	01:07:00		60	5	12	10	19	50	64	120	126	113	96	196	111	40	19	3	0	0	0	0	0	33,0466	0,5508	234,6837
2021-11-18	01:08:00		60	0	2	9	22	50	94	156	114	104	147	338	179	45	17	5	0	0	0	0	0	46,4275	0,7738	235,4575
2021-11-18	01:09:00		60	2	15	15	22	34	73	180	129	129	142	265	194	84	40	14	3	5	0	0	0	57,2152	0,9536	236,4110
2021-11-18	01:10:00		60	20	50	52	52	33	111	158	27	15	9	11	22	5	3	4	3	1	1	0	0	8,7902	0,1465	236,5575
2021-11-18	01:11:00		60	13	40	32	42	31	81	49	29	16	11	15	64	34	19	19	5	3	0	0	0	20,3665	0,3394	236,8970
2021-11-18	01:12:00		60	30	65	40	46	66	151	178	71	16	9	15	20	8	8	6	3	1	2	0	0	11,9392	0,1990	237,0960
2021-11-18	01:13:00		60	23	20	26	48	48	85	220	142	42	33	70	78	11	3	1	0	0	0	0	0	17,1262	0,2854	237,3814
2021-11-18	01:14:00		60	2	3	15	28	28	104	190	177	99	62	153	160	54	23	13	0	0	0	0	0	39,0969	0,6516	238,0330
2021-11-18	01:15:00		60	2	27	25	38	48	114	261	167	118	63	53	29	16	16	18	2	2	1	0	0	23,9736	0,3996	238,4326
2021-11-18	01:16:00		60	12	29	22	39	39	97	202	122	61	34	43	41	18	13	3	4	1	1	0	0	17,9240	0,2987	238,7313
2021-11-18	01:17:00		60	0	4	11	24	39	72	167	135	69	94	146	115	51	31	16	7	1	0	0	0	38,6719	0,6445	239,3758
2021-11-18	01:18:00		60	0	2	6	17	21	75	171	116	89	98	116	156	62	47	34	13	5	2	0	0	52,0537	0,8676	240,2434
2021-11-18	01:19:00		60	1	4	6	22	25	71	183	131	69	66	140	116	52	30	28	14	3	1	0	0	43,3513	0,7225	240,9659
2021-11-18	01:20:00		60	14	35	41	37	39	99	193	112	75	33	24	30	11	7	5	1	1	0	0	0	13,7733	0,2296	241,1955
2021-11-18	01:21:00		60	11	56	54	29	29	96	171	124	38	19	8	26	13	8	11	2	1	0	0	0	13,4122	0,2235	241,4190
2021-11-18	01:22:00		60	38	38	34	28	19	79	201	137	58	16	12	35	17	3	4	4	0	0	0	0	13,3362	0,2223	241,6413
2021-11-18	01:23:00		60	15	39	26	30	37	90	173	100	35	18	29	56	31	16	6	5	0	0	0	0	18,6063	0,3101	241,9514
2021-11-18	01:24:00		60	22	55	32	26	32	89	169	90	25	12	21	39	26	11	9	2	3	0	0	0	16,0690	0,2678	242,2192
2021-11-18	01:25:00		60	35	60	34	40	31	95	182	76	17	9	20	27	14	16	8	2	0	0	0	0	12,9663	0,2161	242,4353
2021-11-18	01:26:00		60	55	48	34	37	42	97	193	44	13	9	42	18	4	6	2	0	0	0	0	0	8,4912	0,1415	242,5768
2021-11-18	01:27:00		60	50	56	18	46	28	93	199	87	39	36	28	28	10	9	2	1	1	0	0	0	12,3267	0,2054	242,7823
2021-11-18	01:28:00		60	28	31	22	35	49	84	204	155	80	86	65	62	31	10	4	0	0	0	0	0	21,9553	0,3659	243,1482
2021-11-18	01:29:00		60	15	31	20	43	47	79	170	104	100	98	112	51	29	14	5	2	0	0	0	0	24,0677	0,4011	243,5493
2021-11-18	01:30:00		60	10	17	25	31	42	82	169	120	82	97	138	59	19	6	7	0	0	0	0	0	23,1567	0,3859	243,9353
2021-11-18	01:31:00		60	23	35	21	56	40	80	177	98	77	65	88	80	16	9	0	1	0	0	0	0	20,1908	0,3365	244,2718
2021-11-18	01:32:00		60	27	15	29	36	31	54	170	110	69	60	67	26	5	1	0	0	0	0	0	0	12,3100	0,2052	244,4770
2021-11-18	01:33:00		60	16	23	27	43	35	57	173	97	41	29	12	3	0	0	0	0	0	0	0	0	5,9095	0,0985	244,5754
2021-11-18	01:34:00		60	14	29	28	36	33	84	141	65	26	8	2	0	0	0	0	0	0	0	0	0	3,6834	0,0614	244,6368
2021-11-18	01:35:00		60	13	30	35	29	6	15	41	10	3	1	0	0	0	0	0	0	0	0	0	0	0,7984	0,0133	244,6501
2021-11-18	01:36:00		60	18	69	70	27	4	0	0	0	0	0	0	0	0	0	0	0	0	0	0	0	0,1791	0,0030	244,6531
2021-11-18	01:37:00		60	23	54	66	54	8	3	0	0	0	0	0	0	0	0	0	0	0	0	0	0	0,2412	0,0040	244,6571
2021-11-18	01:38:00		60	25	58	24	36	6	6	0	0	0	0	0	0	0	0	0	0	0	0	0	0	0,1766	0,0029	244,6601
2021-11-18	01:39:00		60	35	80	39	76	20	26	5	0	0	0	0	0	0	0	0	0	0	0	0	0	0,4589	0,0076	244,6677
2021-11-18	01:40:00		60	18	77	84	53	11	20	2	0	0	0	0	0	0	0	0	0	0	0	0	0	0,3779	0,0063	244,6740
2021-11-18	01:41:00		60	35	86	56	33	8	4	4	0	0	0	0	0	0	0	0	0	0	0	0	0	0,2556	0,0043	244,6783
2021-11-18	01:42:00		60	22	68	60	41	17	38	17	1	0	0	0	0	0	0	0	0	0	0	0	0	0,5764	0,0096	244,6879
2021-11-18	01:43:00		60	30	53	55	19	26	84	67	14	1	1	0	0	0	0	0	0	0	0	0	0	1,4511	0,0242	244,7121
2021-11-18	01:44:00		60	19	77	44	40	44	117	157	17	5	2	2	0	0	0	0	0	0	0	0	0	2,7306	0,0455	244,7576
2021-11-18	01:45:00		60	19	65	47	71	51	144	153	31	5	1	1	0	0	0	0	0	0	0	0	0	3,0305	0,0505	244,8081
2021-11-18	01:46:00		60	10	53	46	52	36	174	157	39	7	2	1	0	0	0	0	0	0	0	0	0	3,3116	0,0552	244,8633
2021-11-18	01:47:00		60	14	36	34	45	40	150	170	40	9	0	0	0	0	0	0	0	0	0	0	0	3,2438	0,0541	244,9174
2021-11-18	01:48:00		60	25	37	28	52	34	147	156	51	14	0	0	0	0	0	0	0	0	0	0	0	3,3701	0,0562	244,9735
2021-11-18	01:49:00		60	29	42	36	42	40	157	167	43	9	5	6	4	1	0	0	0	0	0	0	0	4,1069	0,0684	245,0420
2021-11-18	01:50:00		60	29	38	25	43	34	140	144	55	29	22	13	3	0	0	0	0	0	0	0	0	5,0219	0,0837	245,1257
2021-11-18	01:51:00		60	27	41	40	51	41	146	122	70	39	16	8	1	0	0	0	0	0	0	0	0	4,8081	0,0801	245,2058
2021-11-18	01:52:00		60	14	35	37	64	61	148	120	82	32	12	4	0	0	0	0	0	0	0	0	0	4,5339	0,0756	245,2814
2021-11-18	01:53:00		60	19	25	44	58	60	142	137	77	32	7	1	0	0	0	0	0	0	0	0	0	4,2922	0,0715	245,3529
2021-11-18	01:54:00		60	7	49	51	58	57	126	133	38	18	3	0	0	0	0	0	0	0	0	0	0	3,1520	0,0525	245,4054
2021-11-18	01:55:00		60	10	48	59	63	52	133	103	38	8	1	0	0	0	0	0	0	0	0	0	0	2,6540	0,0442	245,4497
2021-11-18	01:56:00		60	10	50	46	66	58	151	150	57	8	7	0	0	0	0	0	0	0	0	0	0	3,6161	0,0603	245,5099
2021-11-18	01:57:00		60	21	42	41	61	49	132	115	40	15	8	4	0	0	0	0	0	0	0	0	0	3,2811	0,0547	245,5646
2021-11-18	01:58:00		60	22	48	45	55	37	143	111	40	37	39	33	3	0	0	0	0	0	0	0	0	6,1237	0,1021	245,6667
2021-11-18	01:59:00		60	23	66	66	73	41	147	178	48	18	8	7	2	0	0	0	0	0	0	0	0	4,4018	0,0734	245,7401
2021-11-18	02:00:00		60	28	47	54	39	45	144	235	52	15	10	2	0	0	0	0	0	0	0	0	0	4,5025	0,0750	245,8151
2021-11-18	02:01:00		60	45	32	44	50	40	154	218	133	64	31	32	9	3	0	0	0	0	0	0	0	9,5479	0,1591	245,9742
2021-11-18	02:02:00		60	28	29	34	29	29	79	137	152	92	89	156	77	17	4	2	0	1	0	0	0	24,2309	0,4038	246,3781
2021-11-18	02:03:00		60	94	63	60	48	35	75	58	17	20	15	18	19	5	4	0	0	0	0	0	0	5,5972	0,0933	246,4714
2021-11-18	02:04:00		60	75	63	52	37	43	66	87	35	9	2	18	20	18	2	3	1	0	0	0	0	7,5317	0,1255	246,5969
2021-11-18	02:05:00		60	47	51	30	33	37	79	144	75	27	14	17	9	4	2	3	0	0	0	0	0	6,7178	0,1120	246,7089
2021-11-18	02:06:00		60	33	24	30	25	23	66	170	126	77	87	41	16	4	0	0	0	0	0	0	0	11,4017	0,1900	246,8989
2021-11-18	02:07:00		60	23	31	18	19	19	78	198	80	27	41	60	11	0	1	0	0	0	0	0	0	8,7685	0,1461	247,0450
2021-11-18	02:08:00		60	30	27	15	23	15	93	111	24	9	8	13	3	0	0	0	0	0	0	0	0	3,1075	0,0518	247,0968
2021-11-18	02:09:00		60	12	28	15	20	33	167	122	40	10	7	3	0	0	0	0	0	0	0	0	0	3,1723	0,0529	247,1497
2021-11-18	02:10:00		60	21	20	20	24	69	115	76	30	18	7	2	0	0	0	0	0	0	0	0	0	2,6155	0,0436	247,1933
2021-11-18	02:11:00		60	28	19	10	19	50	88	32	19	10	7	6	2	0	0	0	0	0	0	0	0	2,0153	0,0336	247,2269
2021-11-18	02:12:00		60	20	23	21	17	32	67	65	34	10	5	7	0	0	0	0	0	0	0	0	0	2,2226	0,0370	247,2639
2021-11-18	02:13:00		60	28	25	15	31	56	59	58	23	7	9	4	0	0	0	0	0	0	0	0	0	1,9713	0,0329	247,2968
2021-11-18	02:14:00		60	18	25	26	13	42	97	72	34	10	10	6	0	0	0	0	0	0	0	0	0	2,5558	0,0426	247,3394
2021-11-18	02:15:00		60	38	18	16	27	28	83	124	68	38	28	25	18	4	1	0	0	0	0	0	0	7,2656	0,1211	247,4605
2021-11-18	02:16:00		60	52	28	24	26	36	93	124	110	76	56	66	42	9	3	0	0	0	0	0	0	13,9807	0,2330	247,6935
2021-11-18	02:17:00		60	38	31	33	29	42	104	118	137	117	61	85	38	13	4	0	0	0	0	0	0	16,5623	0,2760	247,9695
2021-11-18	02:18:00		60	23	32	29	32	49	88	131	108	62	61	95	76	32	10	5	0	0	0	0	0	22,1759	0,3696	248,3391
2021-11-18	02:19:00		60	9	13	23	40	36	63	144	164	100	89	191	109	31	15	8	0	0	0	0	0	32,4387	0,5406	248,8798
2021-11-18	02:20:00		60	8	26	27	38	42	56	151	121	90	84	152	32	8	1	0	0	0	0	0	0	17,9902	0,2998	249,1796
2021-11-18	02:21:00		60	19	30	26	36	31	75	117	124	81	58	66	9	3	1	0	0	0	0	0	0	10,8658	0,1811	249,3607
2021-11-18	02:22:00		60	41	30	25	29	38	92	167	124	74	51	71	29	5	2	1	0	0	0	0	0	13,2825	0,2214	249,5821
2021-11-18	02:23:00		60	40	36	24	33	37	88	104	61	37	40	62	21	2	2	0	0	0	0	0	0	9,1677	0,1528	249,7349
2021-11-18	02:24:00		60	29	22	12	30	52	93	101	83	61	57	47	11	3	0	0	0	0	0	0	0	8,9418	0,1490	249,8839
2021-11-18	02:25:00		60	24	26	26	26	27	83	131	152	74	66	75	18	2	0	0	0	0	0	0	0	12,2831	0,2047	250,0886
2021-11-18	02:26:00		60	18	34	34	33	36	65	127	122	57	47	25	2	0	0	0	0	0	0	0	0	7,2799	0,1213	250,2099
2021-11-18	02:27:00		60	12	30	23	34	42	100	151	87	57	35	21	4	0	0	0	0	0	0	0	0	6,7629	0,1127	250,3227
2021-11-18	02:28:00		60	11	25	19	35	55	72	108	107	55	38	20	1	0	0	0	0	0	0	0	0	6,3644	0,1061	250,4287
2021-11-18	02:29:00		60	14	20	26	29	37	85	161	93	41	16	6	0	0	0	0	0	0	0	0	0	4,9990	0,0833	250,5120
2021-11-18	02:30:00		60	11	23	17	35	34	128	135	48	24	9	3	0	0	0	0	0	0	0	0	0	3,6047	0,0601	250,5721
2021-11-18	02:31:00		60	4	22	26	22	47	122	122	35	14	5	0	0	0	0	0	0	0	0	0	0	2,8287	0,0471	250,6193
2021-11-18	02:32:00		60	5	30	14	24	68	133	127	33	17	15	4	0	0	0	0	0	0	0	0	0	3,4819	0,0580	250,6773
2021-11-18	02:33:00		60	17	21	13	23	69	147	114	33	9	5	1	2	0	0	0	0	0	0	0	0	2,9849	0,0497	250,7270
2021-11-18	02:34:00		60	15	19	11	33	46	111	109	51	10	2	1	0	0	0	0	0	0	0	0	0	2,7730	0,0462	250,7733
2021-11-18	02:35:00		60	15	24	21	27	42	120	210	89	33	12	9	0	0	0	0	0	0	0	0	0	5,3873	0,0898	250,8631
2021-11-18	02:36:00		60	13	21	16	18	62	137	214	139	62	20	18	1	4	2	0	0	0	0	0	0	8,3308	0,1388	251,0019
2021-11-18	02:37:00		60	20	19	17	29	44	106	202	148	65	47	53	15	0	0	0	0	0	0	0	0	10,8489	0,1808	251,1827
2021-11-18	02:38:00		60	22	13	19	40	34	108	166	148	62	53	47	14	1	0	0	0	0	0	0	0	10,4160	0,1736	251,3563
2021-11-18	02:39:00		60	14	19	27	37	39	73	142	169	126	106	94	33	4	3	1	0	0	0	0	0	17,6957	0,2949	251,6512
2021-11-18	02:40:00		60	25	28	44	50	49	83	114	118	104	92	49	8	0	0	0	0	0	0	0	0	11,0721	0,1845	251,8358
2021-11-18	02:41:00		60	31	36	36	31	33	58	119	146	74	47	19	8	1	1	0	0	0	0	0	0	8,3197	0,1387	251,9744
2021-11-18	02:42:00		60	47	30	26	33	30	63	197	203	60	34	21	14	6	6	2	1	0	0	0	0	11,6743	0,1946	252,1690
2021-11-18	02:43:00		60	52	35	31	25	24	82	141	161	32	20	36	27	3	6	1	0	0	0	0	0	10,4151	0,1736	252,3426
2021-11-18	02:44:00		60	37	32	17	23	29	55	121	112	64	56	51	36	4	2	2	0	0	0	0	0	12,1373	0,2023	252,5449
2021-11-18	02:45:00		60	32	35	23	30	33	51	109	103	79	64	60	29	16	5	7	1	0	0	0	0	15,4060	0,2568	252,8017
2021-11-18	02:46:00		60	32	18	15	28	26	62	98	104	76	70	76	21	13	3	1	0	0	0	0	0	13,4333	0,2239	253,0255
2021-11-18	02:47:00		60	42	28	19	38	27	68	106	116	67	41	32	22	15	6	1	1	0	0	0	0	11,7908	0,1965	253,2221
2021-11-18	02:48:00		60	63	42	22	32	34	56	118	67	23	17	31	11	12	6	0	0	0	0	0	0	7,8479	0,1308	253,3529
2021-11-18	02:49:00		60	69	52	18	24	23	42	37	20	16	18	20	30	16	6	3	1	1	0	0	0	8,8138	0,1469	253,4998
2021-11-18	02:50:00		60	74	35	10	20	16	34	46	33	17	22	38	38	17	7	0	0	0	0	0	0	9,4932	0,1582	253,6580
2021-11-18	02:51:00		60	45	23	20	16	16	30	55	46	36	51	46	28	3	2	0	0	0	0	0	0	8,3494	0,1392	253,7971
2021-11-18	02:52:00		60	56	33	14	20	15	26	75	46	24	43	54	54	17	1	4	1	0	0	0	0	12,7280	0,2121	254,0093
2021-11-18	02:53:00		60	65	38	15	18	19	18	65	48	28	44	36	28	14	3	1	1	0	0	0	0	9,4428	0,1574	254,1666
2021-11-18	02:54:00		60	30	16	12	19	18	36	90	59	32	27	21	12	2	2	1	0	0	0	0	0	5,9289	0,0988	254,2655
2021-11-18	02:55:00		60	42	15	5	16	13	22	67	58	38	32	30	13	4	0	0	0	0	0	0	0	6,0781	0,1013	254,3668
2021-11-18	02:56:00		60	41	24	17	16	17	30	68	99	87	61	69	19	6	2	0	0	0	0	0	0	11,3153	0,1886	254,5553
2021-11-18	02:57:00		60	48	26	8	16	7	21	109	92	25	14	25	15	10	1	0	0	0	0	0	0	6,8611	0,1144	254,6697
2021-11-18	02:58:00		60	33	5	10	12	16	59	146	46	18	12	25	9	0	0	0	0	0	0	0	0	4,8133	0,0802	254,7499
2021-11-18	02:59:00		60	18	12	10	12	11	86	201	90	36	37	21	8	1	0	0	0	0	0	0	0	7,0316	0,1172	254,8671
2021-11-18	03:00:00		60	7	7	6	6	18	127	203	61	22	14	14	0	0	0	0	0	0	0	0	0	4,8519	0,0809	254,9480
2021-11-18	03:01:00		60	5	8	4	2	13	51	151	42	5	5	3	0	0	0	0	0	0	0	0	0	2,6203	0,0437	254,9917
2021-11-18	03:02:00		60	1	2	2	5	14	48	71	7	0	1	0	0	0	0	0	0	0	0	0	0	1,0351	0,0173	255,0089
2021-11-18	03:03:00		60	2	3	2	8	16	33	5	0	1	0	0	0	0	0	0	0	0	0	0	0	0,2877	0,0048	255,0137
2021-11-18	03:04:00		60	2	4	5	28	13	31	47	9	2	0	0	0	0	0	0	0	0	0	0	0	0,8303	0,0138	255,0275
2021-11-18	03:05:00		60	6	15	8	18	23	69	72	2	0	0	0	0	0	0	0	0	0	0	0	0	1,1056	0,0184	255,0460
2021-11-18	03:06:00		60	9	9	12	19	33	240	76	1	0	0	0	0	0	0	0	0	0	0	0	0	1,9755	0,0329	255,0789
2021-11-18	03:07:00		60	6	5	6	24	42	152	24	0	0	0	0	0	0	0	0	0	0	0	0	0	1,1110	0,0185	255,0974
2021-11-18	03:08:00		60	6	7	11	30	55	111	27	1	0	0	0	0	0	0	0	0	0	0	0	0	1,0104	0,0168	255,1142
2021-11-18	03:09:00		60	4	11	8	20	15	41	17	0	1	0	0	0	0	0	0	0	0	0	0	0	0,4607	0,0077	255,1219
2021-11-18	03:10:00		60	8	12	21	27	14	5	0	0	0	0	0	0	0	0	0	0	0	0	0	0	0,1436	0,0024	255,1243
2021-11-18	03:11:00		60	8	10	18	23	12	9	1	0	0	0	0	0	0	0	0	0	0	0	0	0	0,1543	0,0026	255,1269
2021-11-18	03:12:00		60	13	7	20	10	8	4	2	0	0	0	0	0	0	0	0	0	0	0	0	0	0,1063	0,0018	255,1287
2021-11-18	03:13:00		60	12	12	10	16	3	11	0	0	0	0	0	0	0	0	0	0	0	0	0	0	0,1107	0,0018	255,1305
2021-11-18	03:14:00		60	9	15	5	9	4	7	1	0	0	0	1	0	0	0	0	0	0	0	0	0	0,1304	0,0022	255,1327
2021-11-18	03:15:00		60	14	15	7	8	11	8	2	0	0	0	0	0	0	0	0	0	0	0	0	0	0,1219	0,0020	255,1347
2021-11-18	03:16:00		60	9	10	5	0	13	3	1	0	0	0	0	0	0	0	0	0	0	0	0	0	0,0743	0,0012	255,1359
2021-11-18	03:17:00		60	9	8	2	3	4	0	0	0	0	0	0	0	0	0	0	0	0	0	0	0	0,0263	0,0004	255,1364
2021-11-18	03:18:00		60	13	9	4	8	9	1	1	0	0	0	0	0	0	0	0	0	0	0	0	0	0,0669	0,0011	255,1375
2021-11-18	03:19:00		60	8	18	3	11	6	1	0	0	0	0	0	0	0	0	0	0	0	0	0	0	0,0577	0,0010	255,1385
2021-11-18	03:20:00		60	7	10	5	4	2	0	0	0	0	0	0	0	0	0	0	0	0	0	0	0	0,0261	0,0004	255,1389
2021-11-18	03:21:00		60	18	6	2	3	3	0	0	0	0	0	0	0	0	0	0	0	0	0	0	0	0,0248	0,0004	255,1393
2021-11-18	03:22:00		60	15	18	4	4	2	0	0	0	0	0	0	0	0	0	0	0	0	0	0	0	0,0321	0,0005	255,1398
2021-11-18	03:23:00		60	20	22	7	5	2	0	0	0	0	0	0	0	0	0	0	0	0	0	0	0	0,0408	0,0007	255,1405
2021-11-18	03:24:00		60	15	18	13	5	2	0	0	0	0	0	0	0	0	0	0	0	0	0	0	0	0,0433	0,0007	255,1412
2021-11-18	03:25:00		60	18	25	5	3	0	0	0	0	0	0	0	0	0	0	0	0	0	0	0	0	0,0306	0,0005	255,1418
2021-11-18	03:26:00		60	19	15	7	4	0	0	0	0	0	0	0	0	0	0	0	0	0	0	0	0	0,0289	0,0005	255,1422
2021-11-18	03:27:00		60	22	18	17	1	0	0	0	0	0	0	0	0	0	0	0	0	0	0	0	0	0,0367	0,0006	255,1428
2021-11-18	03:28:00		60	23	17	21	4	3	1	0	0	0	0	0	0	0	0	0	0	0	0	0	0	0,0593	0,0010	255,1438
2021-11-18	03:29:00		60	21	25	35	15	40	18	18	0	0	0	0	0	0	0	0	0	0	0	0	0	0,4428	0,0074	255,1512
2021-11-18	03:30:00		60	15	37	19	58	81	71	44	0	0	0	0	0	0	0	0	0	0	0	0	0	1,1061	0,0184	255,1697
2021-11-18	03:31:00		60	22	68	19	43	53	94	82	2	0	0	0	0	0	0	0	0	0	0	0	0	1,4907	0,0248	255,1945
2021-11-18	03:32:00		60	13	60	23	65	40	91	89	4	0	0	0	0	0	0	0	0	0	0	0	0	1,5656	0,0261	255,2206
2021-11-18	03:33:00		60	16	73	62	93	45	101	210	19	4	0	0	0	0	0	0	0	0	0	0	0	3,0918	0,0515	255,2721
2021-11-18	03:34:00		60	13	69	95	86	52	51	85	15	2	0	0	0	0	0	0	0	0	0	0	0	1,6981	0,0283	255,3004
2021-11-18	03:35:00		60	28	84	124	108	14	12	0	0	0	0	0	0	0	0	0	0	0	0	0	0	0,4775	0,0080	255,3084
2021-11-18	03:36:00		60	17	67	98	145	48	42	134	38	25	15	6	3	3	5	0	1	0	1	0	0	5,7934	0,0966	255,4049
2021-11-18	03:37:00		60	16	23	44	51	35	56	132	95	72	72	108	92	37	22	15	6	3	1	0	0	31,8091	0,5302	255,9351
2021-11-18	03:38:00		60	33	32	39	61	55	119	150	118	75	73	90	90	23	4	2	0	0	0	0	0	21,6594	0,3610	256,2961
2021-11-18	03:39:00		60	32	77	88	110	87	96	84	19	5	4	13	0	0	0	0	0	0	0	0	0	2,8614	0,0477	256,3438
2021-11-18	03:40:00		60	63	135	118	86	45	45	28	2	2	2	13	6	0	7	2	3	4	1	0	0	6,4153	0,1069	256,4507
2021-11-18	03:41:00		60	125	111	60	69	61	83	45	5	2	1	9	33	8	1	0	0	0	0	0	0	5,2002	0,0867	256,5374
2021-11-18	03:42:00		60	90	29	15	37	32	60	32	3	1	4	37	50	2	1	0	0	0	0	0	0	6,5769	0,1096	256,6470
2021-11-18	03:43:00		60	10	21	25	27	16	102	167	14	2	0	0	0	0	0	0	0	0	0	0	0	2,3321	0,0389	256,6858
2021-11-18	03:44:00		60	9	20	31	62	46	127	182	44	11	1	0	0	0	0	0	0	0	0	0	0	3,4032	0,0567	256,7426
2021-11-18	03:45:00		60	8	17	34	81	76	186	193	48	5	1	1	0	0	0	0	0	0	0	0	0	3,8769	0,0646	256,8072
2021-11-18	03:46:00		60	10	24	24	62	92	158	129	21	13	0	1	0	0	0	0	0	0	0	0	0	2,9334	0,0489	256,8561
2021-11-18	03:47:00		60	13	24	29	63	62	93	149	34	7	0	0	0	0	0	0	0	0	0	0	0	2,7387	0,0456	256,9017
2021-11-18	03:48:00		60	12	25	39	51	82	119	138	20	4	0	0	0	0	0	0	0	0	0	0	0	2,5422	0,0424	256,9441
2021-11-18	03:49:00		60	5	45	49	63	48	189	285	29	2	0	0	0	0	0	0	0	0	0	0	0	4,1948	0,0699	257,0140
2021-11-18	03:50:00		60	11	67	69	62	63	145	242	28	2	0	0	0	0	0	0	0	0	0	0	0	3,6713	0,0612	257,0752
2021-11-18	03:51:00		60	11	80	76	67	41	98	67	3	0	0	0	0	0	0	0	0	0	0	0	0	1,4655	0,0244	257,0996
2021-11-18	03:52:00		60	26	79	84	81	10	56	20	0	0	0	0	0	0	0	0	0	0	0	0	0	0,7575	0,0126	257,1122
2021-11-18	03:53:00		60	14	77	28	17	1	4	3	0	0	0	0	0	0	0	0	0	0	0	0	0	0,1574	0,0026	257,1149
2021-11-18	03:54:00		60	19	93	69	23	2	0	0	0	0	0	0	0	0	0	0	0	0	0	0	0	0,1796	0,0030	257,1179
2021-11-18	03:55:00		60	20	70	91	61	11	5	0	0	0	0	0	0	0	0	0	0	0	0	0	0	0,3067	0,0051	257,1230
2021-11-18	03:56:00		60	16	55	48	14	5	2	1	0	0	0	0	0	0	0	0	0	0	0	0	0	0,1452	0,0024	257,1254
2021-11-18	03:57:00		60	6	20	10	11	8	0	0	0	0	0	0	0	0	0	0	0	0	0	0	0	0,0666	0,0011	257,1265
2021-11-18	03:58:00		60	0	3	10	4	2	0	2	0	0	0	0	0	0	0	0	0	0	0	0	0	0,0426	0,0007	257,1272
2021-11-18	03:59:00		60	0	7	14	4	0	0	0	0	0	0	0	0	0	0	0	0	0	0	0	0	0,0260	0,0004	257,1276
2021-11-18	04:00:00		60	2	23	23	2	0	0	0	0	0	0	0	0	0	0	0	0	0	0	0	0	0,0419	0,0007	257,1283
2021-11-18	04:01:00		60	14	94	102	23	1	0	0	0	0	0	0	0	0	0	0	0	0	0	0	0	0,2106	0,0035	257,1318
2021-11-18	04:02:00		60	15	64	69	19	2	0	0	0	0	0	0	0	0	0	0	0	0	0	0	0	0,1542	0,0026	257,1344
2021-11-18	04:03:00		60	53	56	28	8	0	0	1	0	0	0	0	0	0	0	0	0	0	0	0	0	0,1009	0,0017	257,1361
2021-11-18	04:04:00		60	21	11	2	0	0	2	0	0	0	0	0	0	0	0	0	0	0	0	0	0	0,0243	0,0004	257,1365
2021-11-18	04:05:00		60	5	5	0	0	1	1	0	0	0	0	0	0	0	0	0	0	0	0	0	0	0,0121	0,0002	257,1367
2021-11-18	04:06:00		60	0	0	0	0	0	0	0	0	0	0	0	0	0	0	0	0	0	0	0	0	0,0000	0,0000	257,1367
2021-11-18	04:07:00		60	0	0	0	0	0	0	0	0	0	0	0	0	0	0	0	0	0	0	0	0	0,0000	0,0000	257,1367
2021-11-18	04:08:00		60	1	1	0	2	0	0	0	0	0	0	0	0	0	0	0	0	0	0	0	0	0,0044	0,0001	257,1368
2021-11-18	04:09:00		60	0	0	0	1	0	0	0	0	0	0	0	0	0	0	0	0	0	0	0	0	0,0018	0,0000	257,1368
2021-11-18	04:10:00		60	3	0	0	1	1	0	0	0	0	0	0	0	0	0	0	0	0	0	0	0	0,0055	0,0001	257,1369
2021-11-18	04:11:00		60	0	0	0	0	0	0	0	0	0	0	0	0	0	0	0	0	0	0	0	0	0,0000	0,0000	257,1369
2021-11-18	04:12:00		60	0	0	1	2	0	0	0	0	0	0	0	0	0	0	0	0	0	0	0	0	0,0046	0,0001	257,1370
2021-11-18	04:13:00		60	0	0	0	1	0	0	0	0	0	0	0	0	0	0	0	0	0	0	0	0	0,0018	0,0000	257,1370
2021-11-18	04:14:00		60	0	0	1	2	0	0	0	0	0	0	0	0	0	0	0	0	0	0	0	0	0,0046	0,0001	257,1371
2021-11-18	04:15:00		60	0	0	0	0	0	0	0	0	0	0	0	0	0	0	0	0	0	0	0	0	0,0000	0,0000	257,1371
2021-11-18	04:16:00		60	0	0	2	0	0	0	0	0	0	0	0	0	0	0	0	0	0	0	0	0	0,0021	0,0000	257,1371
2021-11-18	04:17:00		60	0	0	0	0	0	0	0	0	0	0	0	0	0	0	0	0	0	0	0	0	0,0000	0,0000	257,1371
2021-11-18	04:18:00		60	0	0	0	0	0	0	0	0	0	0	0	0	0	0	0	0	0	0	0	0	0,0000	0,0000	257,1371
2021-11-18	04:19:00		60	0	0	2	0	0	0	0	0	0	0	0	0	0	0	0	0	0	0	0	0	0,0021	0,0000	257,1372
2021-11-18	04:20:00		60	0	1	2	0	0	2	1	0	0	0	0	0	0	0	0	0	0	0	0	0	0,0210	0,0003	257,1375
2021-11-18	04:21:00		60	1	1	1	1	1	1	2	0	0	0	0	0	0	0	0	0	0	0	0	0	0,0288	0,0005	257,1380
2021-11-18	04:22:00		60	0	2	0	1	3	7	4	0	0	0	0	0	0	0	0	0	0	0	0	0	0,0800	0,0013	257,1393
2021-11-18	04:23:00		60	2	1	1	1	4	3	2	0	0	1	0	0	0	0	0	0	0	0	0	0	0,0763	0,0013	257,1406
2021-11-18	04:24:00		60	2	0	2	1	6	3	10	1	0	0	0	0	0	0	0	0	0	0	0	0	0,1382	0,0023	257,1429
2021-11-18	04:25:00		60	3	3	7	6	6	8	7	1	1	0	0	0	0	0	0	0	0	0	0	0	0,1736	0,0029	257,1458
2021-11-18	04:26:00		60	1	1	5	13	9	13	13	4	1	3	0	0	0	0	0	0	0	0	0	0	0,3985	0,0066	257,1524
2021-11-18	04:27:00		60	6	4	9	7	9	17	16	10	6	3	1	0	0	0	0	0	0	0	0	0	0,6808	0,0113	257,1638
2021-11-18	04:28:00		60	1	7	9	10	13	6	12	8	3	0	0	0	0	0	0	0	0	0	0	0	0,3855	0,0064	257,1702
2021-11-18	04:29:00		60	3	6	6	12	15	23	10	10	2	0	0	0	0	0	0	0	0	0	0	0	0,4636	0,0077	257,1779
2021-11-18	04:30:00		60	4	5	2	16	9	20	18	11	4	2	0	0	0	0	0	0	0	0	0	0	0,6202	0,0103	257,1883
2021-11-18	04:31:00		60	4	5	3	14	14	20	18	10	10	3	1	0	0	0	0	0	0	0	0	0	0,8189	0,0136	257,2019
2021-11-18	04:32:00		60	6	8	5	13	15	22	18	15	8	3	3	1	0	0	0	0	0	0	0	0	1,0255	0,0171	257,2190
2021-11-18	04:33:00		60	29	3	6	14	14	22	28	19	5	7	6	1	0	0	0	0	0	0	0	0	1,3591	0,0227	257,2417
2021-11-18	04:34:00		60	17	9	5	13	16	13	37	22	11	9	9	0	1	0	0	0	0	0	0	0	1,7966	0,0299	257,2716
2021-11-18	04:35:00		60	9	5	11	6	15	23	29	26	4	6	1	0	0	0	0	0	0	0	0	0	1,1232	0,0187	257,2903
2021-11-18	04:36:00		60	8	5	13	7	12	27	36	12	7	7	3	0	0	0	0	0	0	0	0	0	1,1722	0,0195	257,3099
2021-11-18	04:37:00		60	11	5	5	24	26	35	29	18	6	2	2	1	0	0	0	0	0	0	0	0	1,1632	0,0194	257,3292
2021-11-18	04:38:00		60	6	1	7	11	18	24	23	18	3	7	2	1	0	0	0	0	0	0	0	0	1,0910	0,0182	257,3474
2021-11-18	04:39:00		60	7	4	1	12	5	14	24	16	2	4	3	1	0	0	0	0	0	0	0	0	0,9178	0,0153	257,3627
2021-11-18	04:40:00		60	0	0	4	3	7	11	10	3	5	3	1	0	0	0	0	0	0	0	0	0	0,4523	0,0075	257,3703
2021-11-18	04:41:00		60	2	0	0	2	3	6	8	4	1	1	2	0	0	0	0	0	0	0	0	0	0,3089	0,0051	257,3754
2021-11-18	04:42:00		60	0	1	1	1	0	7	8	7	2	2	0	0	0	0	0	0	0	0	0	0	0,3114	0,0052	257,3806
2021-11-18	04:43:00		60	0	2	1	2	5	9	14	6	3	0	1	0	0	0	0	0	0	0	0	0	0,3827	0,0064	257,3870
2021-11-18	04:44:00		60	0	1	1	1	2	5	20	5	0	0	0	0	0	0	0	0	0	0	0	0	0,2818	0,0047	257,3917
2021-11-18	04:45:00		60	0	0	0	1	0	2	3	4	1	1	1	0	0	0	0	0	0	0	0	0	0,1912	0,0032	257,3949
2021-11-18	04:46:00		60	1	1	2	1	1	0	0	0	1	0	0	0	0	0	0	0	0	0	0	0	0,0291	0,0005	257,3953
2021-11-18	04:47:00		60	2	2	2	0	2	1	1	0	0	0	0	0	0	0	0	0	0	0	0	0	0,0231	0,0004	257,3957
2021-11-18	04:48:00		60	2	2	1	1	0	1	0	0	0	0	0	0	0	0	0	0	0	0	0	0	0,0094	0,0002	257,3959
2021-11-18	04:49:00		60	4	2	3	2	0	1	2	1	0	0	0	0	0	0	0	0	0	0	0	0	0,0461	0,0008	257,3967
2021-11-18	04:50:00		60	3	2	1	4	3	2	0	0	0	0	0	0	0	0	0	0	0	0	0	0	0,0284	0,0005	257,3971
2021-11-18	04:51:00		60	6	6	5	4	6	4	2	1	0	0	0	0	0	0	0	0	0	0	0	0	0,0863	0,0014	257,3986
2021-11-18	04:52:00		60	4	1	9	7	12	3	3	0	0	0	0	0	0	0	0	0	0	0	0	0	0,0987	0,0016	257,4002
2021-11-18	04:53:00		60	5	7	15	13	8	9	3	0	0	1	0	0	0	0	0	0	0	0	0	0	0,1657	0,0028	257,4030
2021-11-18	04:54:00		60	3	16	14	11	9	7	5	3	0	0	0	0	0	0	0	0	0	0	0	0	0,1921	0,0032	257,4062
2021-11-18	04:55:00		60	5	29	15	25	9	14	8	4	2	0	0	0	0	0	0	0	0	0	0	0	0,3436	0,0057	257,4119
2021-11-18	04:56:00		60	13	28	16	27	12	13	5	3	2	1	0	0	0	0	0	0	0	0	0	0	0,3418	0,0057	257,4176
2021-11-18	04:57:00		60	11	17	28	21	8	10	8	0	1	0	0	0	0	0	0	0	0	0	0	0	0,2421	0,0040	257,4216
2021-11-18	04:58:00		60	12	25	23	8	6	13	8	1	1	2	0	0	0	0	0	0	0	0	0	0	0,3002	0,0050	257,4266
2021-11-18	04:59:00		60	9	27	11	4	12	13	6	2	0	0	0	0	0	0	0	0	0	0	0	0	0,2160	0,0036	257,4302
2021-11-18	05:00:00		60	19	25	8	18	12	12	12	5	1	0	0	0	0	0	0	0	0	0	0	0	0,3529	0,0059	257,4361
2021-11-18	05:01:00		60	9	27	6	12	7	8	10	1	0	0	2	0	0	0	0	0	0	0	0	0	0,2946	0,0049	257,4410
2021-11-18	05:02:00		60	17	16	2	14	8	7	6	4	1	0	0	3	0	0	0	0	0	0	0	0	0,4483	0,0075	257,4485
2021-11-18	05:03:00		60	25	13	5	14	7	4	11	4	1	0	5	1	2	0	0	0	0	0	0	0	0,7700	0,0128	257,4613
2021-11-18	05:04:00		60	11	9	5	12	7	7	8	3	0	0	2	2	0	0	0	0	0	0	0	0	0,4357	0,0073	257,4686
2021-11-18	05:05:00		60	10	7	7	11	8	7	8	1	5	1	2	0	0	0	0	0	0	0	0	0	0,3993	0,0067	257,4753
2021-11-18	05:06:00		60	12	6	10	5	2	9	7	2	2	2	2	1	1	1	0	0	0	0	0	0	0,6840	0,0114	257,4867
2021-11-18	05:07:00		60	16	5	16	4	7	7	4	6	3	1	1	2	0	0	0	0	0	0	0	0	0,4911	0,0082	257,4948
2021-11-18	05:08:00		60	27	11	7	15	7	9	10	8	9	6	5	0	1	0	0	0	0	0	0	0	1,0125	0,0169	257,5117
2021-11-18	05:09:00		60	42	16	9	7	9	11	18	11	4	2	4	0	2	1	0	0	0	0	0	0	1,1270	0,0188	257,5305
2021-11-18	05:10:00		60	15	20	11	9	12	10	13	8	8	5	3	3	2	0	0	0	0	0	0	0	1,2407	0,0207	257,5512
2021-11-18	05:11:00		60	29	16	16	13	8	11	5	1	5	3	1	1	1	0	0	0	0	0	0	0	0,6110	0,0102	257,5614
2021-11-18	05:12:00		60	30	26	12	6	6	7	6	5	2	1	8	2	2	0	0	0	0	0	0	0	1,0095	0,0168	257,5782
2021-11-18	05:13:00		60	34	16	3	4	3	12	8	4	0	2	5	0	0	1	0	0	0	0	0	0	0,6507	0,0108	257,5890
2021-11-18	05:14:00		60	44	12	4	10	5	5	12	8	1	3	5	2	1	1	0	0	0	0	0	0	1,0332	0,0172	257,6062
2021-11-18	05:15:00		60	17	7	6	5	9	10	7	4	2	1	5	1	1	0	0	0	0	0	0	0	0,6907	0,0115	257,6178
2021-11-18	05:16:00		60	9	16	6	7	6	17	11	3	1	1	4	0	0	0	0	0	0	0	0	0	0,4960	0,0083	257,6260
2021-11-18	05:17:00		60	15	12	13	13	8	11	7	4	2	2	1	1	0	0	0	0	0	0	0	0	0,4615	0,0077	257,6337
2021-11-18	05:18:00		60	22	17	9	13	9	8	4	3	2	2	2	1	0	1	0	0	0	0	0	0	0,6021	0,0100	257,6438
2021-11-18	05:19:00		60	16	6	5	7	6	4	1	1	1	1	1	3	0	0	0	0	0	0	0	0	0,3975	0,0066	257,6504
2021-11-18	05:20:00		60	13	2	6	7	4	6	4	2	1	1	2	0	0	1	0	0	0	0	0	0	0,4151	0,0069	257,6573
2021-11-18	05:21:00		60	15	4	6	4	6	0	5	5	2	2	3	3	0	0	0	0	0	0	0	0	0,6051	0,0101	257,6674
2021-11-18	05:22:00		60	22	8	1	2	4	3	1	5	3	1	0	0	0	0	0	0	0	0	0	0	0,2178	0,0036	257,6710
2021-11-18	05:23:00		60	16	4	4	3	4	7	8	3	1	1	3	3	1	0	0	0	0	0	0	0	0,6838	0,0114	257,6824
2021-11-18	05:24:00		60	7	3	2	6	3	6	7	2	1	3	6	0	0	0	0	0	0	0	0	0	0,5166	0,0086	257,6910
2021-11-18	05:25:00		60	12	4	1	1	2	2	2	4	3	2	2	2	0	0	0	0	0	0	0	0	0,4558	0,0076	257,6986
2021-11-18	05:26:00		60	15	2	2	2	4	8	2	7	5	3	1	1	0	0	0	0	0	0	0	0	0,4928	0,0082	257,7068
2021-11-18	05:27:00		60	16	5	3	4	5	5	9	5	2	8	3	1	0	0	0	0	0	0	0	0	0,6880	0,0115	257,7183
2021-11-18	05:28:00		60	14	2	1	3	1	3	8	4	2	4	1	1	0	0	0	0	0	0	0	0	0,4333	0,0072	257,7255
2021-11-18	05:29:00		60	14	2	7	8	2	1	1	6	5	4	3	0	1	0	0	0	0	0	0	0	0,5984	0,0100	257,7355
2021-11-18	05:30:00		60	18	6	3	8	6	4	7	6	4	5	7	2	1	1	0	0	0	0	0	0	1,1525	0,0192	257,7547
2021-11-18	05:31:00		60	19	1	4	6	3	5	7	3	2	7	4	3	0	0	0	0	0	0	0	0	0,7980	0,0133	257,7680
2021-11-18	05:32:00		60	12	1	4	1	0	8	12	6	3	6	3	0	0	0	0	0	0	0	0	0	0,6122	0,0102	257,7782
2021-11-18	05:33:00		60	15	3	3	2	2	9	14	6	4	5	3	1	0	0	0	0	0	0	0	0	0,7078	0,0118	257,7900
2021-11-18	05:34:00		60	25	8	2	2	5	9	15	15	7	6	5	1	1	0	0	0	0	0	0	0	1,1530	0,0192	257,8092
2021-11-18	05:35:00		60	16	4	3	3	6	9	12	6	6	1	4	1	0	0	0	0	0	0	0	0	0,6754	0,0113	257,8205
2021-11-18	05:36:00		60	23	3	1	6	8	11	14	11	5	2	5	3	1	0	0	0	0	0	0	0	1,0916	0,0182	257,8387
2021-11-18	05:37:00		60	17	4	3	5	3	14	11	9	5	5	5	0	0	0	0	0	0	0	0	0	0,7962	0,0133	257,8519
2021-11-18	05:38:00		60	43	11	4	5	9	9	18	12	8	4	5	1	0	0	0	0	0	0	0	0	1,0157	0,0169	257,8689
2021-11-18	05:39:00		60	60	7	4	12	10	7	15	12	7	4	5	5	1	0	0	0	0	0	0	0	1,3745	0,0229	257,8918
2021-11-18	05:40:00		60	50	11	4	13	5	14	31	19	11	9	12	0	1	0	1	0	0	0	0	0	2,0199	0,0337	257,9254
2021-11-18	05:41:00		60	31	2	5	10	9	17	32	14	9	8	11	2	0	0	0	0	0	0	0	0	1,6804	0,0280	257,9534
2021-11-18	05:42:00		60	32	4	6	4	15	23	33	14	5	4	7	3	0	0	0	0	0	0	0	0	1,4219	0,0237	257,9771
2021-11-18	05:43:00		60	24	13	11	8	6	23	24	10	10	6	7	3	0	0	0	0	0	0	0	0	1,4388	0,0240	258,0011
2021-11-18	05:44:00		60	48	4	7	2	9	25	23	14	7	8	7	4	4	0	0	0	0	0	0	0	1,9940	0,0332	258,0344
2021-11-18	05:45:00		60	43	8	7	10	15	14	27	15	8	4	9	10	0	2	1	0	0	0	0	0	2,5200	0,0420	258,0764
2021-11-18	05:46:00		60	59	16	8	21	9	20	29	22	9	10	11	9	4	1	0	0	0	0	0	0	2,9732	0,0496	258,1259
2021-11-18	05:47:00		60	56	6	6	12	4	18	38	19	13	10	7	4	0	0	0	0	0	0	0	0	1,9245	0,0321	258,1580
2021-11-18	05:48:00		60	42	20	7	9	9	21	35	20	6	13	10	4	1	1	1	0	0	0	0	0	2,4727	0,0412	258,1992
2021-11-18	05:49:00		60	46	8	10	10	16	24	34	23	11	13	25	7	2	0	1	0	0	0	0	0	3,4853	0,0581	258,2573
2021-11-18	05:50:00		60	37	10	11	15	9	18	36	27	11	9	12	8	1	1	0	0	0	0	0	0	2,7416	0,0457	258,3030
2021-11-18	05:51:00		60	47	8	2	6	8	19	30	24	11	14	11	3	0	0	0	0	0	0	0	0	2,1051	0,0351	258,3381
2021-11-18	05:52:00		60	24	11	5	10	12	28	27	24	8	5	6	3	0	1	0	0	0	0	0	0	1,7422	0,0290	258,3671
2021-11-18	05:53:00		60	29	10	5	7	13	18	32	32	9	8	8	3	1	0	0	0	0	0	0	0	2,0113	0,0335	258,4006
2021-11-18	05:54:00		60	17	8	2	6	5	15	34	9	8	5	5	2	1	0	0	0	0	0	0	0	1,3284	0,0221	258,4228
2021-11-18	05:55:00		60	17	10	7	10	3	19	37	20	7	3	5	1	1	1	0	0	0	0	0	0	1,5409	0,0257	258,4484
2021-11-18	05:56:00		60	23	6	1	6	3	19	28	17	4	2	8	0	0	0	0	0	0	0	0	0	1,1130	0,0186	258,4670
2021-11-18	05:57:00		60	25	11	4	8	9	14	26	10	5	6	4	1	0	0	0	0	0	0	0	0	1,0297	0,0172	258,4842
2021-11-18	05:58:00		60	31	18	3	6	8	11	22	16	12	2	3	3	0	0	0	0	0	0	0	0	1,2029	0,0200	258,5042
2021-11-18	05:59:00		60	18	19	6	8	4	6	19	10	4	6	3	3	2	0	0	0	0	0	0	0	1,2170	0,0203	258,5245
2021-11-18	06:00:00		60	11	11	8	8	5	13	17	13	7	5	3	1	0	0	0	0	0	0	0	0	0,9494	0,0158	258,5403
2021-11-18	06:01:00		60	7	7	6	9	8	9	11	6	7	3	4	2	0	0	0	0	0	0	0	0	0,8372	0,0140	258,5543
2021-11-18	06:02:00		60	17	4	9	6	5	10	10	10	5	3	6	2	1	0	0	0	0	0	0	0	1,0362	0,0173	258,5715
2021-11-18	06:03:00		60	12	5	8	9	1	10	8	8	2	7	6	1	0	0	0	0	0	0	0	0	0,8518	0,0142	258,5857
2021-11-18	06:04:00		60	8	12	7	7	6	12	13	11	6	0	3	1	0	0	0	0	0	0	0	0	0,7133	0,0119	258,5976
2021-11-18	06:05:00		60	11	4	5	12	7	10	8	5	2	3	0	5	1	0	0	0	0	0	0	0	0,8445	0,0141	258,6117
2021-11-18	06:06:00		60	7	10	8	16	8	7	13	12	2	1	2	3	0	0	0	0	0	0	0	0	0,7696	0,0128	258,6245
2021-11-18	06:07:00		60	9	10	13	15	14	15	15	9	2	7	1	4	0	0	0	0	0	0	0	0	1,0048	0,0167	258,6413
2021-11-18	06:08:00		60	14	24	14	17	6	12	16	9	5	6	3	1	0	0	0	0	0	0	0	0	0,8964	0,0149	258,6562
2021-11-18	06:09:00		60	10	18	14	14	9	23	14	7	3	3	4	0	0	0	0	0	0	0	0	0	0,7420	0,0124	258,6686
2021-11-18	06:10:00		60	18	23	19	15	10	20	20	6	5	4	3	1	0	0	0	0	0	0	0	0	0,8809	0,0147	258,6833
2021-11-18	06:11:00		60	9	15	15	8	13	21	21	5	9	2	5	0	0	0	0	0	0	0	0	0	0,9075	0,0151	258,6984
2021-11-18	06:12:00		60	15	21	18	9	11	19	21	12	3	6	1	0	1	0	0	0	0	0	0	0	0,9261	0,0154	258,7138
2021-11-18	06:13:00		60	16	24	12	8	7	11	16	10	1	4	1	1	0	0	0	0	0	0	0	0	0,6601	0,0110	258,7248
2021-11-18	06:14:00		60	10	16	13	11	12	8	12	12	2	2	2	0	0	0	0	0	0	0	0	0	0,5897	0,0098	258,7346
2021-11-18	06:15:00		60	16	18	13	11	8	12	22	11	2	3	3	0	0	0	0	0	0	0	0	0	0,7457	0,0124	258,7471
2021-11-18	06:16:00		60	19	22	9	12	9	13	19	6	7	2	2	1	0	0	0	0	0	0	0	0	0,7607	0,0127	258,7597
2021-11-18	06:17:00		60	13	16	4	14	8	14	21	10	9	4	3	0	0	0	0	0	0	0	0	0	0,9047	0,0151	258,7748
2021-11-18	06:18:00		60	11	13	4	9	5	20	21	17	5	5	2	1	1	0	0	0	0	0	0	0	1,0973	0,0183	258,7931
2021-11-18	06:19:00		60	14	7	10	7	9	8	24	18	6	7	4	0	0	0	0	0	0	0	0	0	1,0790	0,0180	258,8111
2021-11-18	06:20:00		60	12	6	8	11	19	18	15	20	9	3	5	0	0	0	0	0	0	0	0	0	1,1028	0,0184	258,8295
2021-11-18	06:21:00		60	14	9	13	10	12	23	18	14	1	3	3	2	0	0	0	0	0	0	0	0	0,9350	0,0156	258,8451
2021-11-18	06:22:00		60	16	15	8	15	16	20	17	17	11	6	2	3	0	0	0	0	0	0	0	0	1,3058	0,0218	258,8668
2021-11-18	06:23:00		60	18	11	23	14	16	17	15	14	11	4	9	2	1	0	0	0	0	0	0	0	1,5271	0,0255	258,8923
2021-11-18	06:24:00		60	22	15	17	18	7	24	33	15	1	6	6	3	0	0	0	0	0	0	0	0	1,3867	0,0231	258,9154
2021-11-18	06:25:00		60	28	23	20	19	16	19	16	17	2	2	7	2	0	0	0	0	0	0	0	0	1,1582	0,0193	258,9347
2021-11-18	06:26:00		60	30	14	32	19	14	19	30	25	7	6	7	3	0	0	0	0	0	0	0	0	1,6969	0,0283	258,9630
2021-11-18	06:27:00		60	32	17	11	18	13	21	34	21	15	6	12	3	1	0	0	0	0	0	0	0	2,1574	0,0360	258,9989
2021-11-18	06:28:00		60	29	15	21	17	16	20	30	24	6	7	6	5	0	0	0	0	0	0	0	0	1,7863	0,0298	259,0287
2021-11-18	06:29:00		60	27	16	14	19	9	21	27	15	7	9	3	2	1	0	0	0	0	0	0	0	1,4464	0,0241	259,0528
2021-11-18	06:30:00		60	21	15	19	23	14	23	24	26	9	5	5	1	0	0	0	0	0	0	0	0	1,4510	0,0242	259,0770
2021-11-18	06:31:00		60	11	9	8	20	14	14	31	17	9	5	3	0	0	0	0	0	0	0	0	0	1,1522	0,0192	259,0962
2021-11-18	06:32:00		60	14	10	12	10	12	18	23	16	11	3	4	0	0	0	0	0	0	0	0	0	1,0976	0,0183	259,1145
2021-11-18	06:33:00		60	11	11	6	18	18	23	19	18	6	6	2	0	0	0	0	0	0	0	0	0	1,0330	0,0172	259,1317
2021-11-18	06:34:00		60	12	12	12	13	16	21	22	8	9	3	4	0	0	0	0	0	0	0	0	0	0,9592	0,0160	259,1477
2021-11-18	06:35:00		60	14	21	15	10	9	19	29	20	7	6	2	0	0	0	0	0	0	0	0	0	1,1284	0,0188	259,1665
2021-11-18	06:36:00		60	17	16	11	13	7	26	28	6	6	2	5	0	0	0	0	0	0	0	0	0	0,9333	0,0156	259,1821
2021-11-18	06:37:00		60	13	20	13	19	13	17	22	11	4	7	1	0	0	0	0	0	0	0	0	0	0,8696	0,0145	259,1965
2021-11-18	06:38:00		60	12	16	16	16	9	24	24	7	3	4	3	1	0	0	0	0	0	0	0	0	0,8967	0,0149	259,2115
2021-11-18	06:39:00		60	8	16	14	15	10	24	30	7	7	2	2	1	0	0	0	0	0	0	0	0	0,9309	0,0155	259,2270
2021-11-18	06:40:00		60	8	10	14	14	12	18	16	6	4	1	4	0	0	0	0	0	0	0	0	0	0,6876	0,0115	259,2385
2021-11-18	06:41:00		60	14	17	6	10	15	23	10	9	4	3	1	0	0	0	0	0	0	0	0	0	0,6288	0,0105	259,2489
2021-11-18	06:42:00		60	10	14	9	16	12	23	28	8	5	6	1	1	0	0	0	0	0	0	0	0	0,9543	0,0159	259,2649
2021-11-18	06:43:00		60	13	10	12	9	12	14	19	9	2	0	2	1	0	0	0	0	0	0	0	0	0,6422	0,0107	259,2756
2021-11-18	06:44:00		60	5	6	5	19	17	16	19	10	5	3	0	0	0	0	0	0	0	0	0	0	0,6778	0,0113	259,2869
2021-11-18	06:45:00		60	6	10	5	13	20	16	18	6	5	3	0	0	0	0	0	0	0	0	0	0	0,6105	0,0102	259,2970
2021-11-18	06:46:00		60	6	11	12	18	8	16	17	8	2	4	0	0	0	0	0	0	0	0	0	0	0,5783	0,0096	259,3067
2021-11-18	06:47:00		60	8	7	9	13	11	16	18	6	4	0	0	1	0	0	0	0	0	0	0	0	0,5515	0,0092	259,3159
2021-11-18	06:48:00		60	6	6	4	17	8	18	12	11	3	2	2	0	0	0	0	0	0	0	0	0	0,6268	0,0104	259,3263
2021-11-18	06:49:00		60	9	8	10	14	11	22	16	10	2	1	2	0	0	0	0	0	0	0	0	0	0,6272	0,0105	259,3368
2021-11-18	06:50:00		60	5	8	8	14	14	26	14	9	5	3	1	1	0	0	0	0	0	0	0	0	0,7703	0,0128	259,3496
2021-11-18	06:51:00		60	7	8	11	14	9	19	24	11	2	1	5	0	0	0	0	0	0	0	0	0	0,8240	0,0137	259,3633
2021-11-18	06:52:00		60	6	3	6	10	8	18	14	5	2	1	3	0	0	0	0	0	0	0	0	0	0,5367	0,0089	259,3723
2021-11-18	06:53:00		60	5	6	10	11	4	13	12	6	4	2	1	0	0	0	0	0	0	0	0	0	0,4902	0,0082	259,3804
2021-11-18	06:54:00		60	7	8	6	11	13	19	17	7	6	1	0	0	0	0	0	0	0	0	0	0	0,5708	0,0095	259,3900
2021-11-18	06:55:00		60	3	9	7	13	6	13	15	4	2	1	0	0	0	0	0	0	0	0	0	0	0,3782	0,0063	259,3963
2021-11-18	06:56:00		60	4	7	9	12	6	19	15	3	1	1	2	0	0	0	0	0	0	0	0	0	0,4579	0,0076	259,4039
2021-11-18	06:57:00		60	7	6	10	4	15	10	13	3	1	1	0	0	0	0	0	0	0	0	0	0	0,3226	0,0054	259,4093
2021-11-18	06:58:00		60	8	7	6	10	15	12	12	6	2	2	0	0	0	0	0	0	0	0	0	0	0,4257	0,0071	259,4164
2021-11-18	06:59:00		60	6	7	6	13	10	10	18	6	0	3	2	0	0	0	0	0	0	0	0	0	0,5328	0,0089	259,4252
2021-11-18	07:00:00		60	2	6	6	8	10	24	21	4	2	1	0	0	0	0	0	0	0	0	0	0	0,4828	0,0080	259,4333
2021-11-18	07:01:00		60	4	6	4	10	10	12	11	4	4	0	0	0	0	0	0	0	0	0	0	0	0,3540	0,0059	259,4392
2021-11-18	07:02:00		60	5	8	7	14	13	8	12	3	1	0	0	0	0	0	0	0	0	0	0	0	0,2848	0,0047	259,4439
2021-11-18	07:03:00		60	3	11	4	18	14	10	13	5	1	1	0	0	0	0	0	0	0	0	0	0	0,3697	0,0062	259,4501
2021-11-18	07:04:00		60	3	7	15	19	9	14	14	5	1	0	0	0	0	0	0	0	0	0	0	0	0,3651	0,0061	259,4562
2021-11-18	07:05:00		60	5	13	4	13	15	8	13	2	0	1	0	0	0	0	0	0	0	0	0	0	0,2900	0,0048	259,4610
2021-11-18	07:06:00		60	7	10	7	7	9	20	12	4	0	0	0	0	0	0	0	0	0	0	0	0	0,3133	0,0052	259,4662
2021-11-18	07:07:00		60	3	9	5	11	7	17	11	5	0	0	1	0	0	0	0	0	0	0	0	0	0,3465	0,0058	259,4720
2021-11-18	07:08:00		60	7	9	9	12	6	10	12	1	3	1	0	0	0	0	0	0	0	0	0	0	0,3162	0,0053	259,4773
2021-11-18	07:09:00		60	4	11	10	17	12	10	8	3	0	0	0	0	0	0	0	0	0	0	0	0	0,2450	0,0041	259,4814
2021-11-18	07:10:00		60	9	13	10	9	7	14	5	4	0	0	0	0	0	0	0	0	0	0	0	0	0,2268	0,0038	259,4852
2021-11-18	07:11:00		60	2	15	15	8	6	10	9	4	0	0	0	0	0	0	0	0	0	0	0	0	0,2424	0,0040	259,4892
2021-11-18	07:12:00		60	3	6	11	13	2	7	2	0	1	0	0	0	0	0	0	0	0	0	0	0	0,1172	0,0020	259,4911
2021-11-18	07:13:00		60	4	5	12	12	8	5	7	2	0	1	0	0	0	0	0	0	0	0	0	0	0,2047	0,0034	259,4946
2021-11-18	07:14:00		60	4	10	12	15	8	5	6	1	1	1	0	0	0	0	0	0	0	0	0	0	0,2109	0,0035	259,4981
2021-11-18	07:15:00		60	9	12	8	11	10	10	6	1	0	0	0	0	0	0	0	0	0	0	0	0	0,1815	0,0030	259,5011
2021-11-18	07:16:00		60	6	10	11	9	5	12	5	1	0	0	0	0	0	0	0	0	0	0	0	0	0,1654	0,0028	259,5039
2021-11-18	07:17:00		60	3	9	7	8	8	11	8	2	0	0	0	0	0	0	0	0	0	0	0	0	0,2029	0,0034	259,5072
2021-11-18	07:18:00		60	4	6	10	9	6	4	5	2	1	0	0	0	0	0	0	0	0	0	0	0	0,1624	0,0027	259,5099
2021-11-18	07:19:00		60	4	8	13	10	4	14	5	3	0	0	0	0	0	0	0	0	0	0	0	0	0,2039	0,0034	259,5133
2021-11-18	07:20:00		60	2	12	7	8	6	6	4	0	0	0	0	0	0	0	0	0	0	0	0	0	0,1101	0,0018	259,5152
2021-11-18	07:21:00		60	4	4	4	9	8	8	9	3	0	0	0	0	0	0	0	0	0	0	0	0	0,2080	0,0035	259,5186
2021-11-18	07:22:00		60	5	4	8	7	8	10	7	1	0	2	0	0	0	0	0	0	0	0	0	0	0,2295	0,0038	259,5225
2021-11-18	07:23:00		60	4	7	5	15	4	8	10	2	0	0	0	0	0	0	0	0	0	0	0	0	0,2039	0,0034	259,5259
2021-11-18	07:24:00		60	8	10	9	9	7	9	2	3	1	0	0	0	0	0	0	0	0	0	0	0	0,1802	0,0030	259,5289
2021-11-18	07:25:00		60	8	11	10	5	8	9	7	3	0	0	0	0	0	0	0	0	0	0	0	0	0,1999	0,0033	259,5322
2021-11-18	07:26:00		60	6	12	15	12	9	13	9	0	0	0	0	0	0	0	0	0	0	0	0	0	0,2126	0,0035	259,5357
2021-11-18	07:27:00		60	6	18	13	10	5	12	3	2	1	0	1	0	0	0	0	0	0	0	0	0	0,2368	0,0039	259,5397
2021-11-18	07:28:00		60	5	13	10	13	8	8	7	1	0	0	0	0	0	0	0	0	0	0	0	0	0,1800	0,0030	259,5427
2021-11-18	07:29:00		60	9	9	7	15	8	8	5	1	0	0	0	0	0	0	0	0	0	0	0	0	0,1617	0,0027	259,5454
2021-11-18	07:30:00		60	6	9	12	17	6	9	6	0	0	0	0	0	0	0	0	0	0	0	0	0	0,1626	0,0027	259,5481
2021-11-18	07:31:00		60	4	5	9	10	8	13	4	1	0	0	0	0	0	0	0	0	0	0	0	0	0,1663	0,0028	259,5509
2021-11-18	07:32:00		60	3	14	18	18	15	15	9	1	0	0	0	0	0	0	0	0	0	0	0	0	0,2683	0,0045	259,5553
2021-11-18	07:33:00		60	5	8	11	8	9	12	4	1	1	0	0	0	0	0	0	0	0	0	0	0	0,1864	0,0031	259,5584
2021-11-18	07:34:00		60	7	8	12	15	7	14	5	2	0	0	0	0	0	0	0	0	0	0	0	0	0,2064	0,0034	259,5619
2021-11-18	07:35:00		60	4	13	14	12	11	14	3	1	0	0	0	0	0	0	0	0	0	0	0	0	0,1845	0,0031	259,5650
2021-11-18	07:36:00		60	5	8	12	14	14	22	4	4	0	0	0	0	0	0	0	0	0	0	0	0	0,2833	0,0047	259,5697
2021-11-18	07:37:00		60	5	6	13	21	11	15	5	1	0	0	0	0	0	0	0	0	0	0	0	0	0,2178	0,0036	259,5733
2021-11-18	07:38:00		60	4	7	12	16	11	15	7	0	0	0	0	0	0	0	0	0	0	0	0	0	0,2108	0,0035	259,5768
2021-11-18	07:39:00		60	6	10	19	16	12	15	4	0	0	0	0	0	0	0	0	0	0	0	0	0	0,1972	0,0033	259,5801
2021-11-18	07:40:00		60	9	11	15	20	14	14	4	2	0	0	0	0	0	0	0	0	0	0	0	0	0,2322	0,0039	259,5840
2021-11-18	07:41:00		60	5	15	9	22	16	10	4	2	1	0	0	0	0	0	0	0	0	0	0	0	0,2387	0,0040	259,5880
2021-11-18	07:42:00		60	4	12	8	15	10	10	8	1	0	0	0	0	0	0	0	0	0	0	0	0	0,2046	0,0034	259,5914
2021-11-18	07:43:00		60	9	13	12	11	11	10	14	0	0	0	0	0	0	0	0	0	0	0	0	0	0,2442	0,0041	259,5954
2021-11-18	07:44:00		60	7	12	12	16	10	11	5	0	0	0	0	0	0	0	0	0	0	0	0	0	0,1752	0,0029	259,5984
2021-11-18	07:45:00		60	9	14	13	15	15	12	4	2	0	0	0	0	0	0	0	0	0	0	0	0	0,2163	0,0036	259,6020
2021-11-18	07:46:00		60	4	14	7	12	7	11	3	0	0	0	0	0	0	0	0	0	0	0	0	0	0,1370	0,0023	259,6042
2021-11-18	07:47:00		60	6	18	10	16	9	6	9	2	0	0	0	0	0	0	0	0	0	0	0	0	0,2141	0,0036	259,6078
2021-11-18	07:48:00		60	9	14	18	15	16	8	5	0	0	0	0	0	0	0	0	0	0	0	0	0	0,1844	0,0031	259,6109
2021-11-18	07:49:00		60	11	16	11	9	8	10	5	0	0	0	0	0	0	0	0	0	0	0	0	0	0,1547	0,0026	259,6135
2021-11-18	07:50:00		60	9	12	22	9	8	7	6	0	0	0	0	0	0	0	0	0	0	0	0	0	0,1577	0,0026	259,6161
2021-11-18	07:51:00		60	7	16	11	17	10	13	4	2	0	0	0	0	0	0	0	0	0	0	0	0	0,2087	0,0035	259,6196
2021-11-18	07:52:00		60	8	14	12	15	8	16	4	0	1	0	0	0	0	0	0	0	0	0	0	0	0,2058	0,0034	259,6230
2021-11-18	07:53:00		60	7	7	11	14	13	10	7	1	0	0	0	0	0	0	0	0	0	0	0	0	0,2038	0,0034	259,6264
2021-11-18	07:54:00		60	12	13	10	15	10	21	6	3	0	0	0	0	0	0	0	0	0	0	0	0	0,2744	0,0046	259,6310
2021-11-18	07:55:00		60	3	10	7	19	8	14	15	4	0	0	0	0	0	0	0	0	0	0	0	0	0,3281	0,0055	259,6364
2021-11-18	07:56:00		60	4	9	12	15	10	15	13	0	0	0	0	0	0	0	0	0	0	0	0	0	0,2598	0,0043	259,6408
2021-11-18	07:57:00		60	7	11	7	11	13	9	9	1	0	0	0	0	0	0	0	0	0	0	0	0	0,2093	0,0035	259,6443
2021-11-18	07:58:00		60	8	10	11	13	13	11	10	1	0	0	0	0	0	0	0	0	0	0	0	0	0,2350	0,0039	259,6482
2021-11-18	07:59:00		60	15	12	12	20	18	7	17	0	0	0	0	0	0	0	0	0	0	0	0	0	0,2933	0,0049	259,6531
2021-11-18	08:00:00		60	10	9	11	17	13	14	7	1	0	0	0	0	0	0	0	0	0	0	0	0	0,2303	0,0038	259,6569
2021-11-18	08:01:00		60	9	10	17	22	11	6	8	1	0	0	0	0	0	0	0	0	0	0	0	0	0,2105	0,0035	259,6604
2021-11-18	08:02:00		60	3	14	12	11	7	10	3	1	0	0	0	0	0	0	0	0	0	0	0	0	0,1503	0,0025	259,6629
2021-11-18	08:03:00		60	8	13	13	18	6	14	1	0	0	0	0	0	0	0	0	0	0	0	0	0	0,1486	0,0025	259,6654
2021-11-18	08:04:00		60	9	6	11	10	8	5	1	0	0	0	0	0	0	0	0	0	0	0	0	0	0,0911	0,0015	259,6669
2021-11-18	08:05:00		60	4	7	12	8	6	7	0	0	0	0	0	0	0	0	0	0	0	0	0	0	0,0829	0,0014	259,6683
2021-11-18	08:06:00		60	4	10	14	14	4	4	0	0	0	0	0	0	0	0	0	0	0	0	0	0	0,0773	0,0013	259,6696
2021-11-18	08:07:00		60	6	13	9	9	3	2	0	0	0	0	0	0	0	0	0	0	0	0	0	0	0,0531	0,0009	259,6705
2021-11-18	08:08:00		60	7	10	4	5	0	0	0	0	0	0	0	0	0	0	0	0	0	0	0	0	0,0210	0,0004	259,6708
2021-11-18	08:09:00		60	8	6	6	7	0	0	0	0	0	0	0	0	0	0	0	0	0	0	0	0	0,0246	0,0004	259,6712
2021-11-18	08:10:00		60	7	10	9	3	0	0	0	0	0	0	0	0	0	0	0	0	0	0	0	0	0,0227	0,0004	259,6716
2021-11-18	08:11:00		60	4	3	2	1	0	0	0	0	0	0	0	0	0	0	0	0	0	0	0	0	0,0068	0,0001	259,6717
2021-11-18	08:12:00		60	9	4	0	3	0	0	0	0	0	0	0	0	0	0	0	0	0	0	0	0	0,0103	0,0002	259,6719
2021-11-18	08:13:00		60	6	3	1	0	0	0	0	0	0	0	0	0	0	0	0	0	0	0	0	0	0,0046	0,0001	259,6720
2021-11-18	08:14:00		60	1	4	0	0	0	0	0	0	0	0	0	0	0	0	0	0	0	0	0	0	0,0027	0,0000	259,6720
2021-11-18	08:15:00		60	2	5	0	0	0	0	0	0	0	0	0	0	0	0	0	0	0	0	0	0	0,0035	0,0001	259,6721
2021-11-18	08:16:00		60	4	3	0	0	0	0	0	0	0	0	0	0	0	0	0	0	0	0	0	0	0,0029	0,0000	259,6721
2021-11-18	08:17:00		60	0	0	0	0	0	0	0	0	0	0	0	0	0	0	0	0	0	0	0	0	0,0000	0,0000	259,6721
2021-11-18	08:18:00		60	5	1	0	0	0	0	0	0	0	0	0	0	0	0	0	0	0	0	0	0	0,0020	0,0000	259,6722
2021-11-18	08:19:00		60	0	0	0	0	0	0	0	0	0	0	0	0	0	0	0	0	0	0	0	0	0,0000	0,0000	259,6722
2021-11-18	08:20:00		60	0	0	0	0	0	0	0	0	0	0	0	0	0	0	0	0	0	0	0	0	0,0000	0,0000	259,6722
2021-11-18	08:21:00		60	0	0	0	0	0	0	0	0	0	0	0	0	0	0	0	0	0	0	0	0	0,0000	0,0000	259,6722
2021-11-18	08:22:00		60	0	0	0	0	0	0	0	0	0	0	0	0	0	0	0	0	0	0	0	0	0,0000	0,0000	259,6722
2021-11-18	08:23:00		60	0	0	0	0	0	0	0	0	0	0	0	0	0	0	0	0	0	0	0	0	0,0000	0,0000	259,6722
2021-11-18	08:24:00		60	0	0	0	0	0	0	0	0	0	0	0	0	0	0	0	0	0	0	0	0	0,0000	0,0000	259,6722
2021-11-18	08:25:00		60	0	0	0	0	0	0	0	0	0	0	0	0	0	0	0	0	0	0	0	0	0,0000	0,0000	259,6722
2021-11-18	08:26:00		60	0	0	0	0	0	0	0	0	0	0	0	0	0	0	0	0	0	0	0	0	0,0000	0,0000	259,6722
2021-11-18	08:27:00		60	0	0	0	0	0	0	0	0	0	0	0	0	0	0	0	0	0	0	0	0	0,0000	0,0000	259,6722
2021-11-18	08:28:00		60	0	0	0	0	0	0	0	0	0	0	0	0	0	0	0	0	0	0	0	0	0,0000	0,0000	259,6722
2021-11-18	08:29:00		60	0	0	0	0	0	0	0	0	0	0	0	0	0	0	0	0	0	0	0	0	0,0000	0,0000	259,6722
2021-11-18	08:30:00		60	0	0	0	0	0	0	0	0	0	0	0	0	0	0	0	0	0	0	0	0	0,0000	0,0000	259,6722
2021-11-18	08:31:00		60	0	0	0	0	0	0	0	0	0	0	0	0	0	0	0	0	0	0	0	0	0,0000	0,0000	259,6722
2021-11-18	08:32:00		60	0	0	0	0	0	0	0	0	0	0	0	0	0	0	0	0	0	0	0	0	0,0000	0,0000	259,6722
2021-11-18	08:33:00		60	0	0	0	0	0	0	0	0	0	0	0	0	0	0	0	0	0	0	0	0	0,0000	0,0000	259,6722
2021-11-18	08:34:00		60	0	0	0	0	0	0	0	0	0	0	0	0	0	0	0	0	0	0	0	0	0,0000	0,0000	259,6722
2021-11-18	08:35:00		60	0	0	0	0	0	0	0	0	0	0	0	0	0	0	0	0	0	0	0	0	0,0000	0,0000	259,6722
2021-11-18	08:36:00		60	0	0	0	0	0	0	0	0	0	0	0	0	0	0	0	0	0	0	0	0	0,0000	0,0000	259,6722
2021-11-18	08:37:00		60	0	0	0	0	0	0	0	0	0	0	0	0	0	0	0	0	0	0	0	0	0,0000	0,0000	259,6722
2021-11-18	08:38:00		60	0	0	0	0	0	0	0	0	0	0	0	0	0	0	0	0	0	0	0	0	0,0000	0,0000	259,6722
2021-11-18	08:39:00		60	0	0	0	0	0	0	0	0	0	0	0	0	0	0	0	0	0	0	0	0	0,0000	0,0000	259,6722
2021-11-18	08:40:00		60	0	0	0	0	0	0	0	0	0	0	0	0	0	0	0	0	0	0	0	0	0,0000	0,0000	259,6722
2021-11-18	08:41:00		60	0	0	0	0	0	0	0	0	0	0	0	0	0	0	0	0	0	0	0	0	0,0000	0,0000	259,6722
2021-11-18	08:42:00		60	0	0	0	0	0	0	0	0	0	0	0	0	0	0	0	0	0	0	0	0	0,0000	0,0000	259,6722
2021-11-18	08:43:00		60	0	0	0	0	0	0	0	0	0	0	0	0	0	0	0	0	0	0	0	0	0,0000	0,0000	259,6722
2021-11-18	08:44:00		60	0	0	0	0	0	0	0	0	0	0	0	0	0	0	0	0	0	0	0	0	0,0000	0,0000	259,6722
2021-11-18	08:45:00		60	0	0	0	0	0	0	0	0	0	0	0	0	0	0	0	0	0	0	0	0	0,0000	0,0000	259,6722
2021-11-18	08:46:00		60	0	0	0	0	0	0	0	0	0	0	0	0	0	0	0	0	0	0	0	0	0,0000	0,0000	259,6722
2021-11-18	08:47:00		60	0	0	0	0	0	0	0	0	0	0	0	0	0	0	0	0	0	0	0	0	0,0000	0,0000	259,6722
2021-11-18	08:48:00		60	0	0	0	0	0	0	0	0	0	0	0	0	0	0	0	0	0	0	0	0	0,0000	0,0000	259,6722
2021-11-18	08:49:00		60	0	0	0	0	0	0	0	0	0	0	0	0	0	0	0	0	0	0	0	0	0,0000	0,0000	259,6722
2021-11-18	08:50:00		60	0	0	0	0	0	0	0	0	0	0	0	0	0	0	0	0	0	0	0	0	0,0000	0,0000	259,6722
2021-11-18	08:51:00		60	0	0	0	0	0	0	0	0	0	0	0	0	0	0	0	0	0	0	0	0	0,0000	0,0000	259,6722
2021-11-18	08:52:00		60	0	0	0	0	0	0	0	0	0	0	0	0	0	0	0	0	0	0	0	0	0,0000	0,0000	259,6722
2021-11-18	08:53:00		60	0	0	0	0	0	0	0	0	0	0	0	0	0	0	0	0	0	0	0	0	0,0000	0,0000	259,6722
2021-11-18	08:54:00		60	0	0	0	0	0	0	0	0	0	0	0	0	0	0	0	0	0	0	0	0	0,0000	0,0000	259,6722
2021-11-18	08:55:00		60	0	0	0	0	0	0	0	0	0	0	0	0	0	0	0	0	0	0	0	0	0,0000	0,0000	259,6722
2021-11-18	08:56:00		60	0	0	0	0	0	0	0	0	0	0	0	0	0	0	0	0	0	0	0	0	0,0000	0,0000	259,6722
2021-11-18	08:57:00		60	0	0	0	0	0	0	0	0	0	0	0	0	0	0	0	0	0	0	0	0	0,0000	0,0000	259,6722
2021-11-18	08:58:00		60	0	0	0	0	0	0	0	0	0	0	0	0	0	0	0	0	0	0	0	0	0,0000	0,0000	259,6722
2021-11-18	08:59:00		60	0	0	0	0	0	0	0	0	0	0	0	0	0	0	0	0	0	0	0	0	0,0000	0,0000	259,6722
2021-11-18	09:00:00		60	0	0	0	0	0	0	0	0	0	0	0	0	0	0	0	0	0	0	0	0	0,0000	0,0000	259,6722
2021-11-18	09:01:00		60	0	0	0	0	0	0	0	0	0	0	0	0	0	0	0	0	0	0	0	0	0,0000	0,0000	259,6722
2021-11-18	09:02:00		60	0	0	0	0	0	0	0	0	0	0	0	0	0	0	0	0	0	0	0	0	0,0000	0,0000	259,6722
2021-11-18	09:03:00		60	0	0	0	0	0	0	0	0	0	0	0	0	0	0	0	0	0	0	0	0	0,0000	0,0000	259,6722
2021-11-18	09:04:00		60	0	0	0	0	0	0	0	0	0	0	0	0	0	0	0	0	0	0	0	0	0,0000	0,0000	259,6722
2021-11-18	09:05:00		60	0	0	0	0	0	0	0	0	0	0	0	0	0	0	0	0	0	0	0	0	0,0000	0,0000	259,6722
2021-11-18	09:06:00		60	0	0	0	0	0	0	0	0	0	0	0	0	0	0	0	0	0	0	0	0	0,0000	0,0000	259,6722
2021-11-18	09:07:00		60	0	0	0	0	0	0	0	0	0	0	0	0	0	0	0	0	0	0	0	0	0,0000	0,0000	259,6722
2021-11-18	09:08:00		60	0	0	0	0	0	0	0	0	0	0	0	0	0	0	0	0	0	0	0	0	0,0000	0,0000	259,6722
2021-11-18	09:09:00		60	0	0	0	0	0	0	0	0	0	0	0	0	0	0	0	0	0	0	0	0	0,0000	0,0000	259,6722
2021-11-18	09:10:00		60	0	0	0	0	0	1	0	0	0	0	0	0	0	0	0	0	0	0	0	0	0,0048	0,0001	259,6722
2021-11-18	09:11:00		60	0	0	0	0	0	0	0	0	0	0	0	0	0	0	0	0	0	0	0	0	0,0000	0,0000	259,6722
2021-11-18	09:12:00		60	0	0	0	0	0	0	0	0	0	0	0	0	0	0	0	0	0	0	0	0	0,0000	0,0000	259,6722
2021-11-18	09:13:00		60	0	0	0	0	0	0	1	0	0	0	0	0	0	0	0	0	0	0	0	0	0,0087	0,0001	259,6724
2021-11-18	09:14:00		60	0	0	0	0	0	0	0	0	0	0	0	0	0	0	0	0	0	0	0	0	0,0000	0,0000	259,6724
2021-11-18	09:15:00		60	0	1	0	0	1	1	0	0	0	0	0	0	0	0	0	0	0	0	0	0	0,0083	0,0001	259,6725
2021-11-18	09:16:00		60	0	0	0	1	0	0	0	0	0	0	0	0	0	0	0	0	0	0	0	0	0,0018	0,0000	259,6725
2021-11-18	09:17:00		60	0	0	1	0	1	0	0	0	0	0	0	0	0	0	0	0	0	0	0	0	0,0039	0,0001	259,6726
2021-11-18	09:18:00		60	0	0	0	1	0	1	0	0	0	0	0	0	0	0	0	0	0	0	0	0	0,0066	0,0001	259,6727
2021-11-18	09:19:00		60	0	0	1	1	1	0	0	0	0	0	0	0	0	0	0	0	0	0	0	0	0,0057	0,0001	259,6728
2021-11-18	09:20:00		60	0	0	0	3	0	0	0	0	0	0	0	0	0	0	0	0	0	0	0	0	0,0053	0,0001	259,6729
