YYYY-MM-DD	hh:mm:ss	Status	Interval [s]	n1	n2	n3	n4	n5	n6	n7	n8	n9	n10	n11	n12	n13	n14	n15	n16	n17	n18	n19	n20	RI [mm/h]	RA [mm]	RAT [mm]
2022-03-24	18:29:00		60	0	0	0	0	0	0	0	0	0	0	0	0	0	0	0	0	0	0	0	0	0,0000	0,0000	150,9226
2022-03-24	18:30:00		60	0	0	0	0	0	0	0	0	0	0	0	0	0	0	0	0	0	0	0	0	0,0000	0,0000	150,9226
2022-03-24	18:31:00		60	0	0	0	0	0	0	0	0	0	0	0	0	0	0	0	0	0	0	0	0	0,0000	0,0000	150,9226
2022-03-24	18:32:00		60	0	0	0	0	0	0	0	0	0	0	0	0	0	0	0	0	0	0	0	0	0,0000	0,0000	150,9226
2022-03-24	18:33:00		60	0	0	0	0	0	0	0	0	0	0	0	0	0	0	0	0	0	0	0	0	0,0000	0,0000	150,9226
2022-03-24	18:34:00		60	0	0	0	0	0	0	0	0	0	0	0	0	0	0	0	0	0	0	0	0	0,0000	0,0000	150,9226
2022-03-24	18:35:00		60	0	0	0	0	0	0	0	0	0	0	0	0	0	0	0	0	0	0	0	0	0,0000	0,0000	150,9226
2022-03-24	18:36:00		60	0	0	0	0	0	0	0	0	0	0	0	0	0	0	0	0	0	0	0	0	0,0000	0,0000	150,9226
2022-03-24	18:37:00		60	0	0	0	0	0	0	0	0	0	0	0	0	0	0	0	0	0	0	0	0	0,0000	0,0000	150,9226
2022-03-24	18:38:00		60	0	0	0	0	0	0	0	0	0	0	0	0	0	0	0	0	0	0	0	0	0,0000	0,0000	150,9226
2022-03-24	18:39:00		60	0	0	0	0	0	0	0	0	0	0	0	0	0	0	0	0	0	0	0	0	0,0000	0,0000	150,9226
2022-03-24	18:40:00		60	0	0	0	0	0	0	0	0	0	0	0	0	0	0	0	0	0	0	0	0	0,0000	0,0000	150,9226
2022-03-24	18:41:00		60	0	0	0	0	0	0	0	0	0	0	0	0	0	0	0	0	0	0	0	0	0,0000	0,0000	150,9226
2022-03-24	18:42:00		60	0	0	0	0	0	0	0	0	0	0	0	0	0	0	0	0	0	0	0	0	0,0000	0,0000	150,9226
2022-03-24	18:43:00		60	0	0	0	0	0	0	0	0	0	0	0	0	0	0	0	0	0	0	0	0	0,0000	0,0000	150,9226
2022-03-24	18:44:00		60	0	0	0	0	0	0	0	0	0	0	0	0	0	0	0	0	0	0	0	0	0,0000	0,0000	150,9226
2022-03-24	18:45:00		60	0	0	0	0	0	0	0	0	0	0	0	0	0	0	0	0	0	0	0	0	0,0000	0,0000	150,9226
2022-03-24	18:46:00		60	0	0	0	0	0	0	0	0	0	0	0	0	0	0	0	0	0	0	0	0	0,0000	0,0000	150,9226
2022-03-24	18:47:00		60	0	0	0	0	0	0	0	0	0	0	0	0	0	0	0	0	0	0	0	0	0,0000	0,0000	150,9226
2022-03-24	18:48:00		60	0	0	0	0	0	0	0	0	0	0	0	0	0	0	0	0	0	0	0	0	0,0000	0,0000	150,9226
2022-03-24	18:49:00		60	0	0	0	0	0	0	0	0	0	0	0	0	0	0	0	0	0	0	0	0	0,0000	0,0000	150,9226
2022-03-24	18:50:00		60	0	0	0	0	0	0	0	0	0	0	0	0	0	0	0	0	0	0	0	0	0,0000	0,0000	150,9226
2022-03-24	18:51:00		60	0	0	0	0	0	0	0	0	0	0	0	0	0	0	0	0	0	0	0	0	0,0000	0,0000	150,9226
2022-03-24	18:52:00		60	0	0	0	0	0	0	0	0	0	0	0	0	0	0	0	0	0	0	0	0	0,0000	0,0000	150,9226
2022-03-24	18:53:00		60	0	0	0	0	0	0	0	0	0	0	0	0	0	0	0	0	0	0	0	0	0,0000	0,0000	150,9226
2022-03-24	18:54:00		60	0	0	0	0	0	0	0	0	0	0	0	0	0	0	0	0	0	0	0	0	0,0000	0,0000	150,9226
2022-03-24	18:55:00		60	0	0	0	0	0	0	0	0	0	0	0	0	0	0	0	0	0	0	0	0	0,0000	0,0000	150,9226
2022-03-24	18:56:00		60	0	0	0	0	0	0	0	0	0	0	0	0	0	0	0	0	0	0	0	0	0,0000	0,0000	150,9226
2022-03-24	18:57:00		60	0	0	0	0	0	0	0	0	0	0	0	0	0	0	0	0	0	0	0	0	0,0000	0,0000	150,9226
2022-03-24	18:58:00		60	0	0	0	0	0	0	0	0	0	0	0	0	0	0	0	0	0	0	0	0	0,0000	0,0000	150,9226
2022-03-24	18:59:00		60	0	0	0	0	0	0	0	0	0	0	0	0	0	0	0	0	0	0	0	0	0,0000	0,0000	150,9226
2022-03-24	19:00:00		60	0	0	0	0	0	0	0	0	0	0	0	0	0	0	0	0	0	0	0	0	0,0000	0,0000	150,9226
2022-03-24	19:01:00		60	0	0	0	0	0	0	0	0	0	0	0	0	0	0	0	0	0	0	0	0	0,0000	0,0000	150,9226
2022-03-24	19:02:00		60	0	0	0	0	0	0	0	0	0	0	0	0	0	0	0	0	0	0	0	0	0,0000	0,0000	150,9226
2022-03-24	19:03:00		60	0	0	0	0	0	0	0	0	0	0	0	0	0	0	0	0	0	0	0	0	0,0000	0,0000	150,9226
2022-03-24	19:04:00		60	0	0	0	0	0	0	0	0	0	0	0	0	0	0	0	0	0	0	0	0	0,0000	0,0000	150,9226
2022-03-24	19:05:00		60	0	0	0	0	0	0	0	0	0	0	0	0	0	0	0	0	0	0	0	0	0,0000	0,0000	150,9226
2022-03-24	19:06:00		60	0	0	0	0	0	0	0	0	0	0	0	0	0	0	0	0	0	0	0	0	0,0000	0,0000	150,9226
2022-03-24	19:07:00		60	0	0	0	0	0	0	0	0	0	0	0	0	0	0	0	0	0	0	0	0	0,0000	0,0000	150,9226
2022-03-24	19:08:00		60	0	0	0	0	0	0	0	0	0	0	0	0	0	0	0	0	0	0	0	0	0,0000	0,0000	150,9226
2022-03-24	19:09:00		60	0	0	0	0	0	0	0	0	0	0	0	0	0	0	0	0	0	0	0	0	0,0000	0,0000	150,9226
2022-03-24	19:10:00		60	0	0	0	0	0	0	0	0	0	0	0	0	0	0	0	0	0	0	0	0	0,0000	0,0000	150,9226
2022-03-24	19:11:00		60	0	0	0	0	0	0	0	0	0	0	0	0	0	0	0	0	0	0	0	0	0,0000	0,0000	150,9226
2022-03-24	19:12:00		60	0	0	0	0	0	0	0	0	0	0	0	0	0	0	0	0	0	0	0	0	0,0000	0,0000	150,9226
2022-03-24	19:13:00		60	0	0	0	0	0	0	0	0	0	0	0	0	0	0	0	0	0	0	0	0	0,0000	0,0000	150,9226
2022-03-24	19:14:00		60	0	0	0	0	0	0	0	0	0	0	0	0	0	0	0	0	0	0	0	0	0,0000	0,0000	150,9226
2022-03-24	19:15:00		60	0	0	0	0	0	0	0	0	0	0	0	0	0	0	0	0	0	0	0	0	0,0000	0,0000	150,9226
2022-03-24	19:16:00		60	0	0	0	0	0	0	0	0	0	0	0	0	0	0	0	0	0	0	0	0	0,0000	0,0000	150,9226
2022-03-24	19:17:00		60	0	0	0	0	0	0	0	0	0	0	0	0	0	0	0	0	0	0	0	0	0,0000	0,0000	150,9226
2022-03-24	19:18:00		60	0	0	0	0	0	0	0	0	0	0	0	0	0	0	0	0	0	0	0	0	0,0000	0,0000	150,9226
2022-03-24	19:19:00		60	0	0	0	0	0	0	0	0	0	0	0	0	0	0	0	0	0	0	0	0	0,0000	0,0000	150,9226
2022-03-24	19:20:00		60	0	0	0	0	0	0	0	0	0	0	0	0	0	0	0	0	0	0	0	0	0,0000	0,0000	150,9226
2022-03-24	19:21:00		60	0	0	0	0	0	0	0	0	0	0	0	0	0	0	0	0	0	0	0	0	0,0000	0,0000	150,9226
2022-03-24	19:22:00		60	0	0	0	0	0	0	0	0	0	0	0	0	0	0	0	0	0	0	0	0	0,0000	0,0000	150,9226
2022-03-24	19:23:00		60	0	0	0	0	0	0	0	0	0	0	0	0	0	0	0	0	0	0	0	0	0,0000	0,0000	150,9226
2022-03-24	19:24:00		60	0	0	0	0	0	0	0	0	0	0	0	0	0	0	0	0	0	0	0	0	0,0000	0,0000	150,9226
2022-03-24	19:25:00		60	0	0	0	0	0	0	0	0	0	0	0	0	0	0	0	0	0	0	0	0	0,0000	0,0000	150,9226
2022-03-24	19:26:00		60	0	0	0	0	0	0	0	0	0	0	0	0	0	0	0	0	0	0	0	0	0,0000	0,0000	150,9226
2022-03-24	19:27:00		60	0	0	0	0	0	0	0	0	0	0	0	0	0	0	0	0	0	0	0	0	0,0000	0,0000	150,9226
2022-03-24	19:28:00		60	0	0	0	0	0	0	0	0	0	0	0	0	0	0	0	0	0	0	0	0	0,0000	0,0000	150,9226
2022-03-24	19:29:00		60	0	0	0	0	0	0	0	0	0	0	0	0	0	0	0	0	0	0	0	0	0,0000	0,0000	150,9226
2022-03-24	19:30:00		60	0	0	0	0	0	0	0	0	0	0	0	0	0	0	0	0	0	0	0	0	0,0000	0,0000	150,9226
2022-03-24	19:31:00		60	0	0	0	0	0	0	0	0	0	0	0	0	0	0	0	0	0	0	0	0	0,0000	0,0000	150,9226
2022-03-24	19:32:00		60	0	0	0	0	0	0	0	0	0	0	0	0	0	0	0	0	0	0	0	0	0,0000	0,0000	150,9226
2022-03-24	19:33:00		60	0	0	0	0	0	0	0	0	0	0	0	0	0	0	0	0	0	0	0	0	0,0000	0,0000	150,9226
2022-03-24	19:34:00		60	0	0	0	0	0	0	0	0	0	0	0	0	0	0	0	0	0	0	0	0	0,0000	0,0000	150,9226
2022-03-24	19:35:00		60	0	0	0	0	0	0	0	0	0	0	0	0	0	0	0	0	0	0	0	0	0,0000	0,0000	150,9226
2022-03-24	19:36:00		60	0	0	0	0	0	0	0	0	0	0	0	0	0	0	0	0	0	0	0	0	0,0000	0,0000	150,9226
2022-03-24	19:37:00		60	0	0	0	0	0	0	0	0	0	0	0	0	0	0	0	0	0	0	0	0	0,0000	0,0000	150,9226
2022-03-24	19:38:00		60	0	0	0	0	0	0	0	0	0	0	0	0	0	0	0	0	0	0	0	0	0,0000	0,0000	150,9226
2022-03-24	19:39:00		60	0	0	0	0	0	0	0	0	0	0	0	0	0	0	0	0	0	0	0	0	0,0000	0,0000	150,9226
2022-03-24	19:40:00		60	0	0	0	0	0	0	0	0	0	0	0	0	0	0	0	0	0	0	0	0	0,0000	0,0000	150,9226
2022-03-24	19:41:00		60	0	0	0	0	0	0	0	0	0	0	0	0	0	0	0	0	0	0	0	0	0,0000	0,0000	150,9226
2022-03-24	19:42:00		60	0	0	0	0	0	0	0	0	0	0	0	0	0	0	0	0	0	0	0	0	0,0000	0,0000	150,9226
2022-03-24	19:43:00		60	0	0	0	0	0	0	0	0	0	0	0	0	0	0	0	0	0	0	0	0	0,0000	0,0000	150,9226
2022-03-24	19:44:00		60	0	0	0	0	0	0	0	0	0	0	0	0	0	0	0	0	0	0	0	0	0,0000	0,0000	150,9226
2022-03-24	19:45:00		60	0	0	0	0	0	0	0	0	0	0	0	0	0	0	0	0	0	0	0	0	0,0000	0,0000	150,9226
2022-03-24	19:46:00		60	0	0	0	0	0	0	0	0	0	0	0	0	0	0	0	0	0	0	0	0	0,0000	0,0000	150,9226
2022-03-24	19:47:00		60	0	0	0	0	0	0	0	0	0	0	0	0	0	0	0	0	0	0	0	0	0,0000	0,0000	150,9226
2022-03-24	19:48:00		60	0	0	0	0	0	0	0	0	0	0	0	0	0	0	0	0	0	0	0	0	0,0000	0,0000	150,9226
2022-03-24	19:49:00		60	0	0	0	0	0	0	0	0	0	0	0	0	0	0	0	0	0	0	0	0	0,0000	0,0000	150,9226
2022-03-24	19:50:00		60	0	0	0	0	0	0	0	0	0	0	0	0	0	0	0	0	0	0	0	0	0,0000	0,0000	150,9226
2022-03-24	19:51:00		60	0	0	0	0	0	0	0	0	0	0	0	0	0	0	0	0	0	0	0	0	0,0000	0,0000	150,9226
2022-03-24	19:52:00		60	0	0	0	0	0	0	0	0	0	0	0	0	0	0	0	0	0	0	0	0	0,0000	0,0000	150,9226
2022-03-24	19:53:00		60	0	0	0	0	0	0	0	0	0	0	0	0	0	0	0	0	0	0	0	0	0,0000	0,0000	150,9226
2022-03-24	19:54:00		60	0	0	0	0	0	0	0	0	0	0	0	0	0	0	0	0	0	0	0	0	0,0000	0,0000	150,9226
2022-03-24	19:55:00		60	0	0	0	0	0	0	0	0	0	0	0	0	0	0	0	0	0	0	0	0	0,0000	0,0000	150,9226
2022-03-24	19:56:00		60	0	0	0	0	0	0	0	0	0	0	0	0	0	0	0	0	0	0	0	0	0,0000	0,0000	150,9226
2022-03-24	19:57:00		60	0	0	0	0	0	0	0	0	0	0	0	0	0	0	0	0	0	0	0	0	0,0000	0,0000	150,9226
2022-03-24	19:58:00		60	0	0	0	0	0	0	0	0	0	0	0	0	0	0	0	0	0	0	0	0	0,0000	0,0000	150,9226
2022-03-24	19:59:00		60	0	0	0	0	0	0	0	0	0	0	0	0	0	0	0	0	0	0	0	0	0,0000	0,0000	150,9226
2022-03-24	20:00:00		60	0	0	0	0	0	0	0	0	0	0	0	0	0	0	0	0	0	0	0	0	0,0000	0,0000	150,9226
2022-03-24	20:01:00		60	0	0	0	0	0	0	0	0	0	0	0	0	0	0	0	0	0	0	0	0	0,0000	0,0000	150,9226
2022-03-24	20:02:00		60	0	0	0	0	0	0	0	0	0	0	0	0	0	0	0	0	0	0	0	0	0,0000	0,0000	150,9226
2022-03-24	20:03:00		60	0	0	0	0	0	0	0	0	0	0	0	0	0	0	0	0	0	0	0	0	0,0000	0,0000	150,9226
2022-03-24	20:04:00		60	0	0	0	0	0	0	0	0	0	0	0	0	0	0	0	0	0	0	0	0	0,0000	0,0000	150,9226
2022-03-24	20:05:00		60	0	0	0	0	0	0	0	0	0	0	0	0	0	0	0	0	0	0	0	0	0,0000	0,0000	150,9226
2022-03-24	20:06:00		60	0	0	0	0	0	0	0	0	0	0	0	0	0	0	0	0	0	0	0	0	0,0000	0,0000	150,9226
2022-03-24	20:07:00		60	0	0	0	0	0	0	0	0	0	0	0	0	0	0	0	0	0	0	0	0	0,0000	0,0000	150,9226
2022-03-24	20:08:00		60	0	0	0	0	0	0	0	0	0	0	0	0	0	0	0	0	0	0	0	0	0,0000	0,0000	150,9226
2022-03-24	20:09:00		60	0	0	0	0	0	0	0	0	0	0	0	0	0	0	0	0	0	0	0	0	0,0000	0,0000	150,9226
2022-03-24	20:10:00		60	0	0	0	0	0	0	0	0	0	0	0	0	0	0	0	0	0	0	0	0	0,0000	0,0000	150,9226
2022-03-24	20:11:00		60	0	0	0	0	0	0	0	0	0	0	0	0	0	0	0	0	0	0	0	0	0,0000	0,0000	150,9226
2022-03-24	20:12:00		60	0	0	0	0	0	0	0	0	0	0	0	0	0	0	0	0	0	0	0	0	0,0000	0,0000	150,9226
2022-03-24	20:13:00		60	0	0	0	0	0	0	0	0	0	0	0	0	0	0	0	0	0	0	0	0	0,0000	0,0000	150,9226
2022-03-24	20:14:00		60	0	0	0	0	0	0	0	0	0	0	0	0	0	0	0	0	0	0	0	0	0,0000	0,0000	150,9226
2022-03-24	20:15:00		60	0	0	0	0	0	0	0	0	0	0	0	0	0	0	0	0	0	0	0	0	0,0000	0,0000	150,9226
2022-03-24	20:16:00		60	0	0	0	0	0	0	0	0	0	0	0	0	0	0	0	0	0	0	0	0	0,0000	0,0000	150,9226
2022-03-24	20:17:00		60	0	0	0	0	0	0	0	0	0	0	0	0	0	0	0	0	0	0	0	0	0,0000	0,0000	150,9226
2022-03-24	20:18:00		60	0	0	0	0	0	0	0	0	0	0	0	0	0	0	0	0	0	0	0	0	0,0000	0,0000	150,9226
2022-03-24	20:19:00		60	0	0	0	0	0	0	0	0	0	0	0	0	0	0	0	0	0	0	0	0	0,0000	0,0000	150,9226
2022-03-24	20:20:00		60	0	0	0	0	0	0	0	0	0	0	0	0	0	0	0	0	0	0	0	0	0,0000	0,0000	150,9226
2022-03-24	20:21:00		60	0	0	0	0	0	0	0	0	0	0	0	0	0	0	0	0	0	0	0	0	0,0000	0,0000	150,9226
2022-03-24	20:22:00		60	0	0	0	0	0	0	0	0	0	0	0	0	0	0	0	0	0	0	0	0	0,0000	0,0000	150,9226
2022-03-24	20:23:00		60	0	0	0	0	0	0	0	0	0	0	0	0	0	0	0	0	0	0	0	0	0,0000	0,0000	150,9226
2022-03-24	20:24:00		60	0	0	0	0	0	0	0	0	0	0	0	0	0	0	0	0	0	0	0	0	0,0000	0,0000	150,9226
2022-03-24	20:25:00		60	0	0	0	0	0	0	0	0	0	0	0	0	0	0	0	0	0	0	0	0	0,0000	0,0000	150,9226
2022-03-24	20:26:00		60	0	0	0	0	0	0	0	0	0	0	0	0	0	0	0	0	0	0	0	0	0,0000	0,0000	150,9226
2022-03-24	20:27:00		60	0	0	0	0	0	0	0	0	0	0	0	0	0	0	0	0	0	0	0	0	0,0000	0,0000	150,9226
2022-03-24	20:28:00		60	0	0	0	0	0	0	0	0	0	0	0	0	0	0	0	0	0	0	0	0	0,0000	0,0000	150,9226
2022-03-24	20:29:00		60	0	0	0	0	0	0	0	0	0	0	0	0	0	0	0	0	0	0	0	0	0,0000	0,0000	150,9226
2022-03-24	20:30:00		60	0	0	0	0	0	0	0	0	0	0	0	0	0	0	0	0	0	0	0	0	0,0000	0,0000	150,9226
2022-03-24	20:31:00		60	0	0	0	0	0	0	0	0	0	0	0	0	0	0	0	0	0	0	0	0	0,0000	0,0000	150,9226
2022-03-24	20:32:00		60	0	0	0	0	0	0	0	0	0	0	0	0	0	0	0	0	0	0	0	0	0,0000	0,0000	150,9226
2022-03-24	20:33:00		60	0	0	0	0	0	0	0	0	0	0	0	0	0	0	0	0	0	0	0	0	0,0000	0,0000	150,9226
2022-03-24	20:34:00		60	0	0	0	0	0	0	0	0	0	0	0	0	0	0	0	0	0	0	0	0	0,0000	0,0000	150,9226
2022-03-24	20:35:00		60	0	0	0	0	0	0	0	0	0	0	0	0	0	0	0	0	0	0	0	0	0,0000	0,0000	150,9226
2022-03-24	20:36:00		60	0	0	0	0	0	0	0	0	0	0	0	0	0	0	0	0	0	0	0	0	0,0000	0,0000	150,9226
2022-03-24	20:37:00		60	0	0	0	0	0	0	0	0	0	0	0	0	0	0	0	0	0	0	0	0	0,0000	0,0000	150,9226
2022-03-24	20:38:00		60	0	0	0	0	0	0	0	0	0	0	0	0	0	0	0	0	0	0	0	0	0,0000	0,0000	150,9226
2022-03-24	20:39:00		60	0	0	0	0	0	0	0	0	0	0	0	0	0	0	0	0	0	0	0	0	0,0000	0,0000	150,9226
2022-03-24	20:40:00		60	0	0	0	0	0	0	0	0	0	0	0	0	0	0	0	0	0	0	0	0	0,0000	0,0000	150,9226
2022-03-24	20:41:00		60	0	0	0	0	0	0	0	0	0	0	0	0	0	0	0	0	0	0	0	0	0,0000	0,0000	150,9226
2022-03-24	20:42:00		60	0	0	0	0	0	0	0	0	0	0	0	0	0	0	0	0	0	0	0	0	0,0000	0,0000	150,9226
2022-03-24	20:43:00		60	0	0	0	0	0	0	0	0	0	0	0	0	0	0	0	0	0	0	0	0	0,0000	0,0000	150,9226
2022-03-24	20:44:00		60	0	0	0	0	0	0	0	0	0	0	0	0	0	0	0	0	0	0	0	0	0,0000	0,0000	150,9226
2022-03-24	20:45:00		60	0	0	0	0	0	0	0	0	0	0	0	0	0	0	0	0	0	0	0	0	0,0000	0,0000	150,9226
2022-03-24	20:46:00		60	0	0	0	0	0	0	0	0	0	0	0	0	0	0	0	0	0	0	0	0	0,0000	0,0000	150,9226
2022-03-24	20:47:00		60	0	0	0	0	0	0	0	0	0	0	0	0	0	0	0	0	0	0	0	0	0,0000	0,0000	150,9226
2022-03-24	20:48:00		60	0	0	0	0	0	0	0	0	0	0	0	0	0	0	0	0	0	0	0	0	0,0000	0,0000	150,9226
2022-03-24	20:49:00		60	0	0	0	0	0	0	0	0	0	0	0	0	0	0	0	0	0	0	0	0	0,0000	0,0000	150,9226
2022-03-24	20:50:00		60	0	0	0	0	0	0	0	0	0	0	0	0	0	0	0	0	0	0	0	0	0,0000	0,0000	150,9226
2022-03-24	20:51:00		60	0	0	0	0	0	0	0	0	0	0	0	0	0	0	0	0	0	0	0	0	0,0000	0,0000	150,9226
2022-03-24	20:52:00		60	0	0	0	0	0	0	0	0	0	0	0	0	0	0	0	0	0	0	0	0	0,0000	0,0000	150,9226
2022-03-24	20:53:00		60	0	0	0	0	0	0	0	0	0	0	0	0	0	0	0	0	0	0	0	0	0,0000	0,0000	150,9226
2022-03-24	20:54:00		60	0	0	0	0	0	0	0	0	0	0	0	0	0	0	0	0	0	0	0	0	0,0000	0,0000	150,9226
2022-03-24	20:55:00		60	0	0	0	0	0	0	0	0	0	0	0	0	0	0	0	0	0	0	0	0	0,0000	0,0000	150,9226
2022-03-24	20:56:00		60	0	0	0	0	0	0	0	0	0	0	0	0	0	0	0	0	0	0	0	0	0,0000	0,0000	150,9226
2022-03-24	20:57:00		60	0	0	0	0	0	0	0	0	0	0	0	0	0	0	0	0	0	0	0	0	0,0000	0,0000	150,9226
2022-03-24	20:58:00		60	0	0	0	0	0	0	0	0	0	0	0	0	0	0	0	0	0	0	0	0	0,0000	0,0000	150,9226
2022-03-24	20:59:00		60	0	0	0	0	0	0	0	0	0	0	0	0	0	0	0	0	0	0	0	0	0,0000	0,0000	150,9226
2022-03-24	21:00:00		60	0	0	0	0	0	0	0	0	0	0	0	0	0	0	0	0	0	0	0	0	0,0000	0,0000	150,9226
2022-03-24	21:01:00		60	0	0	0	0	0	0	0	0	0	0	0	0	0	0	0	0	0	0	0	0	0,0000	0,0000	150,9226
2022-03-24	21:02:00		60	0	0	0	0	0	0	0	0	0	0	0	0	0	0	0	0	0	0	0	0	0,0000	0,0000	150,9226
2022-03-24	21:03:00		60	0	0	0	0	0	0	0	0	0	0	0	0	0	0	0	0	0	0	0	0	0,0000	0,0000	150,9226
2022-03-24	21:04:00		60	0	0	0	0	0	0	0	0	0	0	0	0	0	0	0	0	0	0	0	0	0,0000	0,0000	150,9226
2022-03-24	21:05:00		60	0	0	0	0	0	0	0	0	0	0	0	0	0	0	0	0	0	0	0	0	0,0000	0,0000	150,9226
2022-03-24	21:06:00		60	0	0	0	0	0	0	0	0	0	0	0	0	0	0	0	0	0	0	0	0	0,0000	0,0000	150,9226
2022-03-24	21:07:00		60	0	0	0	0	0	0	0	0	0	0	0	0	0	0	0	0	0	0	0	0	0,0000	0,0000	150,9226
2022-03-24	21:08:00		60	0	0	0	0	0	0	0	0	0	0	0	0	0	0	0	0	0	0	0	0	0,0000	0,0000	150,9226
2022-03-24	21:09:00		60	0	0	0	0	0	0	0	0	0	0	0	0	0	0	0	0	0	0	0	0	0,0000	0,0000	150,9226
2022-03-24	21:10:00		60	0	0	0	0	0	0	0	0	0	0	0	0	0	0	0	0	0	0	0	0	0,0000	0,0000	150,9226
2022-03-24	21:11:00		60	0	0	0	0	0	0	0	0	0	0	0	0	0	0	0	0	0	0	0	0	0,0000	0,0000	150,9226
2022-03-24	21:12:00		60	0	0	0	0	0	0	0	0	0	0	0	0	0	0	0	0	0	0	0	0	0,0000	0,0000	150,9226
2022-03-24	21:13:00		60	0	0	0	0	0	0	0	0	0	0	0	0	0	0	0	0	0	0	0	0	0,0000	0,0000	150,9226
2022-03-24	21:14:00		60	0	0	0	0	0	0	0	0	0	0	0	0	0	0	0	0	0	0	0	0	0,0000	0,0000	150,9226
2022-03-24	21:15:00		60	0	0	0	0	0	0	0	0	0	0	0	0	0	0	0	0	0	0	0	0	0,0000	0,0000	150,9226
2022-03-24	21:16:00		60	0	0	0	0	0	0	0	0	0	0	0	0	0	0	0	0	0	0	0	0	0,0000	0,0000	150,9226
2022-03-24	21:17:00		60	0	0	0	0	0	0	0	0	0	0	0	0	0	0	0	0	0	0	0	0	0,0000	0,0000	150,9226
2022-03-24	21:18:00		60	0	0	0	0	0	0	0	0	0	0	0	0	0	0	0	0	0	0	0	0	0,0000	0,0000	150,9226
2022-03-24	21:19:00		60	0	0	0	0	0	0	0	0	0	0	0	0	0	0	0	0	0	0	0	0	0,0000	0,0000	150,9226
2022-03-24	21:20:00		60	0	0	0	0	0	0	0	0	0	0	0	0	0	0	0	0	0	0	0	0	0,0000	0,0000	150,9226
2022-03-24	21:21:00		60	0	0	0	0	0	0	0	0	0	0	0	0	0	0	0	0	0	0	0	0	0,0000	0,0000	150,9226
2022-03-24	21:22:00		60	0	0	0	0	0	0	0	0	0	0	0	0	0	0	0	0	0	0	0	0	0,0000	0,0000	150,9226
2022-03-24	21:23:00		60	0	0	0	0	0	0	0	0	0	0	0	0	0	0	0	0	0	0	0	0	0,0000	0,0000	150,9226
2022-03-24	21:24:00		60	0	0	0	0	0	0	0	0	0	0	0	0	0	0	0	0	0	0	0	0	0,0000	0,0000	150,9226
2022-03-24	21:25:00		60	0	0	0	0	0	0	0	0	0	0	0	0	0	0	0	0	0	0	0	0	0,0000	0,0000	150,9226
2022-03-24	21:26:00		60	0	0	0	0	0	0	0	0	0	0	0	0	0	0	0	0	0	0	0	0	0,0000	0,0000	150,9226
2022-03-24	21:27:00		60	0	0	0	0	0	0	0	0	0	0	0	0	0	0	0	0	0	0	0	0	0,0000	0,0000	150,9226
2022-03-24	21:28:00		60	0	0	0	0	0	0	0	0	0	0	0	0	0	0	0	0	0	0	0	0	0,0000	0,0000	150,9226
2022-03-24	21:29:00		60	0	0	0	0	0	0	0	0	0	0	0	0	0	0	0	0	0	0	0	0	0,0000	0,0000	150,9226
2022-03-24	21:30:00		60	0	0	0	0	0	0	0	0	0	0	0	0	0	0	0	0	0	0	0	0	0,0000	0,0000	150,9226
2022-03-24	21:31:00		60	0	0	0	0	0	0	0	0	0	0	0	0	0	0	0	0	0	0	0	0	0,0000	0,0000	150,9226
2022-03-24	21:32:00		60	0	0	0	0	0	0	0	0	0	0	0	0	0	0	0	0	0	0	0	0	0,0000	0,0000	150,9226
2022-03-24	21:33:00		60	0	0	0	0	0	0	0	0	0	0	0	0	0	0	0	0	0	0	0	0	0,0000	0,0000	150,9226
2022-03-24	21:34:00		60	0	0	0	0	0	0	0	0	0	0	0	0	0	0	0	0	0	0	0	0	0,0000	0,0000	150,9226
2022-03-24	21:35:00		60	0	0	0	0	0	0	0	0	0	0	0	0	0	0	0	0	0	0	0	0	0,0000	0,0000	150,9226
2022-03-24	21:36:00		60	0	0	0	0	0	0	0	0	0	0	0	0	0	0	0	0	0	0	0	0	0,0000	0,0000	150,9226
2022-03-24	21:37:00		60	0	0	0	0	0	0	0	0	0	0	0	0	0	0	0	0	0	0	0	0	0,0000	0,0000	150,9226
2022-03-24	21:38:00		60	0	0	0	0	0	0	0	0	0	0	0	0	0	0	0	0	0	0	0	0	0,0000	0,0000	150,9226
2022-03-24	21:39:00		60	0	0	0	0	0	0	0	0	0	0	0	0	0	0	0	0	0	0	0	0	0,0000	0,0000	150,9226
2022-03-24	21:40:00		60	0	0	0	0	0	0	0	0	0	0	0	0	0	0	0	0	0	0	0	0	0,0000	0,0000	150,9226
2022-03-24	21:41:00		60	0	0	0	0	0	0	0	0	0	0	0	0	0	0	0	0	0	0	0	0	0,0000	0,0000	150,9226
2022-03-24	21:42:00		60	0	0	0	0	0	0	0	0	0	0	0	0	0	0	0	0	0	0	0	0	0,0000	0,0000	150,9226
2022-03-24	21:43:00		60	0	0	0	0	0	0	0	0	0	0	0	0	0	0	0	0	0	0	0	0	0,0000	0,0000	150,9226
2022-03-24	21:44:00		60	0	0	0	0	0	0	0	0	0	0	0	0	0	0	0	0	0	0	0	0	0,0000	0,0000	150,9226
2022-03-24	21:45:00		60	0	0	0	0	0	0	0	0	0	0	0	0	0	0	0	0	0	0	0	0	0,0000	0,0000	150,9226
2022-03-24	21:46:00		60	0	0	0	0	0	0	0	0	0	0	0	0	0	0	0	0	0	0	0	0	0,0000	0,0000	150,9226
2022-03-24	21:47:00		60	0	0	0	0	0	0	0	0	0	0	0	0	0	0	0	0	0	0	0	0	0,0000	0,0000	150,9226
2022-03-24	21:48:00		60	0	0	0	0	0	0	0	0	0	0	0	0	0	0	0	0	0	0	0	0	0,0000	0,0000	150,9226
2022-03-24	21:49:00		60	0	0	0	0	0	0	0	0	0	0	0	0	0	0	0	0	0	0	0	0	0,0000	0,0000	150,9226
2022-03-24	21:50:00		60	0	0	0	0	0	0	0	0	0	0	0	0	0	0	0	0	0	0	0	0	0,0000	0,0000	150,9226
2022-03-24	21:51:00		60	0	0	0	0	0	0	0	0	0	0	0	0	0	0	0	0	0	0	0	0	0,0000	0,0000	150,9226
2022-03-24	21:52:00		60	0	0	0	0	0	0	0	0	0	0	0	0	0	0	0	0	0	0	0	0	0,0000	0,0000	150,9226
2022-03-24	21:53:00		60	0	0	0	0	0	0	0	0	0	0	0	0	0	0	0	0	0	0	0	0	0,0000	0,0000	150,9226
2022-03-24	21:54:00		60	0	0	0	0	0	0	0	0	0	0	0	0	0	0	0	0	0	0	0	0	0,0000	0,0000	150,9226
2022-03-24	21:55:00		60	0	0	0	0	0	0	0	0	0	0	0	0	0	0	0	0	0	0	0	0	0,0000	0,0000	150,9226
2022-03-24	21:56:00		60	0	0	0	0	0	0	0	0	0	0	0	0	0	0	0	0	0	0	0	0	0,0000	0,0000	150,9226
2022-03-24	21:57:00		60	0	0	0	0	0	0	0	0	0	0	0	0	0	0	0	0	0	0	0	0	0,0000	0,0000	150,9226
2022-03-24	21:58:00		60	0	0	0	0	0	0	0	0	0	0	0	0	0	0	0	0	0	0	0	0	0,0000	0,0000	150,9226
2022-03-24	21:59:00		60	0	0	0	0	0	0	0	0	0	0	0	0	0	0	0	0	0	0	0	0	0,0000	0,0000	150,9226
2022-03-24	22:00:00		60	0	0	0	0	0	0	0	0	0	0	0	0	0	0	0	0	0	0	0	0	0,0000	0,0000	150,9226
2022-03-24	22:01:00		60	0	0	0	0	0	0	0	0	0	0	0	0	0	0	0	0	0	0	0	0	0,0000	0,0000	150,9226
2022-03-24	22:02:00		60	0	0	0	0	0	0	0	0	0	0	0	0	0	0	0	0	0	0	0	0	0,0000	0,0000	150,9226
2022-03-24	22:03:00		60	0	0	0	0	0	0	0	0	0	0	0	0	0	0	0	0	0	0	0	0	0,0000	0,0000	150,9226
2022-03-24	22:04:00		60	0	0	0	0	0	0	0	0	0	0	0	0	0	0	0	0	0	0	0	0	0,0000	0,0000	150,9226
2022-03-24	22:05:00		60	0	0	0	0	0	0	0	0	0	0	0	0	0	0	0	0	0	0	0	0	0,0000	0,0000	150,9226
2022-03-24	22:06:00		60	0	0	0	0	0	0	0	0	0	0	0	0	0	0	0	0	0	0	0	0	0,0000	0,0000	150,9226
2022-03-24	22:07:00		60	0	0	0	0	0	0	0	0	0	0	0	0	0	0	0	0	0	0	0	0	0,0000	0,0000	150,9226
2022-03-24	22:08:00		60	0	0	0	0	0	0	0	0	0	0	0	0	0	0	0	0	0	0	0	0	0,0000	0,0000	150,9226
2022-03-24	22:09:00		60	0	0	0	0	0	0	0	0	0	0	0	0	0	0	0	0	0	0	0	0	0,0000	0,0000	150,9226
2022-03-24	22:10:00		60	0	0	0	0	0	0	0	0	0	0	0	0	0	0	0	0	0	0	0	0	0,0000	0,0000	150,9226
2022-03-24	22:11:00		60	0	0	0	0	0	0	0	0	0	0	0	0	0	0	0	0	0	0	0	0	0,0000	0,0000	150,9226
2022-03-24	22:12:00		60	0	0	0	0	0	0	0	0	0	0	0	0	0	0	0	0	0	0	0	0	0,0000	0,0000	150,9226
2022-03-24	22:13:00		60	0	0	0	0	0	0	0	0	0	0	0	0	0	0	0	0	0	0	0	0	0,0000	0,0000	150,9226
2022-03-24	22:14:00		60	0	0	0	0	0	0	0	0	0	0	0	0	0	0	0	0	0	0	0	0	0,0000	0,0000	150,9226
2022-03-24	22:15:00		60	0	0	0	0	0	0	0	0	0	0	0	0	0	0	0	0	0	0	0	0	0,0000	0,0000	150,9226
2022-03-24	22:16:00		60	0	0	0	0	0	0	0	0	0	0	0	0	0	0	0	0	0	0	0	0	0,0000	0,0000	150,9226
2022-03-24	22:17:00		60	0	0	0	0	0	0	0	0	0	0	0	0	0	0	0	0	0	0	0	0	0,0000	0,0000	150,9226
2022-03-24	22:18:00		60	0	0	0	0	0	0	0	0	0	0	0	0	0	0	0	0	0	0	0	0	0,0000	0,0000	150,9226
2022-03-24	22:19:00		60	0	0	0	0	0	0	0	0	0	0	0	0	0	0	0	0	0	0	0	0	0,0000	0,0000	150,9226
2022-03-24	22:20:00		60	0	0	0	0	0	0	0	0	0	0	0	0	0	0	0	0	0	0	0	0	0,0000	0,0000	150,9226
2022-03-24	22:21:00		60	0	0	0	0	0	0	0	0	0	0	0	0	0	0	0	0	0	0	0	0	0,0000	0,0000	150,9226
2022-03-24	22:22:00		60	0	0	0	0	0	0	0	0	0	0	0	0	0	0	0	0	0	0	0	0	0,0000	0,0000	150,9226
2022-03-24	22:23:00		60	0	0	0	0	0	0	0	0	0	0	0	0	0	0	0	0	0	0	0	0	0,0000	0,0000	150,9226
2022-03-24	22:24:00		60	0	0	0	0	0	0	0	0	0	0	0	0	0	0	0	0	0	0	0	0	0,0000	0,0000	150,9226
2022-03-24	22:25:00		60	0	0	0	0	0	0	0	0	0	0	0	0	0	0	0	0	0	0	0	0	0,0000	0,0000	150,9226
2022-03-24	22:26:00		60	0	0	0	0	0	0	0	0	0	0	0	0	0	0	0	0	0	0	0	0	0,0000	0,0000	150,9226
2022-03-24	22:27:00		60	0	0	0	0	0	0	0	0	0	0	0	0	0	0	0	0	0	0	0	0	0,0000	0,0000	150,9226
2022-03-24	22:28:00		60	0	0	0	0	0	0	0	0	0	0	0	0	0	0	0	0	0	0	0	0	0,0000	0,0000	150,9226
2022-03-24	22:29:00		60	0	0	0	0	0	0	0	0	0	0	0	0	0	0	0	0	0	0	0	0	0,0000	0,0000	150,9226
2022-03-24	22:30:00		60	0	0	0	0	0	0	0	0	0	0	0	0	0	0	0	0	0	0	0	0	0,0000	0,0000	150,9226
2022-03-24	22:31:00		60	0	0	0	0	0	0	0	0	0	0	0	0	0	0	0	0	0	0	0	0	0,0000	0,0000	150,9226
2022-03-24	22:32:00		60	0	0	0	0	0	0	0	0	0	0	0	0	0	0	0	0	0	0	0	0	0,0000	0,0000	150,9226
2022-03-24	22:33:00		60	0	0	0	0	0	0	0	0	0	0	0	0	0	0	0	0	0	0	0	0	0,0000	0,0000	150,9226
2022-03-24	22:34:00		60	0	0	0	0	0	0	0	0	0	0	0	0	0	0	0	0	0	0	0	0	0,0000	0,0000	150,9226
2022-03-24	22:35:00		60	0	0	0	0	0	0	0	0	0	0	0	0	0	0	0	0	0	0	0	0	0,0000	0,0000	150,9226
2022-03-24	22:36:00		60	0	0	0	0	0	0	0	0	0	0	0	0	0	0	0	0	0	0	0	0	0,0000	0,0000	150,9226
2022-03-24	22:37:00		60	0	0	0	0	0	0	0	0	0	0	0	0	0	0	0	0	0	0	0	0	0,0000	0,0000	150,9226
2022-03-24	22:38:00		60	0	0	0	0	0	0	0	0	0	0	0	0	0	0	0	0	0	0	0	0	0,0000	0,0000	150,9226
2022-03-24	22:39:00		60	0	0	0	0	0	0	0	0	0	0	0	0	0	0	0	0	0	0	0	0	0,0000	0,0000	150,9226
2022-03-24	22:40:00		60	0	0	0	0	0	0	0	0	0	0	0	0	0	0	0	0	0	0	0	0	0,0000	0,0000	150,9226
2022-03-24	22:41:00		60	0	0	0	0	0	0	0	0	0	0	0	0	0	0	0	0	0	0	0	0	0,0000	0,0000	150,9226
2022-03-24	22:42:00		60	0	0	0	0	0	0	0	0	0	0	0	0	0	0	0	0	0	0	0	0	0,0000	0,0000	150,9226
2022-03-24	22:43:00		60	0	0	0	0	0	0	0	0	0	0	0	0	0	0	0	0	0	0	0	0	0,0000	0,0000	150,9226
2022-03-24	22:44:00		60	0	0	0	0	0	0	0	0	0	0	0	0	0	0	0	0	0	0	0	0	0,0000	0,0000	150,9226
2022-03-24	22:45:00		60	0	0	0	0	0	0	0	0	0	0	0	0	0	0	0	0	0	0	0	0	0,0000	0,0000	150,9226
2022-03-24	22:46:00		60	0	0	0	0	0	0	0	0	0	0	0	0	0	0	0	0	0	0	0	0	0,0000	0,0000	150,9226
2022-03-24	22:47:00		60	0	0	0	0	0	0	0	0	0	0	0	0	0	0	0	0	0	0	0	0	0,0000	0,0000	150,9226
2022-03-24	22:48:00		60	0	0	0	0	0	0	0	0	0	0	0	0	0	0	0	0	0	0	0	0	0,0000	0,0000	150,9226
2022-03-24	22:49:00		60	0	0	0	0	0	0	0	0	0	0	0	0	0	0	0	0	0	0	0	0	0,0000	0,0000	150,9226
2022-03-24	22:50:00		60	0	0	0	0	0	0	0	0	0	0	0	0	0	0	0	0	0	0	0	0	0,0000	0,0000	150,9226
2022-03-24	22:51:00		60	0	0	0	0	0	0	0	0	0	0	0	0	0	0	0	0	0	0	0	0	0,0000	0,0000	150,9226
2022-03-24	22:52:00		60	0	0	0	0	0	0	0	0	0	0	0	0	0	0	0	0	0	0	0	0	0,0000	0,0000	150,9226
2022-03-24	22:53:00		60	0	0	0	0	0	0	0	0	0	0	0	0	0	0	0	0	0	0	0	0	0,0000	0,0000	150,9226
2022-03-24	22:54:00		60	0	0	0	0	0	0	0	0	0	0	0	0	0	0	0	0	0	0	0	0	0,0000	0,0000	150,9226
2022-03-24	22:55:00		60	0	0	0	0	0	0	0	0	0	0	0	0	0	0	0	0	0	0	0	0	0,0000	0,0000	150,9226
2022-03-24	22:56:00		60	0	0	0	0	0	0	0	0	0	0	0	0	0	0	0	0	0	0	0	0	0,0000	0,0000	150,9226
2022-03-24	22:57:00		60	0	0	0	0	0	0	0	0	0	0	0	0	0	0	0	0	0	0	0	0	0,0000	0,0000	150,9226
2022-03-24	22:58:00		60	0	0	0	0	0	0	0	0	0	0	0	0	0	0	0	0	0	0	0	0	0,0000	0,0000	150,9226
2022-03-24	22:59:00		60	0	0	0	0	0	0	0	0	0	0	0	0	0	0	0	0	0	0	0	0	0,0000	0,0000	150,9226
2022-03-24	23:00:00		60	0	0	0	0	0	0	0	0	0	0	0	0	0	0	0	0	0	0	0	0	0,0000	0,0000	150,9226
2022-03-24	23:01:00		60	0	0	0	0	0	0	0	0	0	0	0	0	0	0	0	0	0	0	0	0	0,0000	0,0000	150,9226
2022-03-24	23:02:00		60	0	0	0	0	0	0	0	0	0	0	0	0	0	0	0	0	0	0	0	0	0,0000	0,0000	150,9226
2022-03-24	23:03:00		60	0	0	0	0	0	0	0	0	0	0	0	0	0	0	0	0	0	0	0	0	0,0000	0,0000	150,9226
2022-03-24	23:04:00		60	0	0	0	0	0	0	0	0	0	0	0	0	0	0	0	0	0	0	0	0	0,0000	0,0000	150,9226
2022-03-24	23:05:00		60	0	0	0	0	0	0	0	0	0	0	0	0	0	0	0	0	0	0	0	0	0,0000	0,0000	150,9226
2022-03-24	23:06:00		60	0	0	0	0	0	0	0	0	0	0	0	0	0	0	0	0	0	0	0	0	0,0000	0,0000	150,9226
2022-03-24	23:07:00		60	0	0	0	0	0	0	0	0	0	0	0	0	0	0	0	0	0	0	0	0	0,0000	0,0000	150,9226
2022-03-24	23:08:00		60	0	0	0	0	0	0	0	0	0	0	0	0	0	0	0	0	0	0	0	0	0,0000	0,0000	150,9226
2022-03-24	23:09:00		60	0	0	0	0	0	0	0	0	0	0	0	0	0	0	0	0	0	0	0	0	0,0000	0,0000	150,9226
2022-03-24	23:10:00		60	0	0	0	0	0	0	0	0	0	0	0	0	0	0	0	0	0	0	0	0	0,0000	0,0000	150,9226
2022-03-24	23:11:00		60	0	0	0	0	0	0	0	0	0	0	0	0	0	0	0	0	0	0	0	0	0,0000	0,0000	150,9226
2022-03-24	23:12:00		60	0	0	0	0	0	0	0	0	0	0	0	0	0	0	0	0	0	0	0	0	0,0000	0,0000	150,9226
2022-03-24	23:13:00		60	0	0	1	0	0	0	0	0	0	0	0	0	0	0	0	0	0	0	0	0	0,0011	0,0000	150,9226
2022-03-24	23:14:00		60	0	0	0	0	0	0	0	0	0	0	0	0	0	0	0	0	0	0	0	0	0,0000	0,0000	150,9226
2022-03-24	23:15:00		60	0	0	0	0	0	0	0	0	0	0	0	0	0	0	0	0	0	0	0	0	0,0000	0,0000	150,9226
2022-03-24	23:16:00		60	0	0	0	0	0	0	0	0	0	0	0	0	0	0	0	0	0	0	0	0	0,0000	0,0000	150,9226
2022-03-24	23:17:00		60	0	0	0	0	0	0	0	0	0	0	0	0	0	0	0	0	0	0	0	0	0,0000	0,0000	150,9226
2022-03-24	23:18:00		60	0	0	0	0	0	0	0	0	0	0	0	0	0	0	0	0	0	0	0	0	0,0000	0,0000	150,9226
2022-03-24	23:19:00		60	0	0	0	0	0	0	0	0	0	0	0	0	0	0	0	0	0	0	0	0	0,0000	0,0000	150,9226
2022-03-24	23:20:00		60	0	0	0	0	0	0	0	0	0	0	0	0	0	0	0	0	0	0	0	0	0,0000	0,0000	150,9226
2022-03-24	23:21:00		60	0	0	0	0	0	0	0	0	0	0	0	0	0	0	0	0	0	0	0	0	0,0000	0,0000	150,9226
2022-03-24	23:22:00		60	0	0	0	0	0	0	0	0	0	0	0	0	0	0	0	0	0	0	0	0	0,0000	0,0000	150,9226
2022-03-24	23:23:00		60	0	0	0	0	0	0	0	0	0	0	0	0	0	0	0	0	0	0	0	0	0,0000	0,0000	150,9226
2022-03-24	23:24:00		60	0	0	0	0	0	0	0	0	0	0	0	0	0	0	0	0	0	0	0	0	0,0000	0,0000	150,9226
2022-03-24	23:25:00		60	0	0	0	0	0	0	0	0	0	0	0	0	0	0	0	0	0	0	0	0	0,0000	0,0000	150,9226
2022-03-24	23:26:00		60	0	0	0	0	0	0	0	0	0	0	0	0	0	0	0	0	0	0	0	0	0,0000	0,0000	150,9226
2022-03-24	23:27:00		60	0	0	0	0	0	0	0	0	0	0	0	0	0	0	0	0	0	0	0	0	0,0000	0,0000	150,9226
2022-03-24	23:28:00		60	0	0	0	0	0	0	0	0	0	0	0	0	0	0	0	0	0	0	0	0	0,0000	0,0000	150,9226
2022-03-24	23:29:00		60	0	0	0	0	0	0	0	0	0	0	0	0	0	0	0	0	0	0	0	0	0,0000	0,0000	150,9226
2022-03-24	23:30:00		60	0	0	0	0	0	0	0	0	0	0	0	0	0	0	0	0	0	0	0	0	0,0000	0,0000	150,9226
2022-03-24	23:31:00		60	0	0	0	0	0	0	0	0	0	0	0	0	0	0	0	0	0	0	0	0	0,0000	0,0000	150,9226
2022-03-24	23:32:00		60	0	0	0	0	0	0	0	0	0	0	0	0	0	0	0	0	0	0	0	0	0,0000	0,0000	150,9226
2022-03-24	23:33:00		60	0	0	0	0	0	0	0	0	0	0	0	0	0	0	0	0	0	0	0	0	0,0000	0,0000	150,9226
2022-03-24	23:34:00		60	0	0	0	0	0	0	0	0	0	0	0	0	0	0	0	0	0	0	0	0	0,0000	0,0000	150,9226
2022-03-24	23:35:00		60	0	0	0	0	0	0	0	0	0	0	0	0	0	0	0	0	0	0	0	0	0,0000	0,0000	150,9226
2022-03-24	23:36:00		60	0	0	0	0	0	0	0	0	0	0	0	0	0	0	0	0	0	0	0	0	0,0000	0,0000	150,9226
2022-03-24	23:37:00		60	0	0	0	0	0	0	0	0	0	0	0	0	0	0	0	0	0	0	0	0	0,0000	0,0000	150,9226
2022-03-24	23:38:00		60	0	0	0	0	0	0	0	0	0	0	0	0	0	0	0	0	0	0	0	0	0,0000	0,0000	150,9226
2022-03-24	23:39:00		60	0	0	0	0	0	0	0	0	0	0	0	0	0	0	0	0	0	0	0	0	0,0000	0,0000	150,9226
2022-03-24	23:40:00		60	0	0	0	0	0	0	0	0	0	0	0	0	0	0	0	0	0	0	0	0	0,0000	0,0000	150,9226
2022-03-24	23:41:00		60	0	0	0	0	0	0	0	0	0	0	0	0	0	0	0	0	0	0	0	0	0,0000	0,0000	150,9226
2022-03-24	23:42:00		60	0	0	0	0	0	0	0	0	0	0	0	0	0	0	0	0	0	0	0	0	0,0000	0,0000	150,9226
2022-03-24	23:43:00		60	0	0	0	0	0	0	0	0	0	0	0	0	0	0	0	0	0	0	0	0	0,0000	0,0000	150,9226
2022-03-24	23:44:00		60	0	0	0	0	0	0	0	0	0	0	0	0	0	0	0	0	0	0	0	0	0,0000	0,0000	150,9226
2022-03-24	23:45:00		60	0	0	0	0	0	0	0	0	0	0	0	0	0	0	0	0	0	0	0	0	0,0000	0,0000	150,9226
2022-03-24	23:46:00		60	0	0	0	0	0	0	0	0	0	0	0	0	0	0	0	0	0	0	0	0	0,0000	0,0000	150,9226
2022-03-24	23:47:00		60	0	0	0	0	0	0	0	0	0	0	0	0	0	0	0	0	0	0	0	0	0,0000	0,0000	150,9226
2022-03-24	23:48:00		60	0	0	0	0	0	0	0	0	0	0	0	0	0	0	0	0	0	0	0	0	0,0000	0,0000	150,9226
2022-03-24	23:49:00		60	0	0	0	0	0	0	0	0	0	0	0	0	0	0	0	0	0	0	0	0	0,0000	0,0000	150,9226
2022-03-24	23:50:00		60	0	0	0	0	0	0	0	0	0	0	0	0	0	0	0	0	0	0	0	0	0,0000	0,0000	150,9226
2022-03-24	23:51:00		60	0	0	0	0	0	0	0	0	0	0	0	0	0	0	0	0	0	0	0	0	0,0000	0,0000	150,9226
2022-03-24	23:52:00		60	0	0	0	0	0	0	0	0	0	0	0	0	0	0	0	0	0	0	0	0	0,0000	0,0000	150,9226
2022-03-24	23:53:00		60	0	0	0	0	0	0	0	0	0	0	0	0	0	0	0	0	0	0	0	0	0,0000	0,0000	150,9226
2022-03-24	23:54:00		60	0	0	0	0	0	0	0	0	0	0	0	0	0	0	0	0	0	0	0	0	0,0000	0,0000	150,9226
2022-03-24	23:55:00		60	0	0	0	0	0	0	0	0	0	0	0	0	0	0	0	0	0	0	0	0	0,0000	0,0000	150,9226
2022-03-24	23:56:00		60	0	0	0	0	0	0	0	0	0	0	0	0	0	0	0	0	0	0	0	0	0,0000	0,0000	150,9226
2022-03-24	23:57:00		60	0	0	0	0	0	0	0	0	0	0	0	0	0	0	0	0	0	0	0	0	0,0000	0,0000	150,9226
2022-03-24	23:58:00		60	0	0	0	0	0	0	0	0	0	0	0	0	0	0	0	0	0	0	0	0	0,0000	0,0000	150,9226
2022-03-24	23:59:00		60	0	0	0	0	0	0	0	0	0	0	0	0	0	0	0	0	0	0	0	0	0,0000	0,0000	150,9226
2022-03-25	00:00:00		60	0	0	0	0	0	0	0	0	0	0	0	0	0	0	0	0	0	0	0	0	0,0000	0,0000	150,9226
2022-03-25	00:01:00		60	0	0	0	0	0	0	0	0	0	0	0	0	0	0	0	0	0	0	0	0	0,0000	0,0000	150,9226
2022-03-25	00:02:00		60	0	0	0	0	0	0	0	0	0	0	0	0	0	0	0	0	0	0	0	0	0,0000	0,0000	150,9226
2022-03-25	00:03:00		60	0	0	0	0	0	0	0	0	0	0	0	0	0	0	0	0	0	0	0	0	0,0000	0,0000	150,9226
2022-03-25	00:04:00		60	0	0	0	0	0	0	0	0	0	0	0	0	0	0	0	0	0	0	0	0	0,0000	0,0000	150,9226
2022-03-25	00:05:00		60	0	0	0	0	0	0	0	0	0	0	0	0	0	0	0	0	0	0	0	0	0,0000	0,0000	150,9226
2022-03-25	00:06:00		60	0	0	0	0	0	0	0	0	0	0	0	0	0	0	0	0	0	0	0	0	0,0000	0,0000	150,9226
2022-03-25	00:07:00		60	0	0	0	0	0	0	0	0	0	0	0	0	0	0	0	0	0	0	0	0	0,0000	0,0000	150,9226
2022-03-25	00:08:00		60	0	0	0	0	0	0	0	0	0	0	0	0	0	0	0	0	0	0	0	0	0,0000	0,0000	150,9226
2022-03-25	00:09:00		60	0	0	0	0	0	0	0	0	0	0	0	0	0	0	0	0	0	0	0	0	0,0000	0,0000	150,9226
2022-03-25	00:10:00		60	0	0	0	0	0	0	0	0	0	0	0	0	0	0	0	0	0	0	0	0	0,0000	0,0000	150,9226
2022-03-25	00:11:00		60	0	0	0	0	0	0	0	0	0	0	0	0	0	0	0	0	0	0	0	0	0,0000	0,0000	150,9226
2022-03-25	00:12:00		60	0	0	0	0	0	0	0	0	0	0	0	0	0	0	0	0	0	0	0	0	0,0000	0,0000	150,9226
2022-03-25	00:13:00		60	0	0	0	0	0	0	0	0	0	0	0	0	0	0	0	0	0	0	0	0	0,0000	0,0000	150,9226
2022-03-25	00:14:00		60	0	0	0	0	0	0	0	0	0	0	0	0	0	0	0	0	0	0	0	0	0,0000	0,0000	150,9226
2022-03-25	00:15:00		60	0	0	0	0	0	0	0	0	0	0	0	0	0	0	0	0	0	0	0	0	0,0000	0,0000	150,9226
2022-03-25	00:16:00		60	0	0	0	0	0	0	0	0	0	0	0	0	0	0	0	0	0	0	0	0	0,0000	0,0000	150,9226
2022-03-25	00:17:00		60	0	0	0	0	0	0	0	0	0	0	0	0	0	0	0	0	0	0	0	0	0,0000	0,0000	150,9226
2022-03-25	00:18:00		60	0	0	0	0	0	0	0	0	0	0	0	0	0	0	0	0	0	0	0	0	0,0000	0,0000	150,9226
2022-03-25	00:19:00		60	0	0	0	0	0	0	0	0	0	0	0	0	0	0	0	0	0	0	0	0	0,0000	0,0000	150,9226
2022-03-25	00:20:00		60	0	0	0	0	0	0	0	0	0	0	0	0	0	0	0	0	0	0	0	0	0,0000	0,0000	150,9226
2022-03-25	00:21:00		60	0	0	0	0	0	0	0	0	0	0	0	0	0	0	0	0	0	0	0	0	0,0000	0,0000	150,9226
2022-03-25	00:22:00		60	0	0	0	0	0	0	0	0	0	0	0	0	0	0	0	0	0	0	0	0	0,0000	0,0000	150,9226
2022-03-25	00:23:00		60	0	0	0	0	0	0	0	0	0	0	0	0	0	0	0	0	0	0	0	0	0,0000	0,0000	150,9226
2022-03-25	00:24:00		60	0	0	0	0	0	0	0	0	0	0	0	0	0	0	0	0	0	0	0	0	0,0000	0,0000	150,9226
2022-03-25	00:25:00		60	0	0	0	0	0	0	0	0	0	0	0	0	0	0	0	0	0	0	0	0	0,0000	0,0000	150,9226
2022-03-25	00:26:00		60	0	0	0	0	0	0	0	0	0	0	0	0	0	0	0	0	0	0	0	0	0,0000	0,0000	150,9226
2022-03-25	00:27:00		60	0	0	0	0	0	0	0	0	0	0	0	0	0	0	0	0	0	0	0	0	0,0000	0,0000	150,9226
2022-03-25	00:28:00		60	0	0	0	0	0	0	0	0	0	0	0	0	0	0	0	0	0	0	0	0	0,0000	0,0000	150,9226
2022-03-25	00:29:00		60	0	0	0	0	0	0	0	0	0	0	0	0	0	0	0	0	0	0	0	0	0,0000	0,0000	150,9226
2022-03-25	00:30:00		60	0	0	0	0	0	0	0	0	0	0	0	0	0	0	0	0	0	0	0	0	0,0000	0,0000	150,9226
2022-03-25	00:31:00		60	0	0	0	0	0	0	0	0	0	0	0	0	0	0	0	0	0	0	0	0	0,0000	0,0000	150,9226
2022-03-25	00:32:00		60	0	0	0	0	0	0	0	0	0	0	0	0	0	0	0	0	0	0	0	0	0,0000	0,0000	150,9226
2022-03-25	00:33:00		60	0	0	0	0	0	0	0	0	0	0	0	0	0	0	0	0	0	0	0	0	0,0000	0,0000	150,9226
2022-03-25	00:34:00		60	0	0	0	0	0	0	0	0	0	0	0	0	0	0	0	0	0	0	0	0	0,0000	0,0000	150,9226
2022-03-25	00:35:00		60	0	0	0	0	0	0	0	0	0	0	0	0	0	0	0	0	0	0	0	0	0,0000	0,0000	150,9226
2022-03-25	00:36:00		60	0	0	0	0	0	0	0	0	0	0	0	0	0	0	0	0	0	0	0	0	0,0000	0,0000	150,9226
2022-03-25	00:37:00		60	0	0	0	0	0	0	0	0	0	0	0	0	0	0	0	0	0	0	0	0	0,0000	0,0000	150,9226
2022-03-25	00:38:00		60	0	0	0	0	0	0	0	0	0	0	0	0	0	0	0	0	0	0	0	0	0,0000	0,0000	150,9226
2022-03-25	00:39:00		60	0	0	0	0	0	0	0	0	0	0	0	0	0	0	0	0	0	0	0	0	0,0000	0,0000	150,9226
2022-03-25	00:40:00		60	0	0	0	0	0	0	0	0	0	0	0	0	0	0	0	0	0	0	0	0	0,0000	0,0000	150,9226
2022-03-25	00:41:00		60	0	0	0	0	0	0	0	0	0	0	0	0	0	0	0	0	0	0	0	0	0,0000	0,0000	150,9226
2022-03-25	00:42:00		60	0	0	0	0	0	0	0	0	0	0	0	0	0	0	0	0	0	0	0	0	0,0000	0,0000	150,9226
2022-03-25	00:43:00		60	0	0	0	0	0	0	0	0	0	0	0	0	0	0	0	0	0	0	0	0	0,0000	0,0000	150,9226
2022-03-25	00:44:00		60	0	0	0	0	0	0	0	0	0	0	0	0	0	0	0	0	0	0	0	0	0,0000	0,0000	150,9226
2022-03-25	00:45:00		60	0	0	0	0	0	0	0	0	0	0	0	0	0	0	0	0	0	0	0	0	0,0000	0,0000	150,9226
2022-03-25	00:46:00		60	0	0	0	0	0	0	0	0	0	0	0	0	0	0	0	0	0	0	0	0	0,0000	0,0000	150,9226
2022-03-25	00:47:00		60	0	0	0	0	0	0	0	0	0	0	0	0	0	0	0	0	0	0	0	0	0,0000	0,0000	150,9226
2022-03-25	00:48:00		60	0	0	0	0	0	0	0	0	0	0	0	0	0	0	0	0	0	0	0	0	0,0000	0,0000	150,9226
2022-03-25	00:49:00		60	0	0	0	0	0	0	0	0	0	0	0	0	0	0	0	0	0	0	0	0	0,0000	0,0000	150,9226
2022-03-25	00:50:00		60	0	0	0	0	0	0	0	0	0	0	0	0	0	0	0	0	0	0	0	0	0,0000	0,0000	150,9226
2022-03-25	00:51:00		60	0	0	0	0	0	0	0	0	0	0	0	0	0	0	0	0	0	0	0	0	0,0000	0,0000	150,9226
2022-03-25	00:52:00		60	0	0	0	0	0	0	0	0	0	0	0	0	0	0	0	0	0	0	0	0	0,0000	0,0000	150,9226
2022-03-25	00:53:00		60	0	0	0	0	0	0	0	0	0	0	0	0	0	0	0	0	0	0	0	0	0,0000	0,0000	150,9226
2022-03-25	00:54:00		60	0	0	0	0	0	0	0	0	0	0	0	0	0	0	0	0	0	0	0	0	0,0000	0,0000	150,9226
2022-03-25	00:55:00		60	0	0	0	0	0	0	0	0	0	0	0	0	0	0	0	0	0	0	0	0	0,0000	0,0000	150,9226
2022-03-25	00:56:00		60	0	0	0	0	0	0	0	0	0	0	0	0	0	0	0	0	0	0	0	0	0,0000	0,0000	150,9226
2022-03-25	00:57:00		60	0	0	0	0	0	0	0	0	0	0	0	0	0	0	0	0	0	0	0	0	0,0000	0,0000	150,9226
2022-03-25	00:58:00		60	0	0	0	0	0	0	0	0	0	0	0	0	0	0	0	0	0	0	0	0	0,0000	0,0000	150,9226
2022-03-25	00:59:00		60	0	0	0	0	0	0	0	0	0	0	0	0	0	0	0	0	0	0	0	0	0,0000	0,0000	150,9226
2022-03-25	01:00:00		60	0	0	0	0	0	0	0	0	0	0	0	0	0	0	0	0	0	0	0	0	0,0000	0,0000	150,9226
2022-03-25	01:01:00		60	0	0	0	0	0	0	0	0	0	0	0	0	0	0	0	0	0	0	0	0	0,0000	0,0000	150,9226
2022-03-25	01:02:00		60	0	0	0	0	0	0	0	0	0	0	0	0	0	0	0	0	0	0	0	0	0,0000	0,0000	150,9226
2022-03-25	01:03:00		60	0	0	0	0	0	0	0	0	0	0	0	0	0	0	0	0	0	0	0	0	0,0000	0,0000	150,9226
2022-03-25	01:04:00		60	0	0	0	0	0	0	0	0	0	0	0	0	0	0	0	0	0	0	0	0	0,0000	0,0000	150,9226
2022-03-25	01:05:00		60	0	0	0	0	0	0	0	0	0	0	0	0	0	0	0	0	0	0	0	0	0,0000	0,0000	150,9226
2022-03-25	01:06:00		60	0	0	0	0	0	0	0	0	0	0	0	0	0	0	0	0	0	0	0	0	0,0000	0,0000	150,9226
2022-03-25	01:07:00		60	0	0	0	0	0	0	0	0	0	0	0	0	0	0	0	0	0	0	0	0	0,0000	0,0000	150,9226
2022-03-25	01:08:00		60	0	0	0	0	0	0	0	0	0	0	0	0	0	0	0	0	0	0	0	0	0,0000	0,0000	150,9226
2022-03-25	01:09:00		60	0	0	0	0	0	0	0	0	0	0	0	0	0	0	0	0	0	0	0	0	0,0000	0,0000	150,9226
2022-03-25	01:10:00		60	0	0	0	0	0	0	0	0	0	0	0	0	0	0	0	0	0	0	0	0	0,0000	0,0000	150,9226
2022-03-25	01:11:00		60	0	0	0	0	0	0	0	0	0	0	0	0	0	0	0	0	0	0	0	0	0,0000	0,0000	150,9226
2022-03-25	01:12:00		60	0	0	0	0	0	0	0	0	0	0	0	0	0	0	0	0	0	0	0	0	0,0000	0,0000	150,9226
2022-03-25	01:13:00		60	0	0	0	0	0	0	0	0	0	0	0	0	0	0	0	0	0	0	0	0	0,0000	0,0000	150,9226
2022-03-25	01:14:00		60	0	0	0	0	0	0	0	0	0	0	0	0	0	0	0	0	0	0	0	0	0,0000	0,0000	150,9226
2022-03-25	01:15:00		60	0	0	0	0	0	0	0	0	0	0	0	0	0	0	0	0	0	0	0	0	0,0000	0,0000	150,9226
2022-03-25	01:16:00		60	0	0	0	0	0	0	0	0	0	0	0	0	0	0	0	0	0	0	0	0	0,0000	0,0000	150,9226
2022-03-25	01:17:00		60	0	0	0	0	0	0	0	0	0	0	0	0	0	0	0	0	0	0	0	0	0,0000	0,0000	150,9226
2022-03-25	01:18:00		60	0	0	0	0	0	0	0	0	0	0	0	0	0	0	0	0	0	0	0	0	0,0000	0,0000	150,9226
2022-03-25	01:19:00		60	0	0	0	0	0	0	0	0	0	0	0	0	0	0	0	0	0	0	0	0	0,0000	0,0000	150,9226
2022-03-25	01:20:00		60	0	0	0	0	0	0	0	0	0	0	0	0	0	0	0	0	0	0	0	0	0,0000	0,0000	150,9226
2022-03-25	01:21:00		60	0	0	0	0	0	0	0	0	0	0	0	0	0	0	0	0	0	0	0	0	0,0000	0,0000	150,9226
2022-03-25	01:22:00		60	0	0	0	0	0	0	0	0	0	0	0	0	0	0	0	0	0	0	0	0	0,0000	0,0000	150,9226
2022-03-25	01:23:00		60	0	0	0	0	0	0	0	0	0	0	0	0	0	0	0	0	0	0	0	0	0,0000	0,0000	150,9226
2022-03-25	01:24:00		60	0	0	0	0	0	0	0	0	0	0	0	0	0	0	0	0	0	0	0	0	0,0000	0,0000	150,9226
2022-03-25	01:25:00		60	0	0	0	0	0	0	0	0	0	0	0	0	0	0	0	0	0	0	0	0	0,0000	0,0000	150,9226
2022-03-25	01:26:00		60	0	0	0	0	0	0	0	0	0	0	0	0	0	0	0	0	0	0	0	0	0,0000	0,0000	150,9226
2022-03-25	01:27:00		60	0	0	0	0	0	0	0	0	0	0	0	0	0	0	0	0	0	0	0	0	0,0000	0,0000	150,9226
2022-03-25	01:28:00		60	0	0	0	0	0	0	0	0	0	0	0	0	0	0	0	0	0	0	0	0	0,0000	0,0000	150,9226
2022-03-25	01:29:00		60	0	0	0	0	0	0	0	0	0	0	0	0	0	0	0	0	0	0	0	0	0,0000	0,0000	150,9226
2022-03-25	01:30:00		60	0	0	0	0	0	0	0	0	0	0	0	0	0	0	0	0	0	0	0	0	0,0000	0,0000	150,9226
2022-03-25	01:31:00		60	0	0	0	0	0	0	0	0	0	0	0	0	0	0	0	0	0	0	0	0	0,0000	0,0000	150,9226
2022-03-25	01:32:00		60	0	0	0	0	0	0	0	0	0	0	0	0	0	0	0	0	0	0	0	0	0,0000	0,0000	150,9226
2022-03-25	01:33:00		60	0	0	0	0	0	0	0	0	0	0	0	0	0	0	0	0	0	0	0	0	0,0000	0,0000	150,9226
2022-03-25	01:34:00		60	0	0	0	0	0	0	0	0	0	0	0	0	0	0	0	0	0	0	0	0	0,0000	0,0000	150,9226
2022-03-25	01:35:00		60	0	0	0	0	0	0	0	0	0	0	0	0	0	0	0	0	0	0	0	0	0,0000	0,0000	150,9226
2022-03-25	01:36:00		60	0	0	0	0	0	0	0	0	0	0	0	0	0	0	0	0	0	0	0	0	0,0000	0,0000	150,9226
2022-03-25	01:37:00		60	0	0	0	0	0	0	0	0	0	0	0	0	0	0	0	0	0	0	0	0	0,0000	0,0000	150,9226
2022-03-25	01:38:00		60	0	0	0	0	0	0	0	0	0	0	0	0	0	0	0	0	0	0	0	0	0,0000	0,0000	150,9226
2022-03-25	01:39:00		60	0	0	0	0	0	0	0	0	0	0	0	0	0	0	0	0	0	0	0	0	0,0000	0,0000	150,9226
2022-03-25	01:40:00		60	0	0	0	0	0	0	0	0	0	0	0	0	0	0	0	0	0	0	0	0	0,0000	0,0000	150,9226
2022-03-25	01:41:00		60	0	0	0	0	0	0	0	0	0	0	0	0	0	0	0	0	0	0	0	0	0,0000	0,0000	150,9226
2022-03-25	01:42:00		60	0	0	0	0	0	0	0	0	0	0	0	0	0	0	0	0	0	0	0	0	0,0000	0,0000	150,9226
2022-03-25	01:43:00		60	0	0	0	0	0	0	0	0	0	0	0	0	0	0	0	0	0	0	0	0	0,0000	0,0000	150,9226
2022-03-25	01:44:00		60	0	0	0	0	0	0	0	0	0	0	0	0	0	0	0	0	0	0	0	0	0,0000	0,0000	150,9226
2022-03-25	01:45:00		60	0	0	0	0	0	0	0	0	0	0	0	0	0	0	0	0	0	0	0	0	0,0000	0,0000	150,9226
2022-03-25	01:46:00		60	0	0	0	0	0	0	0	0	0	0	0	0	0	0	0	0	0	0	0	0	0,0000	0,0000	150,9226
2022-03-25	01:47:00		60	0	0	0	0	0	0	0	0	0	0	0	0	0	0	0	0	0	0	0	0	0,0000	0,0000	150,9226
2022-03-25	01:48:00		60	0	0	0	0	0	0	0	0	0	0	0	0	0	0	0	0	0	0	0	0	0,0000	0,0000	150,9226
2022-03-25	01:49:00		60	0	0	0	0	0	0	0	0	0	0	0	0	0	0	0	0	0	0	0	0	0,0000	0,0000	150,9226
2022-03-25	01:50:00		60	0	0	0	0	0	0	0	0	0	0	0	0	0	0	0	0	0	0	0	0	0,0000	0,0000	150,9226
2022-03-25	01:51:00		60	0	0	0	0	0	0	0	0	0	0	0	0	0	0	0	0	0	0	0	0	0,0000	0,0000	150,9226
2022-03-25	01:52:00		60	0	0	0	0	0	0	0	0	0	0	0	0	0	0	0	0	0	0	0	0	0,0000	0,0000	150,9226
2022-03-25	01:53:00		60	0	0	0	0	0	0	0	0	0	0	0	0	0	0	0	0	0	0	0	0	0,0000	0,0000	150,9226
2022-03-25	01:54:00		60	0	0	0	0	0	0	0	0	0	0	0	0	0	0	0	0	0	0	0	0	0,0000	0,0000	150,9226
2022-03-25	01:55:00		60	0	0	0	0	0	0	0	0	0	0	0	0	0	0	0	0	0	0	0	0	0,0000	0,0000	150,9226
2022-03-25	01:56:00		60	0	0	0	0	0	0	0	0	0	0	0	0	0	0	0	0	0	0	0	0	0,0000	0,0000	150,9226
2022-03-25	01:57:00		60	0	0	0	0	0	0	0	0	0	0	0	0	0	0	0	0	0	0	0	0	0,0000	0,0000	150,9226
2022-03-25	01:58:00		60	0	0	0	0	0	0	0	0	0	0	0	0	0	0	0	0	0	0	0	0	0,0000	0,0000	150,9226
2022-03-25	01:59:00		60	0	0	0	0	0	0	0	0	0	0	0	0	0	0	0	0	0	0	0	0	0,0000	0,0000	150,9226
2022-03-25	02:00:00		60	0	0	0	0	0	0	0	0	0	0	0	0	0	0	0	0	0	0	0	0	0,0000	0,0000	150,9226
2022-03-25	02:01:00		60	0	0	0	0	0	0	0	0	0	0	0	0	0	0	0	0	0	0	0	0	0,0000	0,0000	150,9226
2022-03-25	02:02:00		60	0	0	0	0	0	0	0	0	0	0	0	0	0	0	0	0	0	0	0	0	0,0000	0,0000	150,9226
2022-03-25	02:03:00		60	0	0	0	0	0	0	0	0	0	0	0	0	0	0	0	0	0	0	0	0	0,0000	0,0000	150,9226
2022-03-25	02:04:00		60	0	0	0	0	0	0	0	0	0	0	0	0	0	0	0	0	0	0	0	0	0,0000	0,0000	150,9226
2022-03-25	02:05:00		60	0	0	0	0	0	0	0	0	0	0	0	0	0	0	0	0	0	0	0	0	0,0000	0,0000	150,9226
2022-03-25	02:06:00		60	0	0	0	0	0	0	0	0	0	0	0	0	0	0	0	0	0	0	0	0	0,0000	0,0000	150,9226
2022-03-25	02:07:00		60	0	0	0	0	0	0	0	0	0	0	0	0	0	0	0	0	0	0	0	0	0,0000	0,0000	150,9226
2022-03-25	02:08:00		60	0	0	0	0	0	0	0	0	0	0	0	0	0	0	0	0	0	0	0	0	0,0000	0,0000	150,9226
2022-03-25	02:09:00		60	0	0	0	0	0	0	0	0	0	0	0	0	0	0	0	0	0	0	0	0	0,0000	0,0000	150,9226
2022-03-25	02:10:00		60	0	0	0	0	0	0	0	0	0	0	0	0	0	0	0	0	0	0	0	0	0,0000	0,0000	150,9226
2022-03-25	02:11:00		60	0	0	0	0	0	0	0	0	0	0	0	0	0	0	0	0	0	0	0	0	0,0000	0,0000	150,9226
2022-03-25	02:12:00		60	0	0	0	0	0	0	0	0	0	0	0	0	0	0	0	0	0	0	0	0	0,0000	0,0000	150,9226
2022-03-25	02:13:00		60	0	0	0	0	0	0	0	0	0	0	0	0	0	0	0	0	0	0	0	0	0,0000	0,0000	150,9226
2022-03-25	02:14:00		60	0	0	0	0	0	0	0	0	0	0	0	0	0	0	0	0	0	0	0	0	0,0000	0,0000	150,9226
2022-03-25	02:15:00		60	0	0	0	0	0	0	0	0	0	0	0	0	0	0	0	0	0	0	0	0	0,0000	0,0000	150,9226
2022-03-25	02:16:00		60	0	0	0	0	0	0	0	0	0	0	0	0	0	0	0	0	0	0	0	0	0,0000	0,0000	150,9226
2022-03-25	02:17:00		60	0	0	0	0	0	0	0	0	0	0	0	0	0	0	0	0	0	0	0	0	0,0000	0,0000	150,9226
2022-03-25	02:18:00		60	0	0	0	0	0	0	0	0	0	0	0	0	0	0	0	0	0	0	0	0	0,0000	0,0000	150,9226
2022-03-25	02:19:00		60	0	0	0	0	0	0	0	0	0	0	0	0	0	0	0	0	0	0	0	0	0,0000	0,0000	150,9226
2022-03-25	02:20:00		60	0	0	0	0	0	0	0	0	0	0	0	0	0	0	0	0	0	0	0	0	0,0000	0,0000	150,9226
2022-03-25	02:21:00		60	0	0	0	0	0	0	0	0	0	0	0	0	0	0	0	0	0	0	0	0	0,0000	0,0000	150,9226
2022-03-25	02:22:00		60	0	0	0	0	0	0	0	0	0	0	0	0	0	0	0	0	0	0	0	0	0,0000	0,0000	150,9226
2022-03-25	02:23:00		60	0	0	0	0	0	0	0	0	0	0	0	0	0	0	0	0	0	0	0	0	0,0000	0,0000	150,9226
2022-03-25	02:24:00		60	0	0	0	0	0	0	0	0	0	0	0	0	0	0	0	0	0	0	0	0	0,0000	0,0000	150,9226
2022-03-25	02:25:00		60	0	0	0	0	0	0	0	0	0	0	0	0	0	0	0	0	0	0	0	0	0,0000	0,0000	150,9226
2022-03-25	02:26:00		60	0	0	0	0	0	0	0	0	0	0	0	0	0	0	0	0	0	0	0	0	0,0000	0,0000	150,9226
2022-03-25	02:27:00		60	0	0	0	0	0	0	0	0	0	0	0	0	0	0	0	0	0	0	0	0	0,0000	0,0000	150,9226
2022-03-25	02:28:00		60	0	0	0	0	0	0	0	0	0	0	0	0	0	0	0	0	0	0	0	0	0,0000	0,0000	150,9226
2022-03-25	02:29:00		60	0	0	0	0	0	0	0	0	0	0	0	0	0	0	0	0	0	0	0	0	0,0000	0,0000	150,9226
2022-03-25	02:30:00		60	0	0	0	0	0	0	0	0	0	0	0	0	0	0	0	0	0	0	0	0	0,0000	0,0000	150,9226
2022-03-25	02:31:00		60	0	0	0	0	0	0	0	0	0	0	0	0	0	0	0	0	0	0	0	0	0,0000	0,0000	150,9226
2022-03-25	02:32:00		60	0	0	0	0	0	0	0	0	0	0	0	0	0	0	0	0	0	0	0	0	0,0000	0,0000	150,9226
2022-03-25	02:33:00		60	0	0	0	0	0	0	0	0	0	0	0	0	0	0	0	0	0	0	0	0	0,0000	0,0000	150,9226
2022-03-25	02:34:00		60	0	0	0	0	0	0	0	0	0	0	0	0	0	0	0	0	0	0	0	0	0,0000	0,0000	150,9226
2022-03-25	02:35:00		60	0	0	0	0	0	0	0	0	0	0	0	0	0	0	0	0	0	0	0	0	0,0000	0,0000	150,9226
2022-03-25	02:36:00		60	0	0	0	0	0	0	0	0	0	0	0	0	0	0	0	0	0	0	0	0	0,0000	0,0000	150,9226
2022-03-25	02:37:00		60	0	0	0	0	0	0	0	0	0	0	0	0	0	0	0	0	0	0	0	0	0,0000	0,0000	150,9226
2022-03-25	02:38:00		60	0	0	0	0	0	0	0	0	0	0	0	0	0	0	0	0	0	0	0	0	0,0000	0,0000	150,9226
2022-03-25	02:39:00		60	0	0	0	0	0	0	0	0	0	0	0	0	0	0	0	0	0	0	0	0	0,0000	0,0000	150,9226
2022-03-25	02:40:00		60	0	0	0	0	0	0	0	0	0	0	0	0	0	0	0	0	0	0	0	0	0,0000	0,0000	150,9226
2022-03-25	02:41:00		60	0	0	0	0	0	0	0	0	0	0	0	0	0	0	0	0	0	0	0	0	0,0000	0,0000	150,9226
2022-03-25	02:42:00		60	0	0	0	0	0	0	0	0	0	0	0	0	0	0	0	0	0	0	0	0	0,0000	0,0000	150,9226
2022-03-25	02:43:00		60	0	0	0	0	0	0	0	0	0	0	0	0	0	0	0	0	0	0	0	0	0,0000	0,0000	150,9226
2022-03-25	02:44:00		60	0	0	0	0	0	0	0	0	0	0	0	0	0	0	0	0	0	0	0	0	0,0000	0,0000	150,9226
2022-03-25	02:45:00		60	0	0	0	0	0	0	0	0	0	0	0	0	0	0	0	0	0	0	0	0	0,0000	0,0000	150,9226
2022-03-25	02:46:00		60	0	0	0	0	0	0	0	0	0	0	0	0	0	0	0	0	0	0	0	0	0,0000	0,0000	150,9226
2022-03-25	02:47:00		60	0	0	0	0	0	0	0	0	0	0	0	0	0	0	0	0	0	0	0	0	0,0000	0,0000	150,9226
2022-03-25	02:48:00		60	0	0	0	0	0	0	0	0	0	0	0	0	0	0	0	0	0	0	0	0	0,0000	0,0000	150,9226
2022-03-25	02:49:00		60	0	0	0	0	0	0	0	0	0	0	0	0	0	0	0	0	0	0	0	0	0,0000	0,0000	150,9226
2022-03-25	02:50:00		60	0	0	0	0	0	0	0	0	0	0	0	0	0	0	0	0	0	0	0	0	0,0000	0,0000	150,9226
2022-03-25	02:51:00		60	0	0	0	0	0	0	0	0	0	0	0	0	0	0	0	0	0	0	0	0	0,0000	0,0000	150,9226
2022-03-25	02:52:00		60	0	0	0	0	0	0	0	0	0	0	0	0	0	0	0	0	0	0	0	0	0,0000	0,0000	150,9226
2022-03-25	02:53:00		60	0	0	0	0	0	0	0	0	0	0	0	0	0	0	0	0	0	0	0	0	0,0000	0,0000	150,9226
2022-03-25	02:54:00		60	0	0	0	0	0	0	0	0	0	0	0	0	0	0	0	0	0	0	0	0	0,0000	0,0000	150,9226
2022-03-25	02:55:00		60	0	0	0	0	0	0	0	0	0	0	0	0	0	0	0	0	0	0	0	0	0,0000	0,0000	150,9226
2022-03-25	02:56:00		60	0	0	0	0	0	0	0	0	0	0	0	0	0	0	0	0	0	0	0	0	0,0000	0,0000	150,9226
2022-03-25	02:57:00		60	0	0	0	0	0	0	0	0	0	0	0	0	0	0	0	0	0	0	0	0	0,0000	0,0000	150,9226
2022-03-25	02:58:00		60	0	0	0	0	0	0	0	0	0	0	0	0	0	0	0	0	0	0	0	0	0,0000	0,0000	150,9226
2022-03-25	02:59:00		60	0	0	0	0	0	0	0	0	0	0	0	0	0	0	0	0	0	0	0	0	0,0000	0,0000	150,9226
2022-03-25	03:00:00		60	0	0	0	0	0	0	0	0	0	0	0	0	0	0	0	0	0	0	0	0	0,0000	0,0000	150,9226
2022-03-25	03:01:00		60	0	0	0	0	0	0	0	0	0	0	0	0	0	0	0	0	0	0	0	0	0,0000	0,0000	150,9226
2022-03-25	03:02:00		60	0	0	0	0	0	0	0	0	0	0	0	0	0	0	0	0	0	0	0	0	0,0000	0,0000	150,9226
2022-03-25	03:03:00		60	0	0	0	0	0	0	0	0	0	0	0	0	0	0	0	0	0	0	0	0	0,0000	0,0000	150,9226
2022-03-25	03:04:00		60	0	0	0	0	0	0	0	0	0	0	0	0	0	0	0	0	0	0	0	0	0,0000	0,0000	150,9226
2022-03-25	03:05:00		60	0	0	0	0	0	0	0	0	0	0	0	0	0	0	0	0	0	0	0	0	0,0000	0,0000	150,9226
2022-03-25	03:06:00		60	0	0	0	0	0	0	0	0	0	0	0	0	0	0	0	0	0	0	0	0	0,0000	0,0000	150,9226
2022-03-25	03:07:00		60	0	0	0	0	0	0	0	0	0	0	0	0	0	0	0	0	0	0	0	0	0,0000	0,0000	150,9226
2022-03-25	03:08:00		60	0	0	0	0	0	0	0	0	0	0	0	0	0	0	0	0	0	0	0	0	0,0000	0,0000	150,9226
2022-03-25	03:09:00		60	0	0	0	0	0	0	0	0	0	0	0	0	0	0	0	0	0	0	0	0	0,0000	0,0000	150,9226
2022-03-25	03:10:00		60	0	0	0	0	0	0	0	0	0	0	0	0	0	0	0	0	0	0	0	0	0,0000	0,0000	150,9226
2022-03-25	03:11:00		60	0	0	0	0	0	0	0	0	0	0	0	0	0	0	0	0	0	0	0	0	0,0000	0,0000	150,9226
2022-03-25	03:12:00		60	0	0	0	0	0	0	0	0	0	0	0	0	0	0	0	0	0	0	0	0	0,0000	0,0000	150,9226
2022-03-25	03:13:00		60	0	0	0	0	0	0	0	0	0	0	0	0	0	0	0	0	0	0	0	0	0,0000	0,0000	150,9226
2022-03-25	03:14:00		60	0	0	0	0	0	0	0	0	0	0	0	0	0	0	0	0	0	0	0	0	0,0000	0,0000	150,9226
2022-03-25	03:15:00		60	0	0	0	0	0	0	0	0	0	0	0	0	0	0	0	0	0	0	0	0	0,0000	0,0000	150,9226
2022-03-25	03:16:00		60	0	0	0	0	0	0	0	0	0	0	0	0	0	0	0	0	0	0	0	0	0,0000	0,0000	150,9226
2022-03-25	03:17:00		60	0	0	0	0	0	0	0	0	0	0	0	0	0	0	0	0	0	0	0	0	0,0000	0,0000	150,9226
2022-03-25	03:18:00		60	0	0	0	0	0	0	0	0	0	0	0	0	0	0	0	0	0	0	0	0	0,0000	0,0000	150,9226
2022-03-25	03:19:00		60	0	0	0	0	0	0	0	0	0	0	0	0	0	0	0	0	0	0	0	0	0,0000	0,0000	150,9226
2022-03-25	03:20:00		60	0	0	0	0	0	0	0	0	0	0	0	0	0	0	0	0	0	0	0	0	0,0000	0,0000	150,9226
2022-03-25	03:21:00		60	0	0	0	0	0	0	0	0	0	0	0	0	0	0	0	0	0	0	0	0	0,0000	0,0000	150,9226
2022-03-25	03:22:00		60	0	0	0	0	0	0	0	0	0	0	0	0	0	0	0	0	0	0	0	0	0,0000	0,0000	150,9226
2022-03-25	03:23:00		60	0	0	0	0	0	0	0	0	0	0	0	0	0	0	0	0	0	0	0	0	0,0000	0,0000	150,9226
2022-03-25	03:24:00		60	0	0	0	0	0	0	0	0	0	0	0	0	0	0	0	0	0	0	0	0	0,0000	0,0000	150,9226
2022-03-25	03:25:00		60	0	0	0	0	0	0	0	0	0	0	0	0	0	0	0	0	0	0	0	0	0,0000	0,0000	150,9226
2022-03-25	03:26:00		60	0	0	0	0	0	0	0	0	0	0	0	0	0	0	0	0	0	0	0	0	0,0000	0,0000	150,9226
2022-03-25	03:27:00		60	0	0	0	0	0	0	0	0	0	0	0	0	0	0	0	0	0	0	0	0	0,0000	0,0000	150,9226
2022-03-25	03:28:00		60	0	0	0	0	0	0	0	0	0	0	0	0	0	0	0	0	0	0	0	0	0,0000	0,0000	150,9226
2022-03-25	03:29:00		60	0	0	0	0	0	0	0	0	0	0	0	0	0	0	0	0	0	0	0	0	0,0000	0,0000	150,9226
2022-03-25	03:30:00		60	0	0	0	0	0	0	0	0	0	0	0	0	0	0	0	0	0	0	0	0	0,0000	0,0000	150,9226
2022-03-25	03:31:00		60	0	0	0	0	0	0	0	0	0	0	0	0	0	0	0	0	0	0	0	0	0,0000	0,0000	150,9226
2022-03-25	03:32:00		60	0	0	0	0	0	0	0	0	0	0	0	0	0	0	0	0	0	0	0	0	0,0000	0,0000	150,9226
2022-03-25	03:33:00		60	0	0	0	0	0	0	0	0	0	0	0	0	0	0	0	0	0	0	0	0	0,0000	0,0000	150,9226
2022-03-25	03:34:00		60	0	0	0	0	0	0	0	0	0	0	0	0	0	0	0	0	0	0	0	0	0,0000	0,0000	150,9226
2022-03-25	03:35:00		60	0	0	0	0	0	0	0	0	0	0	0	0	0	0	0	0	0	0	0	0	0,0000	0,0000	150,9226
2022-03-25	03:36:00		60	0	0	0	0	0	0	0	0	0	0	0	0	0	0	0	0	0	0	0	0	0,0000	0,0000	150,9226
2022-03-25	03:37:00		60	0	0	0	0	0	0	0	0	0	0	0	0	0	0	0	0	0	0	0	0	0,0000	0,0000	150,9226
2022-03-25	03:38:00		60	0	0	0	0	0	0	0	0	0	0	0	0	0	0	0	0	0	0	0	0	0,0000	0,0000	150,9226
2022-03-25	03:39:00		60	0	0	0	0	0	0	0	0	0	0	0	0	0	0	0	0	0	0	0	0	0,0000	0,0000	150,9226
2022-03-25	03:40:00		60	0	0	0	0	0	0	0	0	0	0	0	0	0	0	0	0	0	0	0	0	0,0000	0,0000	150,9226
2022-03-25	03:41:00		60	0	0	0	0	0	0	0	0	0	0	0	0	0	0	0	0	0	0	0	0	0,0000	0,0000	150,9226
2022-03-25	03:42:00		60	0	0	0	0	0	0	0	0	0	0	0	0	0	0	0	0	0	0	0	0	0,0000	0,0000	150,9226
2022-03-25	03:43:00		60	0	0	0	0	0	0	0	0	0	0	0	0	0	0	0	0	0	0	0	0	0,0000	0,0000	150,9226
2022-03-25	03:44:00		60	0	0	0	0	0	0	0	0	0	0	0	0	0	0	0	0	0	0	0	0	0,0000	0,0000	150,9226
2022-03-25	03:45:00		60	0	0	0	0	0	0	0	0	0	0	0	0	0	0	0	0	0	0	0	0	0,0000	0,0000	150,9226
2022-03-25	03:46:00		60	0	0	0	0	0	0	0	0	0	0	0	0	0	0	0	0	0	0	0	0	0,0000	0,0000	150,9226
2022-03-25	03:47:00		60	0	0	0	0	0	0	0	0	0	0	0	0	0	0	0	0	0	0	0	0	0,0000	0,0000	150,9226
2022-03-25	03:48:00		60	0	0	0	0	0	0	0	0	0	0	0	0	0	0	0	0	0	0	0	0	0,0000	0,0000	150,9226
2022-03-25	03:49:00		60	0	0	0	0	0	0	0	0	0	0	0	0	0	0	0	0	0	0	0	0	0,0000	0,0000	150,9226
2022-03-25	03:50:00		60	0	0	0	0	0	0	0	0	0	0	0	0	0	0	0	0	0	0	0	0	0,0000	0,0000	150,9226
2022-03-25	03:51:00		60	0	0	0	0	0	0	0	0	0	0	0	0	0	0	0	0	0	0	0	0	0,0000	0,0000	150,9226
2022-03-25	03:52:00		60	0	0	0	0	0	0	0	0	0	0	0	0	0	0	0	0	0	0	0	0	0,0000	0,0000	150,9226
2022-03-25	03:53:00		60	0	0	0	0	0	0	0	0	0	0	0	0	0	0	0	0	0	0	0	0	0,0000	0,0000	150,9226
2022-03-25	03:54:00		60	0	0	0	0	0	0	0	0	0	0	0	0	0	0	0	0	0	0	0	0	0,0000	0,0000	150,9226
2022-03-25	03:55:00		60	0	0	0	0	0	0	0	0	0	0	0	0	0	0	0	0	0	0	0	0	0,0000	0,0000	150,9226
2022-03-25	03:56:00		60	0	0	0	0	0	0	0	0	0	0	0	0	0	0	0	0	0	0	0	0	0,0000	0,0000	150,9226
2022-03-25	03:57:00		60	0	0	0	0	0	0	0	0	0	0	0	0	0	0	0	0	0	0	0	0	0,0000	0,0000	150,9226
2022-03-25	03:58:00		60	0	0	0	0	0	0	0	0	0	0	0	0	0	0	0	0	0	0	0	0	0,0000	0,0000	150,9226
2022-03-25	03:59:00		60	0	0	0	0	0	0	0	0	0	0	0	0	0	0	0	0	0	0	0	0	0,0000	0,0000	150,9226
2022-03-25	04:00:00		60	0	0	0	0	0	0	0	0	0	0	0	0	0	0	0	0	0	0	0	0	0,0000	0,0000	150,9226
2022-03-25	04:01:00		60	0	0	0	0	0	0	0	0	0	0	0	0	0	0	0	0	0	0	0	0	0,0000	0,0000	150,9226
2022-03-25	04:02:00		60	0	0	0	0	0	0	0	0	0	0	0	0	0	0	0	0	0	0	0	0	0,0000	0,0000	150,9226
2022-03-25	04:03:00		60	0	0	0	0	0	0	0	0	0	0	0	0	0	0	0	0	0	0	0	0	0,0000	0,0000	150,9226
2022-03-25	04:04:00		60	0	0	0	0	0	0	0	0	0	0	0	0	0	0	0	0	0	0	0	0	0,0000	0,0000	150,9226
2022-03-25	04:05:00		60	0	0	0	0	0	0	0	0	0	0	0	0	0	0	0	0	0	0	0	0	0,0000	0,0000	150,9226
2022-03-25	04:06:00		60	0	0	0	0	0	0	0	0	0	0	0	0	0	0	0	0	0	0	0	0	0,0000	0,0000	150,9226
2022-03-25	04:07:00		60	0	0	0	0	0	0	0	0	0	0	0	0	0	0	0	0	0	0	0	0	0,0000	0,0000	150,9226
2022-03-25	04:08:00		60	0	0	0	0	0	0	0	0	0	0	0	0	0	0	0	0	0	0	0	0	0,0000	0,0000	150,9226
2022-03-25	04:09:00		60	0	0	0	0	0	0	0	0	0	0	0	0	0	0	0	0	0	0	0	0	0,0000	0,0000	150,9226
2022-03-25	04:10:00		60	0	0	0	0	0	0	0	0	0	0	0	0	0	0	0	0	0	0	0	0	0,0000	0,0000	150,9226
2022-03-25	04:11:00		60	0	0	0	0	0	0	0	0	0	0	0	0	0	0	0	0	0	0	0	0	0,0000	0,0000	150,9226
2022-03-25	04:12:00		60	0	0	0	0	0	0	0	0	0	0	0	0	0	0	0	0	0	0	0	0	0,0000	0,0000	150,9226
2022-03-25	04:13:00		60	0	0	0	0	0	0	0	0	0	0	0	0	0	0	0	0	0	0	0	0	0,0000	0,0000	150,9226
2022-03-25	04:14:00		60	0	0	0	0	0	0	0	0	0	0	0	0	0	0	0	0	0	0	0	0	0,0000	0,0000	150,9226
2022-03-25	04:15:00		60	0	0	0	0	0	0	0	0	0	0	0	0	0	0	0	0	0	0	0	0	0,0000	0,0000	150,9226
2022-03-25	04:16:00		60	0	0	0	0	0	0	0	0	0	0	0	0	0	0	0	0	0	0	0	0	0,0000	0,0000	150,9226
2022-03-25	04:17:00		60	0	0	0	0	0	0	0	0	0	0	0	0	0	0	0	0	0	0	0	0	0,0000	0,0000	150,9226
2022-03-25	04:18:00		60	0	0	0	0	0	0	0	0	0	0	0	0	0	0	0	0	0	0	0	0	0,0000	0,0000	150,9226
2022-03-25	04:19:00		60	0	0	0	0	0	0	0	0	0	0	0	0	0	0	0	0	0	0	0	0	0,0000	0,0000	150,9226
2022-03-25	04:20:00		60	0	0	0	0	0	0	0	0	0	0	0	0	0	0	0	0	0	0	0	0	0,0000	0,0000	150,9226
2022-03-25	04:21:00		60	0	0	0	0	0	0	0	0	0	0	0	0	0	0	0	0	0	0	0	0	0,0000	0,0000	150,9226
2022-03-25	04:22:00		60	0	0	0	0	0	0	0	0	0	0	0	0	0	0	0	0	0	0	0	0	0,0000	0,0000	150,9226
2022-03-25	04:23:00		60	0	0	0	0	0	0	0	0	0	0	0	0	0	0	0	0	0	0	0	0	0,0000	0,0000	150,9226
2022-03-25	04:24:00		60	0	0	0	0	0	0	0	0	0	0	0	0	0	0	0	0	0	0	0	0	0,0000	0,0000	150,9226
2022-03-25	04:25:00		60	0	0	0	0	0	0	0	0	0	0	0	0	0	0	0	0	0	0	0	0	0,0000	0,0000	150,9226
2022-03-25	04:26:00		60	0	0	0	0	0	0	0	0	0	0	0	0	0	0	0	0	0	0	0	0	0,0000	0,0000	150,9226
2022-03-25	04:27:00		60	0	0	0	0	0	0	0	0	0	0	0	0	0	0	0	0	0	0	0	0	0,0000	0,0000	150,9226
2022-03-25	04:28:00		60	0	0	0	0	0	0	0	0	0	0	0	0	0	0	0	0	0	0	0	0	0,0000	0,0000	150,9226
2022-03-25	04:29:00		60	0	0	0	0	0	0	0	0	0	0	0	0	0	0	0	0	0	0	0	0	0,0000	0,0000	150,9226
2022-03-25	04:30:00		60	0	0	0	0	0	0	0	0	0	0	0	0	0	0	0	0	0	0	0	0	0,0000	0,0000	150,9226
2022-03-25	04:31:00		60	0	0	0	0	0	0	0	0	0	0	0	0	0	0	0	0	0	0	0	0	0,0000	0,0000	150,9226
2022-03-25	04:32:00		60	0	0	0	0	0	0	0	0	0	0	0	0	0	0	0	0	0	0	0	0	0,0000	0,0000	150,9226
2022-03-25	04:33:00		60	0	0	0	0	0	0	0	0	0	0	0	0	0	0	0	0	0	0	0	0	0,0000	0,0000	150,9226
2022-03-25	04:34:00		60	0	0	0	0	0	0	0	0	0	0	0	0	0	0	0	0	0	0	0	0	0,0000	0,0000	150,9226
2022-03-25	04:35:00		60	0	0	0	0	0	0	0	0	0	0	0	0	0	0	0	0	0	0	0	0	0,0000	0,0000	150,9226
2022-03-25	04:36:00		60	0	0	0	0	0	0	0	0	0	0	0	0	0	0	0	0	0	0	0	0	0,0000	0,0000	150,9226
2022-03-25	04:37:00		60	0	0	0	0	0	0	0	0	0	0	0	0	0	0	0	0	0	0	0	0	0,0000	0,0000	150,9226
2022-03-25	04:38:00		60	0	0	0	0	0	0	0	0	0	0	0	0	0	0	0	0	0	0	0	0	0,0000	0,0000	150,9226
2022-03-25	04:39:00		60	0	0	0	0	0	0	0	0	0	0	0	0	0	0	0	0	0	0	0	0	0,0000	0,0000	150,9226
2022-03-25	04:40:00		60	0	0	0	0	0	0	0	0	0	0	0	0	0	0	0	0	0	0	0	0	0,0000	0,0000	150,9226
2022-03-25	04:41:00		60	0	0	0	0	0	0	0	0	0	0	0	0	0	0	0	0	0	0	0	0	0,0000	0,0000	150,9226
2022-03-25	04:42:00		60	0	0	0	0	0	0	0	0	0	0	0	0	0	0	0	0	0	0	0	0	0,0000	0,0000	150,9226
2022-03-25	04:43:00		60	0	0	0	0	0	0	0	0	0	0	0	0	0	0	0	0	0	0	0	0	0,0000	0,0000	150,9226
2022-03-25	04:44:00		60	0	0	0	0	0	0	0	0	0	0	0	0	0	0	0	0	0	0	0	0	0,0000	0,0000	150,9226
2022-03-25	04:45:00		60	0	0	0	0	0	0	0	0	0	0	0	0	0	0	0	0	0	0	0	0	0,0000	0,0000	150,9226
2022-03-25	04:46:00		60	0	0	0	0	0	0	0	0	0	0	0	0	0	0	0	0	0	0	0	0	0,0000	0,0000	150,9226
2022-03-25	04:47:00		60	0	0	0	0	0	0	0	0	0	0	0	0	0	0	0	0	0	0	0	0	0,0000	0,0000	150,9226
2022-03-25	04:48:00		60	0	0	0	0	0	0	0	0	0	0	0	0	0	0	0	0	0	0	0	0	0,0000	0,0000	150,9226
2022-03-25	04:49:00		60	0	0	0	0	0	0	0	0	0	0	0	0	0	0	0	0	0	0	0	0	0,0000	0,0000	150,9226
2022-03-25	04:50:00		60	0	0	0	0	0	0	0	0	0	0	0	0	0	0	0	0	0	0	0	0	0,0000	0,0000	150,9226
2022-03-25	04:51:00		60	0	0	0	0	0	0	0	0	0	0	0	0	0	0	0	0	0	0	0	0	0,0000	0,0000	150,9226
2022-03-25	04:52:00		60	0	0	0	0	0	0	0	0	0	0	0	0	0	0	0	0	0	0	0	0	0,0000	0,0000	150,9226
2022-03-25	04:53:00		60	0	0	0	0	0	0	0	0	0	0	0	0	0	0	0	0	0	0	0	0	0,0000	0,0000	150,9226
2022-03-25	04:54:00		60	0	0	0	0	0	0	0	0	0	0	0	0	0	0	0	0	0	0	0	0	0,0000	0,0000	150,9226
2022-03-25	04:55:00		60	0	0	0	0	0	0	0	0	0	0	0	0	0	0	0	0	0	0	0	0	0,0000	0,0000	150,9226
2022-03-25	04:56:00		60	0	1	1	2	1	1	0	0	0	0	0	0	0	0	0	0	0	0	0	0	0,0129	0,0002	150,9228
2022-03-25	04:57:00		60	0	4	8	21	7	1	0	0	0	0	0	0	0	0	0	0	0	0	0	0	0,0730	0,0012	150,9241
2022-03-25	04:58:00		60	0	5	14	4	0	1	0	0	0	0	0	0	0	0	0	0	0	0	0	0	0,0296	0,0005	150,9245
2022-03-25	04:59:00		60	0	23	18	5	0	0	1	1	0	0	0	0	0	0	0	0	0	0	0	0	0,0649	0,0011	150,9256
2022-03-25	05:00:00		60	14	21	9	16	79	80	21	1	0	0	0	0	0	0	0	0	0	0	0	0	0,8626	0,0144	150,9400
2022-03-25	05:01:00		60	18	24	99	78	12	1	0	0	0	0	0	0	0	0	0	0	0	0	0	0	0,3012	0,0050	150,9450
2022-03-25	05:02:00		60	19	169	82	1	0	0	0	0	0	0	0	0	0	0	0	0	0	0	0	0	0,1935	0,0032	150,9482
2022-03-25	05:03:00		60	80	46	1	0	0	0	0	0	0	0	0	0	0	0	0	0	0	0	0	0	0,0515	0,0009	150,9491
2022-03-25	05:04:00		60	8	1	0	0	0	0	0	0	0	0	0	0	0	0	0	0	0	0	0	0	0,0029	0,0000	150,9492
2022-03-25	05:05:00		60	0	0	0	0	0	0	0	0	0	0	0	0	0	0	0	0	0	0	0	0	0,0000	0,0000	150,9492
2022-03-25	05:06:00		60	2	6	0	0	0	0	0	0	0	0	0	0	0	0	0	0	0	0	0	0	0,0041	0,0001	150,9492
2022-03-25	05:07:00		60	6	0	0	0	0	0	0	0	0	0	0	0	0	0	0	0	0	0	0	0	0,0017	0,0000	150,9493
2022-03-25	05:08:00		60	0	4	1	2	0	0	0	0	0	0	0	0	0	0	0	0	0	0	0	0	0,0070	0,0001	150,9494
2022-03-25	05:09:00		60	40	52	10	2	0	0	0	0	0	0	0	0	0	0	0	0	0	0	0	0	0,0565	0,0009	150,9503
2022-03-25	05:10:00		60	71	65	6	1	0	0	0	0	0	0	0	0	0	0	0	0	0	0	0	0	0,0672	0,0011	150,9514
2022-03-25	05:11:00		60	37	20	3	0	0	0	0	0	0	0	0	0	0	0	0	0	0	0	0	0	0,0257	0,0004	150,9519
2022-03-25	05:12:00		60	5	4	1	0	0	0	0	0	0	0	0	0	0	0	0	0	0	0	0	0	0,0049	0,0001	150,9519
2022-03-25	05:13:00		60	5	0	0	0	0	0	0	0	0	0	0	0	0	0	0	0	0	0	0	0	0,0015	0,0000	150,9520
2022-03-25	05:14:00		60	8	1	0	0	0	0	0	0	0	0	0	0	0	0	0	0	0	0	0	0	0,0029	0,0000	150,9520
2022-03-25	05:15:00		60	18	9	0	0	0	0	0	0	0	0	0	0	0	0	0	0	0	0	0	0	0,0106	0,0002	150,9522
2022-03-25	05:16:00		60	7	0	0	0	0	0	0	0	0	0	0	0	0	0	0	0	0	0	0	0	0,0020	0,0000	150,9522
2022-03-25	05:17:00		60	0	0	0	0	0	0	0	0	0	0	0	0	0	0	0	0	0	0	0	0	0,0000	0,0000	150,9522
2022-03-25	05:18:00		60	0	0	0	0	0	0	0	0	0	0	0	0	0	0	0	0	0	0	0	0	0,0000	0,0000	150,9522
2022-03-25	05:19:00		60	0	0	0	0	0	0	0	0	0	0	0	0	0	0	0	0	0	0	0	0	0,0000	0,0000	150,9522
2022-03-25	05:20:00		60	0	0	0	0	0	0	0	0	0	0	0	0	0	0	0	0	0	0	0	0	0,0000	0,0000	150,9522
2022-03-25	05:21:00		60	0	0	0	0	0	0	0	0	0	0	0	0	0	0	0	0	0	0	0	0	0,0000	0,0000	150,9522
2022-03-25	05:22:00		60	0	0	0	0	0	0	0	0	0	0	0	0	0	0	0	0	0	0	0	0	0,0000	0,0000	150,9522
2022-03-25	05:23:00		60	0	0	0	0	0	0	0	0	0	0	0	0	0	0	0	0	0	0	0	0	0,0000	0,0000	150,9522
2022-03-25	05:24:00		60	0	0	0	0	0	0	0	0	0	0	0	0	0	0	0	0	0	0	0	0	0,0000	0,0000	150,9522
2022-03-25	05:25:00		60	0	0	0	0	0	0	0	0	0	0	0	0	0	0	0	0	0	0	0	0	0,0000	0,0000	150,9522
2022-03-25	05:26:00		60	0	0	0	0	0	0	0	0	0	0	0	0	0	0	0	0	0	0	0	0	0,0000	0,0000	150,9522
2022-03-25	05:27:00		60	0	0	0	0	0	0	0	0	0	0	0	0	0	0	0	0	0	0	0	0	0,0000	0,0000	150,9522
2022-03-25	05:28:00		60	0	0	0	0	0	0	0	0	0	0	0	0	0	0	0	0	0	0	0	0	0,0000	0,0000	150,9522
2022-03-25	05:29:00		60	0	0	0	0	0	0	0	0	0	0	0	0	0	0	0	0	0	0	0	0	0,0000	0,0000	150,9522
2022-03-25	05:30:00		60	0	0	0	0	0	0	0	0	0	0	0	0	0	0	0	0	0	0	0	0	0,0000	0,0000	150,9522
2022-03-25	05:31:00		60	0	0	0	0	0	0	0	0	0	0	0	0	0	0	0	0	0	0	0	0	0,0000	0,0000	150,9522
2022-03-25	05:32:00		60	0	0	0	0	0	0	0	0	0	0	0	0	0	0	0	0	0	0	0	0	0,0000	0,0000	150,9522
2022-03-25	05:33:00		60	0	0	0	0	0	0	0	0	0	0	0	0	0	0	0	0	0	0	0	0	0,0000	0,0000	150,9522
2022-03-25	05:34:00		60	8	5	1	18	0	0	0	0	0	0	0	0	0	0	0	0	0	0	0	0	0,0383	0,0006	150,9529
2022-03-25	05:35:00		60	41	11	2	19	0	1	0	0	0	0	1	4	2	2	0	0	0	0	0	0	0,9062	0,0151	150,9680
2022-03-25	05:36:00		60	25	1	2	4	0	0	0	0	0	0	2	3	1	1	0	0	0	0	0	0	0,5790	0,0096	150,9776
2022-03-25	05:37:00		60	8	0	1	2	1	0	0	0	3	5	7	0	0	0	0	0	0	0	0	0	0,5266	0,0088	150,9864
2022-03-25	05:38:00		60	2	0	0	0	0	3	0	5	5	5	1	1	0	0	0	0	0	0	0	0	0,4577	0,0076	150,9940
2022-03-25	05:39:00		60	1	0	0	0	0	1	4	8	5	4	1	0	0	0	0	0	0	0	0	0	0,4258	0,0071	151,0011
2022-03-25	05:40:00		60	0	1	1	0	2	1	15	9	2	0	0	0	0	0	0	0	0	0	0	0	0,3194	0,0053	151,0064
2022-03-25	05:41:00		60	0	0	0	0	2	1	6	1	0	1	0	0	0	0	0	0	0	0	0	0	0,1068	0,0018	151,0082
2022-03-25	05:42:00		60	1	1	0	0	3	2	2	1	0	0	0	0	0	0	0	0	0	0	0	0	0,0514	0,0009	151,0091
2022-03-25	05:43:00		60	2	0	1	3	52	58	7	0	0	0	0	0	0	0	0	0	0	0	0	0	0,4952	0,0083	151,0173
2022-03-25	05:44:00		60	4	9	57	30	25	1	0	0	0	0	0	0	0	0	0	0	0	0	0	0	0,1964	0,0033	151,0206
2022-03-25	05:45:00		60	2	39	3	1	1	0	0	0	0	0	0	0	0	0	0	0	0	0	0	0	0,0315	0,0005	151,0211
2022-03-25	05:46:00		60	1	0	0	2	0	0	1	0	0	0	0	0	0	0	0	0	0	0	0	0	0,0126	0,0002	151,0213
2022-03-25	05:47:00		60	1	0	0	2	0	0	1	0	0	0	0	0	0	0	0	0	0	0	0	0	0,0126	0,0002	151,0215
2022-03-25	05:48:00		60	0	0	0	0	0	0	0	0	0	0	0	0	0	0	0	0	0	0	0	0	0,0000	0,0000	151,0215
2022-03-25	05:49:00		60	1	0	0	0	0	0	1	0	0	0	0	0	0	0	0	0	0	0	0	0	0,0090	0,0002	151,0217
2022-03-25	05:50:00		60	0	0	0	0	0	0	0	0	0	0	0	0	0	0	0	0	0	0	0	0	0,0000	0,0000	151,0217
2022-03-25	05:51:00		60	0	0	0	0	0	0	0	0	0	0	0	0	0	0	0	0	0	0	0	0	0,0000	0,0000	151,0217
2022-03-25	05:52:00		60	0	0	0	0	0	0	0	0	0	0	0	0	0	0	0	0	0	0	0	0	0,0000	0,0000	151,0217
2022-03-25	05:53:00		60	0	0	0	0	0	0	0	0	0	0	0	0	0	0	0	0	0	0	0	0	0,0000	0,0000	151,0217
2022-03-25	05:54:00		60	0	0	0	0	0	0	0	0	0	0	0	0	0	0	0	0	0	0	0	0	0,0000	0,0000	151,0217
2022-03-25	05:55:00		60	0	0	0	0	0	0	0	0	0	0	0	0	0	0	0	0	0	0	0	0	0,0000	0,0000	151,0217
2022-03-25	05:56:00		60	0	0	0	0	0	0	0	0	0	0	0	0	0	0	0	0	0	0	0	0	0,0000	0,0000	151,0217
2022-03-25	05:57:00		60	0	0	0	0	0	0	0	0	0	0	0	0	0	0	0	0	0	0	0	0	0,0000	0,0000	151,0217
2022-03-25	05:58:00		60	0	0	0	0	0	0	0	0	0	0	0	0	0	0	0	0	0	0	0	0	0,0000	0,0000	151,0217
2022-03-25	05:59:00		60	0	0	0	0	0	0	0	0	0	0	0	0	0	0	0	0	0	0	0	0	0,0000	0,0000	151,0217
2022-03-25	06:00:00		60	0	0	0	0	0	0	0	0	0	0	0	0	0	0	0	0	0	0	0	0	0,0000	0,0000	151,0217
2022-03-25	06:01:00		60	0	0	0	0	0	0	0	0	0	0	0	0	0	0	0	0	0	0	0	0	0,0000	0,0000	151,0217
2022-03-25	06:02:00		60	0	0	0	0	0	0	2	0	0	0	0	0	0	0	0	0	0	0	0	0	0,0175	0,0003	151,0220
2022-03-25	06:03:00		60	0	0	0	0	0	7	5	0	0	0	0	0	0	0	0	0	0	0	0	0	0,0771	0,0013	151,0233
2022-03-25	06:04:00		60	0	0	0	0	0	10	13	0	0	0	0	0	0	0	0	0	0	0	0	0	0,1613	0,0027	151,0260
2022-03-25	06:05:00		60	0	0	0	0	1	13	12	0	0	0	0	0	0	0	0	0	0	0	0	0	0,1698	0,0028	151,0288
2022-03-25	06:06:00		60	0	0	0	0	0	19	3	0	0	0	0	0	0	0	0	0	0	0	0	0	0,1171	0,0020	151,0307
2022-03-25	06:07:00		60	1	0	0	0	2	5	1	0	0	0	0	0	0	0	0	0	0	0	0	0	0,0387	0,0006	151,0314
2022-03-25	06:08:00		60	1	0	0	0	3	0	0	0	0	0	1	0	0	0	0	0	0	0	0	0	0,0528	0,0009	151,0323
2022-03-25	06:09:00		60	1	1	0	0	0	1	0	0	0	0	0	0	0	0	0	0	0	0	0	0	0,0057	0,0001	151,0324
2022-03-25	06:10:00		60	0	0	0	0	0	0	0	0	0	0	0	0	0	0	0	0	0	0	0	0	0,0000	0,0000	151,0324
2022-03-25	06:11:00		60	0	0	0	0	0	0	0	0	0	0	0	0	0	0	0	0	0	0	0	0	0,0000	0,0000	151,0324
2022-03-25	06:12:00		60	0	0	0	0	0	0	0	0	0	0	0	0	0	0	0	0	0	0	0	0	0,0000	0,0000	151,0324
2022-03-25	06:13:00		60	1	0	0	0	0	0	0	0	1	0	0	0	0	0	0	0	0	0	0	0	0,0218	0,0004	151,0327
2022-03-25	06:14:00		60	0	0	0	0	0	0	1	1	0	0	0	0	0	0	0	0	0	0	0	0	0,0235	0,0004	151,0331
2022-03-25	06:15:00		60	0	0	0	0	0	0	1	0	1	0	0	0	0	0	0	0	0	0	0	0	0,0302	0,0005	151,0336
2022-03-25	06:16:00		60	0	0	0	0	0	0	0	0	0	0	0	0	0	0	0	0	0	0	0	0	0,0000	0,0000	151,0336
2022-03-25	06:17:00		60	0	0	0	0	0	0	0	0	0	0	0	0	0	0	0	0	0	0	0	0	0,0000	0,0000	151,0336
2022-03-25	06:18:00		60	5	0	0	0	0	0	1	0	0	0	0	0	0	0	0	0	0	0	0	0	0,0102	0,0002	151,0338
2022-03-25	06:19:00		60	0	0	0	0	0	0	0	0	0	0	0	0	0	0	0	0	0	0	0	0	0,0000	0,0000	151,0338
2022-03-25	06:20:00		60	0	0	0	0	0	1	0	0	0	0	0	0	0	0	0	0	0	0	0	0	0,0048	0,0001	151,0339
2022-03-25	06:21:00		60	0	0	0	0	0	1	0	0	0	0	0	0	0	0	0	0	0	0	0	0	0,0048	0,0001	151,0340
2022-03-25	06:22:00		60	1	0	0	0	0	2	0	0	0	0	0	0	0	0	0	0	0	0	0	0	0,0099	0,0002	151,0341
2022-03-25	06:23:00		60	0	0	0	0	0	0	0	0	0	0	0	0	0	0	0	0	0	0	0	0	0,0000	0,0000	151,0341
2022-03-25	06:24:00		60	0	0	0	0	0	0	0	0	0	0	0	0	0	0	0	0	0	0	0	0	0,0000	0,0000	151,0341
2022-03-25	06:25:00		60	0	0	0	0	0	0	0	0	0	0	0	0	0	0	0	0	0	0	0	0	0,0000	0,0000	151,0341
2022-03-25	06:26:00		60	0	0	0	0	0	0	0	0	0	0	0	0	0	0	0	0	0	0	0	0	0,0000	0,0000	151,0341
2022-03-25	06:27:00		60	0	0	0	0	0	0	0	0	0	0	0	0	0	0	0	0	0	0	0	0	0,0000	0,0000	151,0341
2022-03-25	06:28:00		60	0	0	0	0	0	0	0	0	0	0	0	0	0	0	0	0	0	0	0	0	0,0000	0,0000	151,0341
2022-03-25	06:29:00		60	0	0	0	0	0	0	0	0	0	0	0	0	0	0	0	0	0	0	0	0	0,0000	0,0000	151,0341
2022-03-25	06:30:00		60	0	0	0	0	0	0	0	0	0	0	0	0	0	0	0	0	0	0	0	0	0,0000	0,0000	151,0341
2022-03-25	06:31:00		60	0	0	0	0	0	0	0	0	0	0	0	0	0	0	0	0	0	0	0	0	0,0000	0,0000	151,0341
2022-03-25	06:32:00		60	0	0	0	0	0	0	0	0	0	0	0	0	0	0	0	0	0	0	0	0	0,0000	0,0000	151,0341
2022-03-25	06:33:00		60	0	0	0	0	0	0	0	0	0	0	0	0	0	0	0	0	0	0	0	0	0,0000	0,0000	151,0341
2022-03-25	06:34:00		60	1	6	2	0	0	0	0	0	0	0	0	0	0	0	0	0	0	0	0	0	0,0059	0,0001	151,0342
2022-03-25	06:35:00		60	34	3	3	0	0	0	0	0	0	0	0	0	0	0	0	0	0	0	0	0	0,0148	0,0002	151,0345
2022-03-25	06:36:00		60	13	15	2	0	0	0	0	0	0	0	0	0	0	0	0	0	0	0	0	0	0,0148	0,0002	151,0347
2022-03-25	06:37:00		60	0	0	0	0	0	0	0	0	0	0	0	0	0	0	0	0	0	0	0	0	0,0000	0,0000	151,0347
2022-03-25	06:38:00		60	0	0	0	0	0	0	0	0	0	0	0	0	0	0	0	0	0	0	0	0	0,0000	0,0000	151,0347
2022-03-25	06:39:00		60	0	0	0	0	0	0	0	0	0	0	0	0	0	0	0	0	0	0	0	0	0,0000	0,0000	151,0347
2022-03-25	06:40:00		60	0	0	0	0	0	0	0	0	0	0	0	0	0	0	0	0	0	0	0	0	0,0000	0,0000	151,0347
2022-03-25	06:41:00		60	0	0	0	0	0	0	0	0	0	0	0	0	0	0	0	0	0	0	0	0	0,0000	0,0000	151,0347
2022-03-25	06:42:00		60	0	0	0	0	0	0	0	0	0	0	0	0	0	0	0	0	0	0	0	0	0,0000	0,0000	151,0347
2022-03-25	06:43:00		60	0	0	0	0	0	0	0	0	0	0	0	0	0	0	0	0	0	0	0	0	0,0000	0,0000	151,0347
2022-03-25	06:44:00		60	0	0	0	0	0	0	0	0	0	0	0	0	0	0	0	0	0	0	0	0	0,0000	0,0000	151,0347
2022-03-25	06:45:00		60	0	0	0	0	0	0	0	0	0	0	0	0	0	0	0	0	0	0	0	0	0,0000	0,0000	151,0347
2022-03-25	06:46:00		60	0	0	0	0	0	0	0	0	0	0	0	0	0	0	0	0	0	0	0	0	0,0000	0,0000	151,0347
2022-03-25	06:47:00		60	0	0	0	0	0	0	0	0	0	0	0	0	0	0	0	0	0	0	0	0	0,0000	0,0000	151,0347
2022-03-25	06:48:00		60	0	0	0	0	0	0	0	0	0	0	0	0	0	0	0	0	0	0	0	0	0,0000	0,0000	151,0347
2022-03-25	06:49:00		60	0	0	0	0	0	0	0	0	0	0	0	0	0	0	0	0	0	0	0	0	0,0000	0,0000	151,0347
2022-03-25	06:50:00		60	0	0	0	0	0	0	0	0	0	0	0	0	0	0	0	0	0	0	0	0	0,0000	0,0000	151,0347
2022-03-25	06:51:00		60	0	0	0	0	0	0	0	1	0	0	0	0	0	0	0	0	0	0	0	0	0,0148	0,0002	151,0350
2022-03-25	06:52:00		60	0	0	0	0	0	0	0	0	0	0	0	0	0	0	0	0	0	0	0	0	0,0000	0,0000	151,0350
2022-03-25	06:53:00		60	0	0	0	0	0	0	0	0	0	0	0	0	0	0	0	0	0	0	0	0	0,0000	0,0000	151,0350
2022-03-25	06:54:00		60	0	0	0	0	0	0	0	0	0	0	0	0	0	0	0	0	0	0	0	0	0,0000	0,0000	151,0350
2022-03-25	06:55:00		60	0	0	0	0	0	0	0	0	0	0	0	0	0	0	0	0	0	0	0	0	0,0000	0,0000	151,0350
2022-03-25	06:56:00		60	0	0	0	0	0	0	0	0	0	0	0	0	0	0	0	0	0	0	0	0	0,0000	0,0000	151,0350
2022-03-25	06:57:00		60	0	0	0	0	0	0	0	0	0	0	0	0	0	0	0	0	0	0	0	0	0,0000	0,0000	151,0350
2022-03-25	06:58:00		60	0	0	0	0	0	0	1	0	0	0	0	0	0	0	0	0	0	0	0	0	0,0087	0,0001	151,0351
2022-03-25	06:59:00		60	0	0	0	0	0	0	2	0	0	0	0	0	0	0	0	0	0	0	0	0	0,0175	0,0003	151,0354
2022-03-25	07:00:00		60	2	0	1	0	0	0	0	0	0	0	0	0	0	0	0	0	0	0	0	0	0,0016	0,0000	151,0354
2022-03-25	07:01:00		60	0	0	0	0	0	0	0	0	0	0	0	0	0	0	0	0	0	0	0	0	0,0000	0,0000	151,0354
2022-03-25	07:02:00		60	0	1	0	0	0	0	0	0	0	1	0	0	0	0	0	0	0	0	0	0	0,0296	0,0005	151,0359
2022-03-25	07:03:00		60	1	0	0	0	0	0	0	1	0	1	0	0	0	0	0	0	0	0	0	0	0,0441	0,0007	151,0366
2022-03-25	07:04:00		60	0	0	0	0	0	0	1	0	0	0	0	0	0	0	0	0	0	0	0	0	0,0087	0,0001	151,0368
2022-03-25	07:05:00		60	0	0	0	0	0	0	0	1	1	0	0	0	0	0	0	0	0	0	0	0	0,0363	0,0006	151,0374
2022-03-25	07:06:00		60	0	0	0	0	0	0	0	1	0	0	1	0	0	0	0	0	0	0	0	0	0,0587	0,0010	151,0384
2022-03-25	07:07:00		60	0	0	0	0	0	0	0	0	0	0	0	0	0	0	0	0	0	0	0	0	0,0000	0,0000	151,0384
2022-03-25	07:08:00		60	0	0	0	0	0	0	0	1	0	0	2	0	0	0	0	0	0	0	0	0	0,1027	0,0017	151,0401
2022-03-25	07:09:00		60	0	0	0	0	0	0	0	0	0	1	0	0	0	0	0	0	0	0	0	0	0,0290	0,0005	151,0406
2022-03-25	07:10:00		60	1	0	0	0	0	0	0	0	1	0	0	1	0	0	0	0	0	0	0	0	0,0942	0,0016	151,0421
2022-03-25	07:11:00		60	3	0	0	0	0	0	0	0	0	0	2	1	0	0	0	0	0	0	0	0	0,1611	0,0027	151,0448
2022-03-25	07:12:00		60	3	1	0	0	0	0	0	0	2	2	2	2	0	0	0	0	0	0	0	0	0,3351	0,0056	151,0504
2022-03-25	07:13:00		60	3	0	0	0	0	0	0	0	0	1	1	2	0	0	0	0	0	0	0	0	0,2187	0,0036	151,0541
2022-03-25	07:14:00		60	2	0	0	0	0	0	0	2	0	1	0	0	0	0	0	0	0	0	0	0	0,0592	0,0010	151,0550
2022-03-25	07:15:00		60	0	0	0	0	0	1	1	1	1	0	1	1	0	0	0	0	0	0	0	0	0,1661	0,0028	151,0578
2022-03-25	07:16:00		60	2	0	0	0	0	0	1	1	0	1	1	1	0	0	0	0	0	0	0	0	0,1695	0,0028	151,0606
2022-03-25	07:17:00		60	1	0	0	0	0	0	1	3	1	1	1	0	0	0	0	0	0	0	0	0	0,1479	0,0025	151,0631
2022-03-25	07:18:00		60	1	0	0	1	0	0	1	1	1	0	1	1	0	0	0	0	0	0	0	0	0,1634	0,0027	151,0658
2022-03-25	07:19:00		60	2	1	0	0	0	0	3	0	0	2	1	0	0	0	0	0	0	0	0	0	0,1293	0,0022	151,0680
2022-03-25	07:20:00		60	2	1	0	0	0	0	0	1	1	1	0	0	0	0	0	0	0	0	0	0	0,0665	0,0011	151,0691
2022-03-25	07:21:00		60	1	0	0	0	1	1	5	3	0	0	0	0	0	0	0	0	0	0	0	0	0,0961	0,0016	151,0707
2022-03-25	07:22:00		60	0	0	0	0	0	1	3	4	0	1	0	0	0	0	0	0	0	0	0	0	0,1192	0,0020	151,0727
2022-03-25	07:23:00		60	0	0	0	0	0	1	1	1	1	0	0	0	0	0	0	0	0	0	0	0	0,0498	0,0008	151,0735
2022-03-25	07:24:00		60	0	0	0	1	0	0	2	1	1	0	0	0	0	0	0	0	0	0	0	0	0,0555	0,0009	151,0744
2022-03-25	07:25:00		60	0	0	0	0	0	2	2	2	1	1	0	0	0	0	0	0	0	0	0	0	0,1071	0,0018	151,0762
2022-03-25	07:26:00		60	0	0	0	0	0	1	2	2	0	0	0	0	0	0	0	0	0	0	0	0	0,0519	0,0009	151,0771
2022-03-25	07:27:00		60	0	0	0	0	1	3	0	0	1	0	0	0	0	0	0	0	0	0	0	0	0,0387	0,0006	151,0777
2022-03-25	07:28:00		60	0	0	0	1	1	3	1	0	1	0	0	0	0	0	0	0	0	0	0	0	0,0492	0,0008	151,0785
2022-03-25	07:29:00		60	0	0	0	0	0	2	2	4	0	0	0	0	0	0	0	0	0	0	0	0	0,0863	0,0014	151,0800
2022-03-25	07:30:00		60	0	0	0	1	0	3	1	1	1	0	0	0	0	0	0	0	0	0	0	0	0,0611	0,0010	151,0810
2022-03-25	07:31:00		60	2	0	0	2	1	3	1	0	2	0	0	0	0	0	0	0	0	0	0	0	0,0730	0,0012	151,0822
2022-03-25	07:32:00		60	0	0	1	1	0	1	2	0	0	0	0	0	0	0	0	0	0	0	0	0	0,0251	0,0004	151,0826
2022-03-25	07:33:00		60	0	0	0	1	2	3	3	1	0	0	0	0	0	0	0	0	0	0	0	0	0,0629	0,0010	151,0837
2022-03-25	07:34:00		60	0	0	0	2	2	0	3	1	0	0	0	0	0	0	0	0	0	0	0	0	0,0503	0,0008	151,0845
2022-03-25	07:35:00		60	1	0	0	1	1	6	0	0	0	0	0	0	0	0	0	0	0	0	0	0	0,0336	0,0006	151,0851
2022-03-25	07:36:00		60	1	1	2	1	2	3	4	3	0	0	0	0	0	0	0	0	0	0	0	0	0,1042	0,0017	151,0868
2022-03-25	07:37:00		60	0	0	2	4	0	1	5	0	0	0	0	0	0	0	0	0	0	0	0	0	0,0576	0,0010	151,0878
2022-03-25	07:38:00		60	0	1	1	6	1	1	1	0	0	0	0	0	0	0	0	0	0	0	0	0	0,0287	0,0005	151,0883
2022-03-25	07:39:00		60	0	2	0	2	0	3	1	0	0	0	0	0	0	0	0	0	0	0	0	0	0,0278	0,0005	151,0887
2022-03-25	07:40:00		60	2	3	2	0	0	0	2	0	0	0	0	0	0	0	0	0	0	0	0	0	0,0219	0,0004	151,0891
2022-03-25	07:41:00		60	0	1	1	1	1	1	1	0	0	0	0	0	0	0	0	0	0	0	0	0	0,0198	0,0003	151,0894
2022-03-25	07:42:00		60	0	0	2	0	0	2	0	0	0	0	0	0	0	0	0	0	0	0	0	0	0,0117	0,0002	151,0896
2022-03-25	07:43:00		60	1	1	3	0	0	1	1	0	0	0	0	0	0	0	0	0	0	0	0	0	0,0176	0,0003	151,0899
2022-03-25	07:44:00		60	0	0	2	2	0	0	1	0	0	0	0	0	0	0	0	0	0	0	0	0	0,0144	0,0002	151,0901
2022-03-25	07:45:00		60	0	2	1	1	0	0	0	0	0	0	0	0	0	0	0	0	0	0	0	0	0,0040	0,0001	151,0902
2022-03-25	07:46:00		60	1	3	0	1	0	5	0	0	0	0	0	0	0	0	0	0	0	0	0	0	0,0277	0,0005	151,0907
2022-03-25	07:47:00		60	0	1	2	1	0	0	0	0	0	0	0	0	0	0	0	0	0	0	0	0	0,0045	0,0001	151,0907
2022-03-25	07:48:00		60	1	0	0	1	2	0	0	0	0	0	0	0	0	0	0	0	0	0	0	0	0,0078	0,0001	151,0909
2022-03-25	07:49:00		60	2	0	0	4	0	0	0	0	0	0	0	0	0	0	0	0	0	0	0	0	0,0077	0,0001	151,0910
2022-03-25	07:50:00		60	0	2	1	1	2	0	0	0	0	0	0	0	0	0	0	0	0	0	0	0	0,0098	0,0002	151,0912
2022-03-25	07:51:00		60	2	0	0	0	1	1	0	0	0	0	0	0	0	0	0	0	0	0	0	0	0,0082	0,0001	151,0913
2022-03-25	07:52:00		60	4	0	0	0	1	0	0	0	0	0	0	0	0	0	0	0	0	0	0	0	0,0040	0,0001	151,0914
2022-03-25	07:53:00		60	0	0	0	0	0	0	0	0	0	0	0	0	0	0	0	0	0	0	0	0	0,0000	0,0000	151,0914
2022-03-25	07:54:00		60	0	0	0	0	0	0	0	0	0	0	0	0	0	0	0	0	0	0	0	0	0,0000	0,0000	151,0914
2022-03-25	07:55:00		60	0	1	0	0	1	0	0	0	0	0	0	0	0	0	0	0	0	0	0	0	0,0035	0,0001	151,0914
2022-03-25	07:56:00		60	0	0	0	0	1	0	0	0	0	0	0	0	0	0	0	0	0	0	0	0	0,0029	0,0000	151,0915
2022-03-25	07:57:00		60	0	1	1	0	2	0	0	0	0	0	0	0	0	0	0	0	0	0	0	0	0,0074	0,0001	151,0916
2022-03-25	07:58:00		60	1	0	0	0	1	0	0	0	0	0	0	0	0	0	0	0	0	0	0	0	0,0032	0,0001	151,0917
2022-03-25	07:59:00		60	2	0	0	0	1	0	0	0	0	0	0	0	0	0	0	0	0	0	0	0	0,0035	0,0001	151,0917
2022-03-25	08:00:00		60	0	0	0	0	0	0	0	0	0	0	0	0	0	0	0	0	0	0	0	0	0,0000	0,0000	151,0917
2022-03-25	08:01:00		60	0	1	0	1	1	0	0	0	0	0	0	0	0	0	0	0	0	0	0	0	0,0052	0,0001	151,0918
2022-03-25	08:02:00		60	0	0	0	0	0	0	0	0	0	0	0	0	0	0	0	0	0	0	0	0	0,0000	0,0000	151,0918
2022-03-25	08:03:00		60	0	0	0	0	0	0	0	0	0	0	0	0	0	0	0	0	0	0	0	0	0,0000	0,0000	151,0918
2022-03-25	08:04:00		60	0	0	0	1	0	0	0	0	0	0	0	0	0	0	0	0	0	0	0	0	0,0018	0,0000	151,0918
2022-03-25	08:05:00		60	0	0	0	0	0	0	0	0	0	0	0	0	0	0	0	0	0	0	0	0	0,0000	0,0000	151,0918
2022-03-25	08:06:00		60	0	0	0	0	0	0	0	0	0	0	0	0	0	0	0	0	0	0	0	0	0,0000	0,0000	151,0918
2022-03-25	08:07:00		60	1	3	1	0	0	0	0	0	0	0	0	0	0	0	0	0	0	0	0	0	0,0031	0,0001	151,0919
2022-03-25	08:08:00		60	20	1	0	0	0	0	0	0	0	0	0	0	0	0	0	0	0	0	0	0	0,0064	0,0001	151,0920
2022-03-25	08:09:00		60	4	2	0	0	0	0	0	0	0	0	0	0	0	0	0	0	0	0	0	0	0,0023	0,0000	151,0920
2022-03-25	08:10:00		60	5	0	0	0	0	0	0	0	0	0	0	0	0	0	0	0	0	0	0	0	0,0015	0,0000	151,0921
2022-03-25	08:11:00		60	0	0	0	0	0	0	0	0	0	0	0	0	0	0	0	0	0	0	0	0	0,0000	0,0000	151,0921
2022-03-25	08:12:00		60	0	0	0	0	0	0	0	0	0	0	0	0	0	0	0	0	0	0	0	0	0,0000	0,0000	151,0921
2022-03-25	08:13:00		60	0	0	0	0	0	0	0	0	0	0	0	0	0	0	0	0	0	0	0	0	0,0000	0,0000	151,0921
2022-03-25	08:14:00		60	0	0	0	0	0	0	0	0	0	0	0	0	0	0	0	0	0	0	0	0	0,0000	0,0000	151,0921
2022-03-25	08:15:00		60	0	0	0	0	0	0	0	0	0	0	0	0	0	0	0	0	0	0	0	0	0,0000	0,0000	151,0921
2022-03-25	08:16:00		60	0	0	0	2	0	0	0	0	0	0	0	0	0	0	0	0	0	0	0	0	0,0035	0,0001	151,0921
2022-03-25	08:17:00		60	0	0	0	0	0	0	0	0	0	0	0	0	0	0	0	0	0	0	0	0	0,0000	0,0000	151,0921
2022-03-25	08:18:00		60	0	0	3	1	0	0	0	0	0	0	0	0	0	0	0	0	0	0	0	0	0,0049	0,0001	151,0922
2022-03-25	08:19:00		60	0	0	0	0	0	0	0	0	0	0	0	0	0	0	0	0	0	0	0	0	0,0000	0,0000	151,0922
2022-03-25	08:20:00		60	0	0	0	0	0	0	0	0	0	0	0	0	0	0	0	0	0	0	0	0	0,0000	0,0000	151,0922
2022-03-25	08:21:00		60	0	0	0	0	0	0	0	0	0	0	0	0	0	0	0	0	0	0	0	0	0,0000	0,0000	151,0922
2022-03-25	08:22:00		60	0	0	0	0	0	0	0	0	0	0	0	0	0	0	0	0	0	0	0	0	0,0000	0,0000	151,0922
2022-03-25	08:23:00		60	0	0	0	0	0	0	0	0	0	0	0	0	0	0	0	0	0	0	0	0	0,0000	0,0000	151,0922
2022-03-25	08:24:00		60	0	1	1	0	0	0	0	0	0	0	0	0	0	0	0	0	0	0	0	0	0,0016	0,0000	151,0922
2022-03-25	08:25:00		60	0	1	1	0	0	0	1	0	0	0	0	0	0	0	0	0	0	0	0	0	0,0104	0,0002	151,0924
2022-03-25	08:26:00		60	0	0	0	2	0	0	0	0	0	0	0	0	0	0	0	0	0	0	0	0	0,0035	0,0001	151,0925
2022-03-25	08:27:00		60	0	0	2	0	1	1	2	1	0	0	0	0	0	0	0	0	0	0	0	0	0,0420	0,0007	151,0932
2022-03-25	08:28:00		60	1	1	2	3	2	0	3	1	1	1	0	0	0	0	0	0	0	0	0	0	0,1055	0,0018	151,0949
2022-03-25	08:29:00		60	1	1	2	3	2	2	3	0	0	0	0	0	0	0	0	0	0	0	0	0	0,0498	0,0008	151,0957
2022-03-25	08:30:00		60	2	1	1	4	2	3	8	5	1	1	0	0	0	0	0	0	0	0	0	0	0,2238	0,0037	151,0995
2022-03-25	08:31:00		60	3	2	4	7	3	3	3	1	0	0	0	0	0	0	0	0	0	0	0	0	0,0827	0,0014	151,1009
2022-03-25	08:32:00		60	1	2	3	7	9	8	9	1	0	2	0	0	0	0	0	0	0	0	0	0	0,2326	0,0039	151,1047
2022-03-25	08:33:00		60	3	0	4	7	6	8	4	4	0	2	1	0	0	0	0	0	0	0	0	0	0,2691	0,0045	151,1092
2022-03-25	08:34:00		60	1	4	6	14	8	12	7	6	0	1	1	0	0	0	0	0	0	0	0	0	0,3372	0,0056	151,1148
2022-03-25	08:35:00		60	1	5	1	13	4	6	4	3	1	3	0	0	0	0	0	0	0	0	0	0	0,2554	0,0043	151,1191
2022-03-25	08:36:00		60	5	3	4	12	8	8	4	0	3	1	2	0	0	0	0	0	0	0	0	0	0,3062	0,0051	151,1242
2022-03-25	08:37:00		60	4	1	4	17	8	3	4	2	0	1	0	0	0	0	0	0	0	0	0	0	0,1671	0,0028	151,1270
2022-03-25	08:38:00		60	2	5	4	15	2	5	5	4	0	0	1	1	0	0	0	0	0	0	0	0	0,2833	0,0047	151,1317
2022-03-25	08:39:00		60	0	3	6	13	11	10	5	4	1	2	0	0	0	0	0	0	0	0	0	0	0,2930	0,0049	151,1366
2022-03-25	08:40:00		60	5	7	9	5	5	9	8	6	4	3	0	0	0	0	0	0	0	0	0	0	0,4130	0,0069	151,1435
2022-03-25	08:41:00		60	7	5	5	12	8	11	14	4	2	4	1	0	0	0	0	0	0	0	0	0	0,4915	0,0082	151,1517
2022-03-25	08:42:00		60	7	7	7	6	10	6	10	5	3	6	2	1	1	0	0	0	0	0	0	0	0,7501	0,0125	151,1642
2022-03-25	08:43:00		60	11	6	6	10	9	10	10	8	3	2	4	0	0	0	0	0	0	0	0	0	0,6084	0,0101	151,1743
2022-03-25	08:44:00		60	12	3	6	13	8	5	9	3	2	3	4	1	0	0	0	0	0	0	0	0	0,5827	0,0097	151,1840
2022-03-25	08:45:00		60	16	3	2	11	8	13	3	2	0	2	4	0	1	0	0	0	0	0	0	0	0,5112	0,0085	151,1925
2022-03-25	08:46:00		60	12	11	6	16	7	7	11	10	4	3	1	2	0	0	0	0	0	0	0	0	0,7042	0,0117	151,2043
2022-03-25	08:47:00		60	13	5	2	11	12	5	15	7	5	2	1	2	0	0	0	0	0	0	0	0	0,6756	0,0113	151,2155
2022-03-25	08:48:00		60	11	8	7	14	4	8	4	8	6	4	3	3	0	0	0	0	0	0	0	0	0,8372	0,0140	151,2295
2022-03-25	08:49:00		60	18	4	16	12	6	8	15	11	4	4	4	2	0	0	0	0	0	0	0	0	0,9176	0,0153	151,2448
2022-03-25	08:50:00		60	25	12	7	8	2	9	11	10	6	6	3	2	1	0	0	0	0	0	0	0	1,0167	0,0169	151,2617
2022-03-25	08:51:00		60	18	12	14	9	5	10	7	8	2	9	7	0	1	0	0	0	0	0	0	0	1,0047	0,0167	151,2785
2022-03-25	08:52:00		60	18	14	2	11	8	15	11	6	8	2	4	3	2	1	0	0	0	0	0	0	1,3027	0,0217	151,3002
2022-03-25	08:53:00		60	20	7	8	9	8	7	11	14	3	4	6	5	1	1	0	0	0	0	0	0	1,4572	0,0243	151,3245
2022-03-25	08:54:00		60	23	15	8	15	5	12	15	5	7	4	5	1	1	0	0	0	0	0	0	0	0,9941	0,0166	151,3410
2022-03-25	08:55:00		60	20	8	8	12	3	8	20	11	2	4	6	4	1	0	0	0	0	0	0	0	1,2453	0,0208	151,3618
2022-03-25	08:56:00		60	32	15	13	10	4	6	16	7	4	7	10	7	2	0	0	0	0	0	0	0	1,7851	0,0298	151,3915
2022-03-25	08:57:00		60	32	9	7	12	6	5	10	11	7	7	7	3	1	2	0	0	0	0	0	0	1,6179	0,0270	151,4185
2022-03-25	08:58:00		60	31	11	6	11	4	11	10	8	6	6	4	5	1	2	0	0	0	0	0	0	1,5571	0,0260	151,4445
2022-03-25	08:59:00		60	33	12	6	5	11	9	15	14	7	7	12	2	2	2	1	0	0	0	0	0	2,1892	0,0365	151,4809
2022-03-25	09:00:00		60	26	13	6	8	15	5	12	17	7	7	10	2	1	1	0	0	0	0	0	0	1,6536	0,0276	151,5085
2022-03-25	09:01:00		60	42	17	6	11	14	7	7	16	6	4	8	2	1	2	1	0	0	0	0	0	1,7717	0,0295	151,5380
2022-03-25	09:02:00		60	41	12	8	10	9	7	16	10	4	3	16	1	2	2	0	0	0	0	0	0	1,8540	0,0309	151,5689
2022-03-25	09:03:00		60	36	20	9	8	7	9	14	12	6	8	7	6	1	2	0	0	0	0	0	0	1,9172	0,0320	151,6009
2022-03-25	09:04:00		60	29	11	7	9	4	12	11	11	7	7	10	7	1	2	0	0	0	0	0	0	2,0708	0,0345	151,6354
2022-03-25	09:05:00		60	42	9	4	14	8	14	10	13	9	6	5	5	2	1	1	0	0	0	0	0	1,9361	0,0323	151,6677
2022-03-25	09:06:00		60	26	12	3	5	6	15	18	13	9	8	7	11	2	0	0	0	0	0	0	0	2,2116	0,0369	151,7045
2022-03-25	09:07:00		60	34	8	15	13	8	13	23	13	7	7	9	4	1	1	0	0	0	0	0	0	1,8271	0,0305	151,7350
2022-03-25	09:08:00		60	25	8	15	5	7	19	20	13	5	3	13	5	3	0	0	0	0	0	0	0	1,9675	0,0328	151,7678
2022-03-25	09:09:00		60	34	4	9	6	6	13	18	9	8	3	13	7	3	2	1	0	0	0	0	0	2,5665	0,0428	151,8105
2022-03-25	09:10:00		60	32	9	7	9	8	9	18	16	10	8	8	1	2	0	1	1	0	0	0	0	2,0707	0,0345	151,8451
