YYYY-MM-DD	hh:mm:ss	Status	Interval [s]	n1	n2	n3	n4	n5	n6	n7	n8	n9	n10	n11	n12	n13	n14	n15	n16	n17	n18	n19	n20	RI [mm/h]	RA [mm]	RAT [mm]
2021-11-08	15:46:00		60	0	3	8	10	23	13	2	0	0	0	0	0	0	0	0	0	0	0	0	0	0,1738	0,0029	157,6910
2021-11-08	15:47:00		60	5	10	12	41	39	11	20	10	1	0	0	0	0	0	0	0	0	0	0	0	0,6019	0,0100	157,7010
2021-11-08	15:48:00		60	6	27	46	76	22	22	50	0	0	0	0	0	0	0	0	0	0	0	0	0	0,8061	0,0134	157,7144
2021-11-08	15:49:00		60	11	29	93	59	5	75	92	10	1	0	0	0	0	0	0	0	0	0	0	0	1,5689	0,0261	157,7406
2021-11-08	15:50:00		60	5	50	51	26	14	67	103	8	0	0	0	0	0	0	0	0	0	0	0	0	1,5095	0,0252	157,7657
2021-11-08	15:51:00		60	20	80	42	50	19	44	16	0	0	0	0	0	0	0	0	0	0	0	0	0	0,5908	0,0098	157,7756
2021-11-08	15:52:00		60	48	84	43	34	14	18	45	12	0	0	0	0	0	0	0	0	0	0	0	0	0,8663	0,0144	157,7900
2021-11-08	15:53:00		60	39	54	17	33	17	10	20	2	0	0	0	0	0	0	0	0	0	0	0	0	0,4208	0,0070	157,7970
2021-11-08	15:54:00		60	26	46	13	11	21	25	7	0	1	0	0	0	0	0	0	0	0	0	0	0	0,3306	0,0055	157,8025
2021-11-08	15:55:00		60	28	17	4	3	9	12	2	0	0	0	0	0	0	0	0	0	0	0	0	0	0,1285	0,0021	157,8047
2021-11-08	15:56:00		60	25	10	9	2	2	18	66	3	0	0	0	0	0	0	0	0	0	0	0	0	0,7389	0,0123	157,8170
2021-11-08	15:57:00		60	3	6	1	5	3	56	84	6	0	0	0	0	0	0	0	0	0	0	0	0	1,1132	0,0186	157,8356
2021-11-08	15:58:00		60	1	3	2	6	3	23	12	0	0	0	0	0	0	0	0	0	0	0	0	0	0,2382	0,0040	157,8395
2021-11-08	15:59:00		60	0	0	4	3	21	27	10	0	0	0	0	0	0	0	0	0	0	0	0	0	0,2864	0,0048	157,8443
2021-11-08	16:00:00		60	0	0	7	9	5	9	1	0	0	0	0	0	0	0	0	0	0	0	0	0	0,0895	0,0015	157,8458
2021-11-08	16:01:00		60	1	1	1	2	1	1	0	0	0	0	0	0	0	0	0	0	0	0	0	0	0,0131	0,0002	157,8460
2021-11-08	16:02:00		60	3	3	3	0	0	0	1	0	0	0	0	0	0	0	0	0	0	0	0	0	0,0145	0,0002	157,8463
2021-11-08	16:03:00		60	0	0	0	0	0	0	0	0	0	0	0	0	0	0	0	0	0	0	0	0	0,0000	0,0000	157,8463
2021-11-08	16:04:00		60	0	0	0	0	0	0	0	0	0	0	0	0	0	0	0	0	0	0	0	0	0,0000	0,0000	157,8463
2021-11-08	16:05:00		60	0	0	0	0	0	0	0	0	0	0	0	0	0	0	0	0	0	0	0	0	0,0000	0,0000	157,8463
2021-11-08	16:06:00		60	0	0	0	0	0	0	0	0	0	0	0	0	0	0	0	0	0	0	0	0	0,0000	0,0000	157,8463
2021-11-08	16:07:00		60	0	0	0	0	0	0	0	0	0	0	0	0	0	0	0	0	0	0	0	0	0,0000	0,0000	157,8463
2021-11-08	16:08:00		60	0	0	0	0	0	0	0	0	0	0	0	0	0	0	0	0	0	0	0	0	0,0000	0,0000	157,8463
2021-11-08	16:09:00		60	0	0	0	0	0	0	0	0	0	0	0	0	0	0	0	0	0	0	0	0	0,0000	0,0000	157,8463
2021-11-08	16:10:00		60	0	0	0	0	0	0	0	0	0	0	0	0	0	0	0	0	0	0	0	0	0,0000	0,0000	157,8463
2021-11-08	16:11:00		60	0	0	0	0	0	0	0	0	0	0	0	0	0	0	0	0	0	0	0	0	0,0000	0,0000	157,8463
2021-11-08	16:12:00		60	0	0	0	0	0	0	0	0	0	0	0	0	0	0	0	0	0	0	0	0	0,0000	0,0000	157,8463
2021-11-08	16:13:00		60	0	0	0	0	0	0	0	0	0	0	0	0	0	0	0	0	0	0	0	0	0,0000	0,0000	157,8463
2021-11-08	16:14:00		60	0	0	0	0	0	0	0	0	0	0	0	0	0	0	0	0	0	0	0	0	0,0000	0,0000	157,8463
2021-11-08	16:15:00		60	0	0	0	0	0	0	0	0	0	0	0	0	0	0	0	0	0	0	0	0	0,0000	0,0000	157,8463
2021-11-08	16:16:00		60	0	0	0	0	0	0	0	0	0	0	0	0	0	0	0	0	0	0	0	0	0,0000	0,0000	157,8463
2021-11-08	16:17:00		60	0	0	0	0	0	0	0	0	0	0	0	0	0	0	0	0	0	0	0	0	0,0000	0,0000	157,8463
2021-11-08	16:18:00		60	0	0	0	0	0	0	0	0	0	0	0	0	0	0	0	0	0	0	0	0	0,0000	0,0000	157,8463
2021-11-08	16:19:00		60	0	0	0	0	0	0	0	0	0	0	0	0	0	0	0	0	0	0	0	0	0,0000	0,0000	157,8463
2021-11-08	16:20:00		60	0	0	0	0	0	0	0	0	0	0	0	0	0	0	0	0	0	0	0	0	0,0000	0,0000	157,8463
2021-11-08	16:21:00		60	0	0	0	0	0	0	0	0	0	0	0	0	0	0	0	0	0	0	0	0	0,0000	0,0000	157,8463
2021-11-08	16:22:00		60	0	0	0	0	0	0	0	0	0	0	0	0	0	0	0	0	0	0	0	0	0,0000	0,0000	157,8463
2021-11-08	16:23:00		60	0	0	0	0	0	0	0	0	0	0	0	0	0	0	0	0	0	0	0	0	0,0000	0,0000	157,8463
2021-11-08	16:24:00		60	0	0	0	0	0	0	0	0	0	0	0	0	0	0	0	0	0	0	0	0	0,0000	0,0000	157,8463
2021-11-08	16:25:00		60	0	0	0	0	0	0	0	0	0	0	0	0	0	0	0	0	0	0	0	0	0,0000	0,0000	157,8463
2021-11-08	16:26:00		60	0	0	0	0	0	0	0	0	0	0	0	0	0	0	0	0	0	0	0	0	0,0000	0,0000	157,8463
2021-11-08	16:27:00		60	0	0	0	0	0	0	0	0	0	0	0	0	0	0	0	0	0	0	0	0	0,0000	0,0000	157,8463
2021-11-08	16:28:00		60	0	0	0	0	0	0	0	0	0	0	0	0	0	0	0	0	0	0	0	0	0,0000	0,0000	157,8463
2021-11-08	16:29:00		60	0	0	0	0	0	0	0	0	0	0	0	0	0	0	0	0	0	0	0	0	0,0000	0,0000	157,8463
2021-11-08	16:30:00		60	0	0	0	0	0	0	0	0	0	0	0	0	0	0	0	0	0	0	0	0	0,0000	0,0000	157,8463
2021-11-08	16:31:00		60	0	0	0	0	0	0	0	0	0	0	0	0	0	0	0	0	0	0	0	0	0,0000	0,0000	157,8463
2021-11-08	16:32:00		60	0	0	0	0	0	0	0	0	0	0	0	0	0	0	0	0	0	0	0	0	0,0000	0,0000	157,8463
2021-11-08	16:33:00		60	0	0	0	0	0	0	0	0	0	0	0	0	0	0	0	0	0	0	0	0	0,0000	0,0000	157,8463
2021-11-08	16:34:00		60	0	0	0	0	0	0	0	0	0	0	0	0	0	0	0	0	0	0	0	0	0,0000	0,0000	157,8463
2021-11-08	16:35:00		60	0	0	0	0	0	0	0	0	0	0	0	0	0	0	0	0	0	0	0	0	0,0000	0,0000	157,8463
2021-11-08	16:36:00		60	0	0	0	0	0	0	0	0	0	0	0	0	0	0	0	0	0	0	0	0	0,0000	0,0000	157,8463
2021-11-08	16:37:00		60	0	0	0	0	0	0	0	0	0	0	0	0	0	0	0	0	0	0	0	0	0,0000	0,0000	157,8463
2021-11-08	16:38:00		60	0	0	0	0	0	0	0	0	0	0	0	0	0	0	0	0	0	0	0	0	0,0000	0,0000	157,8463
2021-11-08	16:39:00		60	0	0	0	0	0	0	0	0	0	0	0	0	0	0	0	0	0	0	0	0	0,0000	0,0000	157,8463
2021-11-08	16:40:00		60	0	0	0	0	0	0	0	0	0	0	0	0	0	0	0	0	0	0	0	0	0,0000	0,0000	157,8463
2021-11-08	16:41:00		60	0	0	0	0	0	0	0	0	0	0	0	0	0	0	0	0	0	0	0	0	0,0000	0,0000	157,8463
2021-11-08	16:42:00		60	0	0	0	0	0	0	0	0	0	0	0	0	0	0	0	0	0	0	0	0	0,0000	0,0000	157,8463
2021-11-08	16:43:00		60	0	0	0	0	0	0	0	0	0	0	0	0	0	0	0	0	0	0	0	0	0,0000	0,0000	157,8463
2021-11-08	16:44:00		60	0	0	0	0	0	0	0	0	0	0	0	0	0	0	0	0	0	0	0	0	0,0000	0,0000	157,8463
2021-11-08	16:45:00		60	0	0	0	0	0	0	0	0	0	0	0	0	0	0	0	0	0	0	0	0	0,0000	0,0000	157,8463
2021-11-08	16:46:00		60	0	0	0	0	0	0	0	0	0	0	0	0	0	0	0	0	0	0	0	0	0,0000	0,0000	157,8463
2021-11-08	16:47:00		60	0	0	0	0	0	0	0	0	0	0	0	0	0	0	0	0	0	0	0	0	0,0000	0,0000	157,8463
2021-11-08	16:48:00		60	0	0	0	0	0	0	0	0	0	0	0	0	0	0	0	0	0	0	0	0	0,0000	0,0000	157,8463
2021-11-08	16:49:00		60	0	0	0	0	0	0	0	0	0	0	0	0	0	0	0	0	0	0	0	0	0,0000	0,0000	157,8463
2021-11-08	16:50:00		60	0	0	0	0	0	0	0	0	0	0	0	0	0	0	0	0	0	0	0	0	0,0000	0,0000	157,8463
2021-11-08	16:51:00		60	0	0	0	0	0	0	0	0	0	0	0	0	0	0	0	0	0	0	0	0	0,0000	0,0000	157,8463
2021-11-08	16:52:00		60	0	0	0	0	0	0	0	0	0	0	0	0	0	0	0	0	0	0	0	0	0,0000	0,0000	157,8463
2021-11-08	16:53:00		60	0	0	0	0	0	0	0	0	0	0	0	0	0	0	0	0	0	0	0	0	0,0000	0,0000	157,8463
2021-11-08	16:54:00		60	0	0	0	0	0	0	0	0	0	0	0	0	0	0	0	0	0	0	0	0	0,0000	0,0000	157,8463
2021-11-08	16:55:00		60	0	0	0	0	0	0	0	0	0	0	0	0	0	0	0	0	0	0	0	0	0,0000	0,0000	157,8463
2021-11-08	16:56:00		60	0	0	0	0	0	0	0	0	0	0	0	0	0	0	0	0	0	0	0	0	0,0000	0,0000	157,8463
2021-11-08	16:57:00		60	0	0	0	0	0	0	0	0	0	0	0	0	0	0	0	0	0	0	0	0	0,0000	0,0000	157,8463
2021-11-08	16:58:00		60	0	0	0	0	0	0	0	0	0	0	0	0	0	0	0	0	0	0	0	0	0,0000	0,0000	157,8463
2021-11-08	16:59:00		60	0	0	0	0	0	0	0	0	0	0	0	0	0	0	0	0	0	0	0	0	0,0000	0,0000	157,8463
2021-11-08	17:00:00		60	0	0	0	0	0	0	0	0	0	0	0	0	0	0	0	0	0	0	0	0	0,0000	0,0000	157,8463
2021-11-08	17:01:00		60	0	0	0	0	0	0	0	0	0	0	0	0	0	0	0	0	0	0	0	0	0,0000	0,0000	157,8463
2021-11-08	17:02:00		60	0	0	0	0	0	0	0	0	0	0	0	0	0	0	0	0	0	0	0	0	0,0000	0,0000	157,8463
2021-11-08	17:03:00		60	0	0	0	0	0	0	0	0	0	0	0	0	0	0	0	0	0	0	0	0	0,0000	0,0000	157,8463
2021-11-08	17:04:00		60	0	0	0	0	0	0	0	0	0	0	0	0	0	0	0	0	0	0	0	0	0,0000	0,0000	157,8463
2021-11-08	17:05:00		60	0	0	0	0	0	0	0	0	0	0	0	0	0	0	0	0	0	0	0	0	0,0000	0,0000	157,8463
2021-11-08	17:06:00		60	0	0	0	0	0	0	0	0	0	0	0	0	0	0	0	0	0	0	0	0	0,0000	0,0000	157,8463
2021-11-08	17:07:00		60	0	0	0	0	0	0	0	0	0	0	0	0	0	0	0	0	0	0	0	0	0,0000	0,0000	157,8463
2021-11-08	17:08:00		60	0	0	0	0	0	0	0	0	0	0	0	0	0	0	0	0	0	0	0	0	0,0000	0,0000	157,8463
2021-11-08	17:09:00		60	0	0	0	0	0	0	0	0	0	0	0	0	0	0	0	0	0	0	0	0	0,0000	0,0000	157,8463
2021-11-08	17:10:00		60	0	0	0	0	0	0	0	0	0	0	0	0	0	0	0	0	0	0	0	0	0,0000	0,0000	157,8463
2021-11-08	17:11:00		60	0	0	0	0	0	0	0	0	0	0	0	0	0	0	0	0	0	0	0	0	0,0000	0,0000	157,8463
2021-11-08	17:12:00		60	0	0	0	0	0	0	0	0	0	0	0	0	0	0	0	0	0	0	0	0	0,0000	0,0000	157,8463
2021-11-08	17:13:00		60	0	0	0	0	0	0	0	0	0	0	0	0	0	0	0	0	0	0	0	0	0,0000	0,0000	157,8463
2021-11-08	17:14:00		60	0	0	0	0	0	0	0	0	0	0	0	0	0	0	0	0	0	0	0	0	0,0000	0,0000	157,8463
2021-11-08	17:15:00		60	0	0	0	0	0	0	0	0	0	0	0	0	0	0	0	0	0	0	0	0	0,0000	0,0000	157,8463
2021-11-08	17:16:00		60	0	0	0	0	0	0	0	0	0	0	0	0	0	0	0	0	0	0	0	0	0,0000	0,0000	157,8463
2021-11-08	17:17:00		60	0	0	0	0	0	0	0	0	0	0	0	0	0	0	0	0	0	0	0	0	0,0000	0,0000	157,8463
2021-11-08	17:18:00		60	0	0	0	0	0	0	0	0	0	0	0	0	0	0	0	0	0	0	0	0	0,0000	0,0000	157,8463
2021-11-08	17:19:00		60	0	0	0	0	0	0	0	0	0	0	0	0	0	0	0	0	0	0	0	0	0,0000	0,0000	157,8463
2021-11-08	17:20:00		60	0	0	0	0	0	0	0	0	0	0	0	0	0	0	0	0	0	0	0	0	0,0000	0,0000	157,8463
2021-11-08	17:21:00		60	0	0	0	0	0	0	0	0	0	0	0	0	0	0	0	0	0	0	0	0	0,0000	0,0000	157,8463
2021-11-08	17:22:00		60	0	0	0	0	0	0	0	0	0	0	0	0	0	0	0	0	0	0	0	0	0,0000	0,0000	157,8463
2021-11-08	17:23:00		60	0	0	0	0	0	0	0	0	0	0	0	0	0	0	0	0	0	0	0	0	0,0000	0,0000	157,8463
2021-11-08	17:24:00		60	0	0	0	0	0	0	0	0	0	0	0	0	0	0	0	0	0	0	0	0	0,0000	0,0000	157,8463
2021-11-08	17:25:00		60	0	0	0	0	0	0	0	0	0	0	0	0	0	0	0	0	0	0	0	0	0,0000	0,0000	157,8463
2021-11-08	17:26:00		60	0	0	0	0	0	0	0	0	0	0	0	0	0	0	0	0	0	0	0	0	0,0000	0,0000	157,8463
2021-11-08	17:27:00		60	0	0	0	0	0	0	0	0	0	0	0	0	0	0	0	0	0	0	0	0	0,0000	0,0000	157,8463
2021-11-08	17:28:00		60	0	0	0	0	0	0	0	0	0	0	0	0	0	0	0	0	0	0	0	0	0,0000	0,0000	157,8463
2021-11-08	17:29:00		60	0	0	0	0	0	0	0	0	0	0	0	0	0	0	0	0	0	0	0	0	0,0000	0,0000	157,8463
2021-11-08	17:30:00		60	0	0	0	0	0	0	0	0	0	0	0	0	0	0	0	0	0	0	0	0	0,0000	0,0000	157,8463
2021-11-08	17:31:00		60	0	0	0	0	0	0	0	0	0	0	0	0	0	0	0	0	0	0	0	0	0,0000	0,0000	157,8463
2021-11-08	17:32:00		60	0	0	0	0	0	0	0	0	0	0	0	0	0	0	0	0	0	0	0	0	0,0000	0,0000	157,8463
2021-11-08	17:33:00		60	0	0	0	0	0	0	0	0	0	0	0	0	0	0	0	0	0	0	0	0	0,0000	0,0000	157,8463
2021-11-08	17:34:00		60	0	0	0	0	0	0	0	0	0	0	0	0	0	0	0	0	0	0	0	0	0,0000	0,0000	157,8463
2021-11-08	17:35:00		60	0	0	0	0	0	0	0	0	0	0	0	0	0	0	0	0	0	0	0	0	0,0000	0,0000	157,8463
2021-11-08	17:36:00		60	0	0	0	0	0	0	0	0	0	0	0	0	0	0	0	0	0	0	0	0	0,0000	0,0000	157,8463
2021-11-08	17:37:00		60	0	0	0	0	0	0	0	0	0	0	0	0	0	0	0	0	0	0	0	0	0,0000	0,0000	157,8463
2021-11-08	17:38:00		60	0	0	0	0	0	0	0	0	0	0	0	0	0	0	0	0	0	0	0	0	0,0000	0,0000	157,8463
2021-11-08	17:39:00		60	0	0	0	1	0	0	0	0	0	0	0	0	0	0	0	0	0	0	0	0	0,0018	0,0000	157,8463
2021-11-08	17:40:00		60	0	0	0	0	0	0	0	0	0	0	0	0	0	0	0	0	0	0	0	0	0,0000	0,0000	157,8463
2021-11-08	17:41:00		60	0	0	0	0	0	0	0	0	0	0	0	0	0	0	0	0	0	0	0	0	0,0000	0,0000	157,8463
2021-11-08	17:42:00		60	0	0	0	0	0	0	0	0	0	0	0	0	0	0	0	0	0	0	0	0	0,0000	0,0000	157,8463
2021-11-08	17:43:00		60	0	0	0	0	0	0	0	0	0	0	0	0	0	0	0	0	0	0	0	0	0,0000	0,0000	157,8463
2021-11-08	17:44:00		60	0	0	0	0	0	0	0	0	0	0	0	0	0	0	0	0	0	0	0	0	0,0000	0,0000	157,8463
2021-11-08	17:45:00		60	0	0	0	0	0	0	0	0	0	0	0	0	0	0	0	0	0	0	0	0	0,0000	0,0000	157,8463
2021-11-08	17:46:00		60	0	0	0	0	0	0	0	0	0	0	0	0	0	0	0	0	0	0	0	0	0,0000	0,0000	157,8463
2021-11-08	17:47:00		60	0	0	0	0	0	0	0	0	0	0	0	0	0	0	0	0	0	0	0	0	0,0000	0,0000	157,8463
2021-11-08	17:48:00		60	0	0	0	0	0	0	0	0	0	0	0	0	0	0	0	0	0	0	0	0	0,0000	0,0000	157,8463
2021-11-08	17:49:00		60	0	0	0	0	0	0	0	0	0	0	0	0	0	0	0	0	0	0	0	0	0,0000	0,0000	157,8463
2021-11-08	17:50:00		60	0	0	0	0	0	0	0	0	0	0	0	0	0	0	0	0	0	0	0	0	0,0000	0,0000	157,8463
2021-11-08	17:51:00		60	0	0	0	0	0	0	0	0	0	0	0	0	0	0	0	0	0	0	0	0	0,0000	0,0000	157,8463
2021-11-08	17:52:00		60	0	0	0	0	0	0	0	0	0	0	0	0	0	0	0	0	0	0	0	0	0,0000	0,0000	157,8463
2021-11-08	17:53:00		60	0	0	0	0	0	0	0	0	0	0	0	0	0	0	0	0	0	0	0	0	0,0000	0,0000	157,8463
2021-11-08	17:54:00		60	0	0	0	0	0	0	0	0	0	0	0	0	0	0	0	0	0	0	0	0	0,0000	0,0000	157,8463
2021-11-08	17:55:00		60	0	0	0	0	0	0	0	0	0	0	0	0	0	0	0	0	0	0	0	0	0,0000	0,0000	157,8463
2021-11-08	17:56:00		60	0	0	0	1	0	0	1	0	1	0	0	0	0	0	0	0	0	0	0	0	0,0320	0,0005	157,8468
2021-11-08	17:57:00		60	0	4	12	10	3	0	1	0	0	1	0	0	0	0	0	0	0	0	0	0	0,0791	0,0013	157,8481
2021-11-08	17:58:00		60	3	25	29	23	4	4	0	0	0	1	0	0	0	0	0	0	0	0	0	0	0,1466	0,0024	157,8506
2021-11-08	17:59:00		60	9	19	18	0	0	2	0	1	1	2	0	0	0	0	0	0	0	0	0	0	0,1366	0,0023	157,8529
2021-11-08	18:00:00		60	7	14	14	11	1	0	1	4	2	0	0	0	0	0	0	0	0	0	0	0	0,1583	0,0026	157,8555
2021-11-08	18:01:00		60	9	22	6	2	4	1	14	8	0	0	0	0	0	0	0	0	0	0	0	0	0,2826	0,0047	157,8602
2021-11-08	18:02:00		60	10	20	9	5	1	11	12	2	0	0	0	0	0	0	0	0	0	0	0	0	0,2230	0,0037	157,8639
2021-11-08	18:03:00		60	8	21	3	3	1	13	8	0	0	0	0	0	0	0	0	0	0	0	0	0	0,1581	0,0026	157,8666
2021-11-08	18:04:00		60	14	21	13	1	11	19	4	0	0	0	0	0	0	0	0	0	0	0	0	0	0,1894	0,0032	157,8697
2021-11-08	18:05:00		60	11	20	2	6	18	10	4	0	0	0	0	0	0	0	0	0	0	0	0	0	0,1624	0,0027	157,8724
2021-11-08	18:06:00		60	8	7	1	16	10	10	4	0	0	0	0	0	0	0	0	0	0	0	0	0	0,1474	0,0025	157,8749
2021-11-08	18:07:00		60	8	11	1	6	8	10	9	0	0	0	0	0	0	0	0	0	0	0	0	0	0,1700	0,0028	157,8777
2021-11-08	18:08:00		60	11	13	8	14	8	14	9	1	1	0	0	0	0	0	0	0	0	0	0	0	0,2490	0,0041	157,8819
2021-11-08	18:09:00		60	14	12	13	17	16	19	12	0	0	0	0	0	0	0	0	0	0	0	0	0	0,2967	0,0049	157,8868
2021-11-08	18:10:00		60	8	5	7	12	15	19	12	0	0	0	0	0	0	0	0	0	0	0	0	0	0,2728	0,0045	157,8914
2021-11-08	18:11:00		60	5	4	11	4	15	17	4	0	0	0	1	0	0	0	0	0	0	0	0	0	0,2258	0,0038	157,8951
2021-11-08	18:12:00		60	5	9	7	12	18	26	3	1	0	3	1	0	0	0	0	0	0	0	0	0	0,3835	0,0064	157,9015
2021-11-08	18:13:00		60	6	4	10	3	10	16	1	3	2	1	0	0	0	0	0	0	0	0	0	0	0,2504	0,0042	157,9057
2021-11-08	18:14:00		60	3	4	4	14	13	31	5	7	2	1	1	0	0	0	0	0	0	0	0	0	0,4812	0,0080	157,9137
2021-11-08	18:15:00		60	7	9	5	7	21	17	8	6	2	2	0	0	0	0	0	0	0	0	0	0	0,4265	0,0071	157,9208
2021-11-08	18:16:00		60	4	9	4	22	10	3	6	4	0	1	0	0	0	0	0	0	0	0	0	0	0,2335	0,0039	157,9247
2021-11-08	18:17:00		60	12	11	7	13	4	6	27	7	3	2	0	0	0	0	0	0	1	0	0	0	0,9198	0,0153	157,9400
2021-11-08	18:18:00		60	107	70	22	30	15	17	37	7	0	0	6	11	7	5	0	0	0	0	0	0	3,2612	0,0544	157,9944
2021-11-08	18:19:00		60	191	61	29	24	19	34	33	5	3	4	42	21	6	4	1	0	0	0	0	0	5,7397	0,0957	158,0900
2021-11-08	18:20:00		60	168	70	23	14	25	35	22	6	11	24	60	38	12	4	2	0	0	0	0	0	9,2847	0,1547	158,2448
2021-11-08	18:21:00		60	150	84	27	21	29	34	15	15	26	53	96	75	32	13	9	0	0	0	0	0	19,7493	0,3292	158,5739
2021-11-08	18:22:00		60	100	53	16	33	23	19	15	49	63	72	130	67	19	5	1	0	0	0	0	0	18,1594	0,3027	158,8766
2021-11-08	18:23:00		60	99	27	17	31	18	10	32	78	71	78	101	34	5	1	1	0	0	0	0	0	13,2325	0,2205	159,0971
2021-11-08	18:24:00		60	39	32	25	26	12	16	88	106	78	69	47	5	0	0	0	0	0	0	0	0	8,6541	0,1442	159,2414
2021-11-08	18:25:00		60	34	21	24	20	13	31	113	117	51	36	19	1	0	0	0	0	0	0	0	0	6,0344	0,1006	159,3420
2021-11-08	18:26:00		60	15	35	21	15	14	61	160	94	29	21	5	1	0	0	0	0	0	0	0	0	4,7192	0,0787	159,4206
2021-11-08	18:27:00		60	35	30	18	21	18	91	142	72	15	5	3	3	1	0	0	0	0	0	0	0	3,8023	0,0634	159,4840
2021-11-08	18:28:00		60	49	26	18	25	42	70	138	52	20	11	11	10	4	0	0	1	0	0	0	0	5,1931	0,0866	159,5705
2021-11-08	18:29:00		60	66	26	14	41	59	106	138	57	12	11	11	6	1	1	0	0	0	0	0	0	4,5995	0,0767	159,6472
2021-11-08	18:30:00		60	80	20	19	40	54	116	121	69	26	22	31	10	3	0	0	0	0	0	0	0	6,5222	0,1087	159,7559
2021-11-08	18:31:00		60	67	21	20	56	71	116	119	76	20	16	28	13	5	0	1	0	0	0	0	0	6,8887	0,1148	159,8707
2021-11-08	18:32:00		60	73	34	32	56	75	112	100	51	24	21	26	19	0	0	0	0	0	0	0	0	6,1969	0,1033	159,9740
2021-11-08	18:33:00		60	42	18	18	46	35	50	57	42	21	21	21	7	0	0	0	0	0	0	0	0	4,0723	0,0679	160,0419
2021-11-08	18:34:00		60	44	44	56	57	29	40	59	27	17	7	14	5	0	0	0	0	0	0	0	0	2,9337	0,0489	160,0907
2021-11-08	18:35:00		60	47	29	48	50	23	43	54	16	7	3	11	6	1	0	0	0	0	0	0	0	2,4138	0,0402	160,1310
2021-11-08	18:36:00		60	82	24	31	25	27	34	25	8	20	24	37	9	1	2	0	0	0	0	0	0	4,4994	0,0750	160,2060
2021-11-08	18:37:00		60	76	38	20	22	23	32	28	48	68	41	36	6	2	0	0	0	0	0	0	0	6,1604	0,1027	160,3086
2021-11-08	18:38:00		60	49	12	14	30	15	21	85	75	35	24	32	3	0	0	0	0	0	0	0	0	5,1562	0,0859	160,3946
2021-11-08	18:39:00		60	20	25	14	27	14	36	110	64	16	12	14	5	0	0	0	0	0	0	0	0	3,8729	0,0645	160,4591
2021-11-08	18:40:00		60	17	12	28	26	35	87	86	16	6	6	10	1	0	0	0	0	0	0	0	0	2,4069	0,0401	160,4992
2021-11-08	18:41:00		60	20	27	22	24	53	48	19	8	4	12	7	0	0	0	0	0	0	0	0	0	1,4954	0,0249	160,5242
2021-11-08	18:42:00		60	3	18	20	52	34	19	4	4	5	5	3	0	0	0	0	0	0	0	0	0	0,7918	0,0132	160,5374
2021-11-08	18:43:00		60	11	19	28	44	21	7	1	2	13	2	2	0	0	0	0	0	0	0	0	0	0,6791	0,0113	160,5487
2021-11-08	18:44:00		60	5	27	37	30	13	1	5	13	10	3	0	0	0	0	0	0	0	0	0	0	0,6896	0,0115	160,5602
2021-11-08	18:45:00		60	21	19	31	26	6	7	14	23	11	1	1	0	0	0	0	0	0	0	0	0	0,9188	0,0153	160,5755
2021-11-08	18:46:00		60	24	35	22	18	3	7	35	32	4	4	3	0	0	0	0	0	0	0	0	0	1,2382	0,0206	160,5961
2021-11-08	18:47:00		60	12	29	11	6	6	5	48	29	26	4	4	0	0	0	0	0	0	0	0	0	1,7826	0,0297	160,6258
2021-11-08	18:48:00		60	18	11	7	2	4	11	23	39	18	3	0	0	0	0	0	0	0	0	0	0	1,3387	0,0223	160,6481
2021-11-08	18:49:00		60	15	8	7	5	4	25	34	31	8	0	0	0	0	0	0	0	0	0	0	0	1,0843	0,0181	160,6662
2021-11-08	18:50:00		60	12	15	3	3	3	29	41	25	3	1	0	0	0	0	0	0	0	0	0	0	0,9900	0,0165	160,6827
2021-11-08	18:51:00		60	6	8	3	2	6	18	47	9	3	2	0	0	0	0	0	0	0	0	0	0	0,7827	0,0130	160,6958
2021-11-08	18:52:00		60	5	12	3	9	17	25	66	8	4	1	0	0	0	0	0	0	0	0	0	0	1,0059	0,0168	160,7125
2021-11-08	18:53:00		60	13	11	6	17	11	56	57	10	1	1	0	0	0	0	0	0	0	0	0	0	1,0426	0,0174	160,7299
2021-11-08	18:54:00		60	9	9	6	21	21	51	37	3	1	2	1	0	0	0	0	0	0	0	0	0	0,8468	0,0141	160,7440
2021-11-08	18:55:00		60	5	1	2	16	35	34	16	7	0	1	2	0	0	0	0	0	0	0	0	0	0,6562	0,0109	160,7550
2021-11-08	18:56:00		60	6	6	10	15	15	11	14	10	2	0	0	0	0	0	0	0	0	0	0	0	0,4515	0,0075	160,7625
2021-11-08	18:57:00		60	7	11	14	7	8	17	16	1	3	0	1	0	0	0	0	0	0	0	0	0	0,4029	0,0067	160,7692
2021-11-08	18:58:00		60	5	30	10	7	9	14	18	3	3	0	1	0	0	0	0	0	0	0	0	0	0,4449	0,0074	160,7766
2021-11-08	18:59:00		60	17	16	7	16	13	28	10	7	4	4	2	0	0	0	0	0	0	0	0	0	0,7022	0,0117	160,7883
2021-11-08	19:00:00		60	11	11	6	14	21	24	16	8	0	1	0	0	0	0	0	0	0	0	0	0	0,5033	0,0084	160,7967
2021-11-08	19:01:00		60	1	7	7	20	15	22	14	2	0	0	0	0	0	0	0	0	0	0	0	0	0,3476	0,0058	160,8025
2021-11-08	19:02:00		60	4	6	10	20	23	38	17	1	1	0	0	0	0	0	0	0	0	0	0	0	0,4834	0,0081	160,8106
2021-11-08	19:03:00		60	5	17	20	23	39	40	8	2	0	0	0	0	0	0	0	0	0	0	0	0	0,4764	0,0079	160,8185
2021-11-08	19:04:00		60	12	12	28	47	26	18	4	0	0	0	0	0	0	0	0	0	0	0	0	0	0,3193	0,0053	160,8238
2021-11-08	19:05:00		60	6	18	33	35	13	6	3	0	0	0	0	0	0	0	0	0	0	0	0	0	0,2015	0,0034	160,8272
2021-11-08	19:06:00		60	15	38	25	15	5	4	1	0	0	0	0	0	0	0	0	0	0	0	0	0	0,1220	0,0020	160,8292
2021-11-08	19:07:00		60	18	28	12	16	8	2	1	0	0	0	0	0	0	0	0	0	0	0	0	0	0,1041	0,0017	160,8309
2021-11-08	19:08:00		60	21	16	7	11	4	2	1	0	0	0	0	0	0	0	0	0	0	0	0	0	0,0723	0,0012	160,8321
2021-11-08	19:09:00		60	7	15	13	6	1	3	0	0	0	0	0	0	0	0	0	0	0	0	0	0	0,0524	0,0009	160,8330
2021-11-08	19:10:00		60	6	6	8	4	2	1	0	0	0	0	0	0	0	0	0	0	0	0	0	0	0,0313	0,0005	160,8335
2021-11-08	19:11:00		60	8	10	5	3	1	1	0	0	0	0	0	0	0	0	0	0	0	0	0	0	0,0265	0,0004	160,8340
2021-11-08	19:12:00		60	3	6	1	0	0	0	0	0	0	0	0	0	0	0	0	0	0	0	0	0	0,0055	0,0001	160,8341
2021-11-08	19:13:00		60	3	5	1	2	1	0	0	0	0	0	0	0	0	0	0	0	0	0	0	0	0,0113	0,0002	160,8343
2021-11-08	19:14:00		60	3	1	0	1	0	1	0	0	0	0	0	0	0	0	0	0	0	0	0	0	0,0080	0,0001	160,8344
2021-11-08	19:15:00		60	5	1	0	1	1	0	0	0	0	0	0	0	0	0	0	0	0	0	0	0	0,0067	0,0001	160,8345
2021-11-08	19:16:00		60	0	0	0	0	0	0	0	0	0	0	0	0	0	0	0	0	0	0	0	0	0,0000	0,0000	160,8345
2021-11-08	19:17:00		60	0	0	0	1	0	0	0	0	0	0	0	0	0	0	0	0	0	0	0	0	0,0018	0,0000	160,8345
2021-11-08	19:18:00		60	0	1	1	1	0	0	0	0	0	0	0	0	0	0	0	0	0	0	0	0	0,0034	0,0001	160,8346
2021-11-08	19:19:00		60	0	0	0	0	0	0	0	0	0	0	0	0	0	0	0	0	0	0	0	0	0,0000	0,0000	160,8346
2021-11-08	19:20:00		60	0	0	0	0	0	0	0	0	0	0	0	0	0	0	0	0	0	0	0	0	0,0000	0,0000	160,8346
2021-11-08	19:21:00		60	0	0	0	0	0	0	0	0	0	0	0	0	0	0	0	0	0	0	0	0	0,0000	0,0000	160,8346
2021-11-08	19:22:00		60	0	0	0	0	0	0	0	0	0	0	0	0	0	0	0	0	0	0	0	0	0,0000	0,0000	160,8346
2021-11-08	19:23:00		60	0	0	0	0	0	0	0	0	0	0	0	0	0	0	0	0	0	0	0	0	0,0000	0,0000	160,8346
2021-11-08	19:24:00		60	0	0	0	0	0	0	0	0	0	0	0	0	0	0	0	0	0	0	0	0	0,0000	0,0000	160,8346
2021-11-08	19:25:00		60	0	0	0	0	0	0	0	0	0	0	0	0	0	0	0	0	0	0	0	0	0,0000	0,0000	160,8346
2021-11-08	19:26:00		60	0	0	0	0	0	0	0	0	0	0	0	0	0	0	0	0	0	0	0	0	0,0000	0,0000	160,8346
2021-11-08	19:27:00		60	0	0	0	0	0	0	0	0	0	0	0	0	0	0	0	0	0	0	0	0	0,0000	0,0000	160,8346
2021-11-08	19:28:00		60	0	0	0	0	0	0	0	0	0	0	0	0	0	0	0	0	0	0	0	0	0,0000	0,0000	160,8346
2021-11-08	19:29:00		60	0	0	0	0	0	0	0	0	0	0	0	0	0	0	0	0	0	0	0	0	0,0000	0,0000	160,8346
2021-11-08	19:30:00		60	0	0	0	0	0	0	0	0	0	0	0	0	0	0	0	0	0	0	0	0	0,0000	0,0000	160,8346
2021-11-08	19:31:00		60	0	0	0	0	0	0	0	0	0	0	0	0	0	0	0	0	0	0	0	0	0,0000	0,0000	160,8346
2021-11-08	19:32:00		60	0	0	0	0	0	0	0	0	0	0	0	0	0	0	0	0	0	0	0	0	0,0000	0,0000	160,8346
2021-11-08	19:33:00		60	0	0	0	0	0	0	0	0	0	0	0	0	0	0	0	0	0	0	0	0	0,0000	0,0000	160,8346
2021-11-08	19:34:00		60	0	0	0	0	0	0	0	0	0	0	0	0	0	0	0	0	0	0	0	0	0,0000	0,0000	160,8346
2021-11-08	19:35:00		60	0	0	0	0	0	0	0	0	0	0	0	0	0	0	0	0	0	0	0	0	0,0000	0,0000	160,8346
2021-11-08	19:36:00		60	0	0	0	0	0	0	0	0	0	0	0	0	0	0	0	0	0	0	0	0	0,0000	0,0000	160,8346
2021-11-08	19:37:00		60	0	0	0	0	0	0	0	0	0	0	0	0	0	0	0	0	0	0	0	0	0,0000	0,0000	160,8346
2021-11-08	19:38:00		60	0	0	0	0	0	0	0	0	1	0	0	0	0	0	0	0	0	0	0	0	0,0215	0,0004	160,8350
2021-11-08	19:39:00		60	0	0	0	0	0	0	0	1	2	0	0	0	0	0	0	0	0	0	0	0	0,0577	0,0010	160,8359
2021-11-08	19:40:00		60	0	0	0	0	0	3	1	0	1	0	0	0	0	0	0	0	0	0	0	0	0,0445	0,0007	160,8367
2021-11-08	19:41:00		60	1	0	0	1	0	0	1	1	0	0	0	0	0	0	0	0	0	0	0	0	0,0256	0,0004	160,8371
2021-11-08	19:42:00		60	0	0	0	0	0	0	2	1	1	0	0	0	0	0	0	0	0	0	0	0	0,0537	0,0009	160,8380
2021-11-08	19:43:00		60	0	1	0	0	0	1	2	2	0	0	0	0	0	0	0	0	0	0	0	0	0,0525	0,0009	160,8389
2021-11-08	19:44:00		60	1	0	0	0	1	0	5	0	0	0	0	0	0	0	0	0	0	0	0	0	0,0468	0,0008	160,8396
2021-11-08	19:45:00		60	0	0	1	0	1	4	5	0	0	0	0	0	0	0	0	0	0	0	0	0	0,0667	0,0011	160,8407
2021-11-08	19:46:00		60	0	0	2	3	0	3	0	0	0	0	0	0	0	0	0	0	0	0	0	0	0,0218	0,0004	160,8411
2021-11-08	19:47:00		60	0	0	0	4	0	1	1	0	0	0	0	0	0	0	0	0	0	0	0	0	0,0206	0,0003	160,8415
2021-11-08	19:48:00		60	0	2	3	3	5	2	0	0	0	0	0	0	0	0	0	0	0	0	0	0	0,0336	0,0006	160,8420
2021-11-08	19:49:00		60	0	0	2	2	0	1	0	0	0	0	0	0	0	0	0	0	0	0	0	0	0,0104	0,0002	160,8422
2021-11-08	19:50:00		60	0	1	3	4	3	0	0	0	0	0	0	0	0	0	0	0	0	0	0	0	0,0195	0,0003	160,8425
2021-11-08	19:51:00		60	0	0	3	4	0	0	0	0	0	0	0	0	0	0	0	0	0	0	0	0	0,0102	0,0002	160,8427
2021-11-08	19:52:00		60	0	2	1	1	0	0	0	0	0	0	0	0	0	0	0	0	0	0	0	0	0,0040	0,0001	160,8427
2021-11-08	19:53:00		60	1	1	2	1	0	0	0	0	0	0	0	0	0	0	0	0	0	0	0	0	0,0048	0,0001	160,8428
2021-11-08	19:54:00		60	0	0	1	0	0	0	0	0	0	0	0	0	0	0	0	0	0	0	0	0	0,0011	0,0000	160,8428
2021-11-08	19:55:00		60	0	0	0	0	0	0	0	0	0	0	0	0	0	0	0	0	0	0	0	0	0,0000	0,0000	160,8428
2021-11-08	19:56:00		60	0	1	1	0	0	0	0	0	0	0	0	0	0	0	0	0	0	0	0	0	0,0016	0,0000	160,8429
2021-11-08	19:57:00		60	2	2	1	0	0	0	0	0	0	0	0	0	0	0	0	0	0	0	0	0	0,0028	0,0000	160,8429
2021-11-08	19:58:00		60	0	0	0	0	0	0	0	0	0	0	0	0	0	0	0	0	0	0	0	0	0,0000	0,0000	160,8429
2021-11-08	19:59:00		60	0	0	0	0	0	0	0	0	0	0	0	0	0	0	0	0	0	0	0	0	0,0000	0,0000	160,8429
2021-11-08	20:00:00		60	0	0	0	0	0	0	0	0	0	0	0	0	0	0	0	0	0	0	0	0	0,0000	0,0000	160,8429
2021-11-08	20:01:00		60	0	0	0	0	0	0	0	0	0	0	0	0	0	0	0	0	0	0	0	0	0,0000	0,0000	160,8429
2021-11-08	20:02:00		60	0	0	0	0	0	0	0	0	0	0	0	0	0	0	0	0	0	0	0	0	0,0000	0,0000	160,8429
2021-11-08	20:03:00		60	0	0	0	0	0	0	0	0	0	0	0	0	0	0	0	0	0	0	0	0	0,0000	0,0000	160,8429
2021-11-08	20:04:00		60	0	0	0	0	0	0	0	0	0	0	0	0	0	0	0	0	0	0	0	0	0,0000	0,0000	160,8429
2021-11-08	20:05:00		60	0	0	0	0	0	0	0	0	0	0	0	0	0	0	0	0	0	0	0	0	0,0000	0,0000	160,8429
2021-11-08	20:06:00		60	0	0	0	0	0	0	0	0	0	0	0	0	0	0	0	0	0	0	0	0	0,0000	0,0000	160,8429
2021-11-08	20:07:00		60	0	0	0	0	0	0	0	0	0	0	0	0	0	0	0	0	0	0	0	0	0,0000	0,0000	160,8429
2021-11-08	20:08:00		60	0	0	0	0	0	0	0	0	0	0	0	0	0	0	0	0	0	0	0	0	0,0000	0,0000	160,8429
2021-11-08	20:09:00		60	0	0	0	0	0	0	0	0	0	0	0	0	0	0	0	0	0	0	0	0	0,0000	0,0000	160,8429
2021-11-08	20:10:00		60	0	0	0	0	0	0	0	0	0	0	0	0	0	0	0	0	0	0	0	0	0,0000	0,0000	160,8429
2021-11-08	20:11:00		60	0	0	0	0	0	0	0	0	0	0	0	0	0	0	0	0	0	0	0	0	0,0000	0,0000	160,8429
2021-11-08	20:12:00		60	0	0	0	0	0	0	0	0	0	0	0	0	0	0	0	0	0	0	0	0	0,0000	0,0000	160,8429
2021-11-08	20:13:00		60	0	0	0	0	0	0	0	0	0	0	0	0	0	0	0	0	0	0	0	0	0,0000	0,0000	160,8429
2021-11-08	20:14:00		60	0	0	0	0	0	0	0	0	0	0	0	0	0	0	0	0	0	0	0	0	0,0000	0,0000	160,8429
2021-11-08	20:15:00		60	0	0	0	0	0	0	0	0	0	0	0	0	0	0	0	0	0	0	0	0	0,0000	0,0000	160,8429
2021-11-08	20:16:00		60	0	0	0	0	0	0	0	0	0	0	0	0	0	0	0	0	0	0	0	0	0,0000	0,0000	160,8429
2021-11-08	20:17:00		60	0	0	0	0	0	0	0	0	0	0	0	0	0	0	0	0	0	0	0	0	0,0000	0,0000	160,8429
2021-11-08	20:18:00		60	0	0	0	0	0	0	0	0	0	0	0	0	0	0	0	0	0	0	0	0	0,0000	0,0000	160,8429
2021-11-08	20:19:00		60	0	0	0	0	0	0	0	0	0	0	0	0	0	0	0	0	0	0	0	0	0,0000	0,0000	160,8429
2021-11-08	20:20:00		60	0	0	0	0	0	0	0	0	0	0	0	0	0	0	0	0	0	0	0	0	0,0000	0,0000	160,8429
2021-11-08	20:21:00		60	0	0	0	0	0	0	0	0	0	0	0	0	0	0	0	0	0	0	0	0	0,0000	0,0000	160,8429
2021-11-08	20:22:00		60	0	0	0	0	0	0	0	0	0	0	0	0	0	0	0	0	0	0	0	0	0,0000	0,0000	160,8429
2021-11-08	20:23:00		60	0	0	0	0	0	0	0	0	0	0	0	0	0	0	0	0	0	0	0	0	0,0000	0,0000	160,8429
2021-11-08	20:24:00		60	0	0	0	0	0	0	0	0	0	0	0	0	0	0	0	0	0	0	0	0	0,0000	0,0000	160,8429
2021-11-08	20:25:00		60	0	0	0	0	0	0	0	0	0	0	0	0	0	0	0	0	0	0	0	0	0,0000	0,0000	160,8429
2021-11-08	20:26:00		60	0	0	0	0	0	0	0	0	0	0	0	0	0	0	0	0	0	0	0	0	0,0000	0,0000	160,8429
2021-11-08	20:27:00		60	0	0	0	0	0	0	0	0	0	0	0	0	0	0	0	0	0	0	0	0	0,0000	0,0000	160,8429
2021-11-08	20:28:00		60	0	0	0	0	0	0	0	0	0	0	0	0	0	0	0	0	0	0	0	0	0,0000	0,0000	160,8429
2021-11-08	20:29:00		60	0	0	0	0	0	0	0	0	0	0	0	0	0	0	0	0	0	0	0	0	0,0000	0,0000	160,8429
2021-11-08	20:30:00		60	0	0	0	0	0	0	0	0	0	0	0	0	0	0	0	0	0	0	0	0	0,0000	0,0000	160,8429
2021-11-08	20:31:00		60	0	0	0	0	0	0	0	0	0	0	0	0	0	0	0	0	0	0	0	0	0,0000	0,0000	160,8429
2021-11-08	20:32:00		60	0	0	0	0	0	0	0	0	0	0	0	0	0	0	0	0	0	0	0	0	0,0000	0,0000	160,8429
2021-11-08	20:33:00		60	0	0	0	0	0	0	0	0	0	0	0	0	0	0	0	0	0	0	0	0	0,0000	0,0000	160,8429
2021-11-08	20:34:00		60	0	0	0	0	0	0	0	0	0	0	0	0	0	0	0	0	0	0	0	0	0,0000	0,0000	160,8429
2021-11-08	20:35:00		60	0	0	0	0	0	0	0	0	0	0	0	0	0	0	0	0	0	0	0	0	0,0000	0,0000	160,8429
2021-11-08	20:36:00		60	0	0	0	0	0	0	0	0	0	0	0	0	0	0	0	0	0	0	0	0	0,0000	0,0000	160,8429
2021-11-08	20:37:00		60	0	0	0	0	0	0	0	0	0	0	0	0	0	0	0	0	0	0	0	0	0,0000	0,0000	160,8429
2021-11-08	20:38:00		60	0	0	0	0	0	0	0	0	0	0	0	0	0	0	0	0	0	0	0	0	0,0000	0,0000	160,8429
2021-11-08	20:39:00		60	0	0	0	0	0	0	0	0	0	0	0	0	0	0	0	0	0	0	0	0	0,0000	0,0000	160,8429
2021-11-08	20:40:00		60	0	0	0	0	0	0	1	0	0	0	0	0	0	0	0	0	0	0	0	0	0,0087	0,0001	160,8431
2021-11-08	20:41:00		60	0	0	0	0	0	0	0	0	0	0	0	0	0	0	0	0	0	0	0	0	0,0000	0,0000	160,8431
2021-11-08	20:42:00		60	0	0	0	0	0	0	0	0	0	0	0	0	0	0	0	0	0	0	0	0	0,0000	0,0000	160,8431
2021-11-08	20:43:00		60	0	0	0	0	0	0	0	0	0	0	0	0	0	0	0	0	0	0	0	0	0,0000	0,0000	160,8431
2021-11-08	20:44:00		60	0	0	0	0	0	0	0	0	0	0	0	0	0	0	0	0	0	0	0	0	0,0000	0,0000	160,8431
2021-11-08	20:45:00		60	0	0	0	0	0	0	0	0	0	0	0	0	0	0	0	0	0	0	0	0	0,0000	0,0000	160,8431
2021-11-08	20:46:00		60	0	0	0	0	0	0	0	0	0	0	0	0	0	0	0	0	0	0	0	0	0,0000	0,0000	160,8431
2021-11-08	20:47:00		60	0	0	0	0	0	0	0	0	0	0	0	0	0	0	0	0	0	0	0	0	0,0000	0,0000	160,8431
2021-11-08	20:48:00		60	0	0	0	1	0	2	2	0	0	2	1	0	0	0	0	0	0	0	0	0	0,1307	0,0022	160,8452
2021-11-08	20:49:00		60	2	0	0	1	0	0	0	0	0	2	0	0	0	0	0	0	0	0	0	0	0,0604	0,0010	160,8463
2021-11-08	20:50:00		60	0	0	0	1	0	0	1	2	1	1	0	0	0	0	0	0	0	0	0	0	0,0906	0,0015	160,8478
2021-11-08	20:51:00		60	0	0	1	0	0	0	0	1	1	0	0	0	0	0	0	0	0	0	0	0	0,0373	0,0006	160,8484
2021-11-08	20:52:00		60	0	0	0	0	0	0	1	1	0	0	0	0	0	0	0	0	0	0	0	0	0,0235	0,0004	160,8488
2021-11-08	20:53:00		60	2	1	0	0	0	2	3	0	0	0	0	0	0	0	0	0	0	0	0	0	0,0369	0,0006	160,8494
2021-11-08	20:54:00		60	0	0	1	1	2	2	0	0	1	0	0	0	0	0	0	0	0	0	0	0	0,0396	0,0007	160,8501
2021-11-08	20:55:00		60	0	2	0	1	2	2	2	1	0	0	1	0	0	0	0	0	0	0	0	0	0,0945	0,0016	160,8516
2021-11-08	20:56:00		60	1	1	0	4	0	2	1	1	1	0	0	0	0	0	0	0	0	0	0	0	0,0626	0,0010	160,8527
2021-11-08	20:57:00		60	0	0	1	1	2	2	3	0	0	0	0	0	0	0	0	0	0	0	0	0	0,0443	0,0007	160,8534
2021-11-08	20:58:00		60	0	1	0	4	1	1	0	0	1	0	0	0	0	0	0	0	0	0	0	0	0,0368	0,0006	160,8540
2021-11-08	20:59:00		60	0	0	2	0	0	3	2	0	0	0	0	0	0	0	0	0	0	0	0	0	0,0339	0,0006	160,8546
2021-11-08	21:00:00		60	1	1	1	1	0	1	2	0	0	0	0	0	0	0	0	0	0	0	0	0	0,0260	0,0004	160,8550
2021-11-08	21:01:00		60	1	1	1	1	0	3	2	0	0	0	0	0	0	0	0	0	0	0	0	0	0,0355	0,0006	160,8556
2021-11-08	21:02:00		60	0	0	0	0	1	0	1	0	0	0	0	0	0	0	0	0	0	0	0	0	0,0116	0,0002	160,8558
2021-11-08	21:03:00		60	0	2	2	3	1	1	1	0	0	0	0	0	0	0	0	0	0	0	0	0	0,0250	0,0004	160,8562
2021-11-08	21:04:00		60	0	0	1	2	1	0	0	0	0	0	0	0	0	0	0	0	0	0	0	0	0,0075	0,0001	160,8563
2021-11-08	21:05:00		60	1	2	0	2	0	1	0	1	0	0	0	0	0	0	0	0	0	0	0	0	0,0246	0,0004	160,8568
2021-11-08	21:06:00		60	1	1	0	2	2	0	0	1	0	0	0	0	0	0	0	0	0	0	0	0	0,0250	0,0004	160,8572
2021-11-08	21:07:00		60	0	1	2	0	0	0	0	0	0	0	0	0	0	0	0	0	0	0	0	0	0,0027	0,0000	160,8572
2021-11-08	21:08:00		60	0	0	0	0	1	1	0	0	0	0	0	0	0	0	0	0	0	0	0	0	0,0077	0,0001	160,8573
2021-11-08	21:09:00		60	0	0	0	1	0	0	0	0	0	0	0	0	0	0	0	0	0	0	0	0	0,0018	0,0000	160,8574
2021-11-08	21:10:00		60	0	1	0	0	0	1	0	0	0	0	0	0	0	0	0	0	0	0	0	0	0,0054	0,0001	160,8575
2021-11-08	21:11:00		60	0	1	1	0	0	0	0	0	0	0	0	0	0	0	0	0	0	0	0	0	0,0016	0,0000	160,8575
2021-11-08	21:12:00		60	0	2	0	1	0	0	0	0	0	0	0	0	0	0	0	0	0	0	0	0	0,0030	0,0000	160,8575
2021-11-08	21:13:00		60	1	1	0	0	1	0	0	0	0	0	0	0	0	0	0	0	0	0	0	0	0,0038	0,0001	160,8576
2021-11-08	21:14:00		60	0	0	1	0	0	0	0	0	0	0	0	0	0	0	0	0	0	0	0	0	0,0011	0,0000	160,8576
2021-11-08	21:15:00		60	0	0	0	0	1	0	0	0	0	0	0	0	0	0	0	0	0	0	0	0	0,0029	0,0000	160,8577
2021-11-08	21:16:00		60	1	0	1	0	0	0	0	0	0	0	0	0	0	0	0	0	0	0	0	0	0,0013	0,0000	160,8577
2021-11-08	21:17:00		60	1	0	0	0	1	0	0	0	0	0	0	0	0	0	0	0	0	0	0	0	0,0032	0,0001	160,8577
2021-11-08	21:18:00		60	0	0	0	0	0	0	0	0	0	0	0	0	0	0	0	0	0	0	0	0	0,0000	0,0000	160,8577
2021-11-08	21:19:00		60	0	0	0	0	0	0	0	0	0	0	0	0	0	0	0	0	0	0	0	0	0,0000	0,0000	160,8577
2021-11-08	21:20:00		60	0	0	0	0	0	0	0	0	0	0	0	0	0	0	0	0	0	0	0	0	0,0000	0,0000	160,8577
2021-11-08	21:21:00		60	0	0	0	0	0	0	0	0	0	0	0	0	0	0	0	0	0	0	0	0	0,0000	0,0000	160,8577
2021-11-08	21:22:00		60	0	0	0	0	0	0	0	0	0	0	0	0	0	0	0	0	0	0	0	0	0,0000	0,0000	160,8577
2021-11-08	21:23:00		60	0	0	0	0	0	0	0	0	0	0	0	0	0	0	0	0	0	0	0	0	0,0000	0,0000	160,8577
2021-11-08	21:24:00		60	0	0	0	0	0	0	0	0	0	0	0	0	0	0	0	0	0	0	0	0	0,0000	0,0000	160,8577
2021-11-08	21:25:00		60	0	0	0	0	0	0	0	0	0	0	0	0	0	0	0	0	0	0	0	0	0,0000	0,0000	160,8577
2021-11-08	21:26:00		60	0	0	0	0	0	0	0	0	0	0	0	0	0	0	0	0	0	0	0	0	0,0000	0,0000	160,8577
2021-11-08	21:27:00		60	0	0	0	0	0	0	0	0	0	0	0	0	0	0	0	0	0	0	0	0	0,0000	0,0000	160,8577
2021-11-08	21:28:00		60	0	0	0	0	0	0	0	0	0	0	0	0	0	0	0	0	0	0	0	0	0,0000	0,0000	160,8577
2021-11-08	21:29:00		60	0	0	0	0	0	0	0	0	0	0	0	0	0	0	0	0	0	0	0	0	0,0000	0,0000	160,8577
2021-11-08	21:30:00		60	0	0	0	0	0	0	0	0	0	0	0	0	0	0	0	0	0	0	0	0	0,0000	0,0000	160,8577
2021-11-08	21:31:00		60	0	0	0	0	0	0	0	0	0	0	0	0	0	0	0	0	0	0	0	0	0,0000	0,0000	160,8577
2021-11-08	21:32:00		60	0	0	0	0	0	0	0	0	0	0	0	0	0	0	0	0	0	0	0	0	0,0000	0,0000	160,8577
2021-11-08	21:33:00		60	0	0	0	0	0	0	0	0	0	0	0	0	0	0	0	0	0	0	0	0	0,0000	0,0000	160,8577
2021-11-08	21:34:00		60	0	0	0	0	0	0	0	0	0	0	0	0	0	0	0	0	0	0	0	0	0,0000	0,0000	160,8577
2021-11-08	21:35:00		60	0	0	0	0	0	0	0	0	0	0	0	0	0	0	0	0	0	0	0	0	0,0000	0,0000	160,8577
2021-11-08	21:36:00		60	0	0	0	0	0	0	0	0	0	0	0	0	0	0	0	0	0	0	0	0	0,0000	0,0000	160,8577
2021-11-08	21:37:00		60	0	0	0	0	0	0	0	0	0	0	0	0	0	0	0	0	0	0	0	0	0,0000	0,0000	160,8577
2021-11-08	21:38:00		60	0	0	0	0	0	0	0	0	0	0	0	0	0	0	0	0	0	0	0	0	0,0000	0,0000	160,8577
2021-11-08	21:39:00		60	0	0	0	0	0	0	0	0	0	0	0	0	0	0	0	0	0	0	0	0	0,0000	0,0000	160,8577
2021-11-08	21:40:00		60	0	0	0	0	0	0	0	0	0	0	0	0	0	0	0	0	0	0	0	0	0,0000	0,0000	160,8577
2021-11-08	21:41:00		60	0	0	0	0	0	0	0	0	0	0	0	0	0	0	0	0	0	0	0	0	0,0000	0,0000	160,8577
2021-11-08	21:42:00		60	0	0	0	0	0	0	0	0	0	0	0	0	0	0	0	0	0	0	0	0	0,0000	0,0000	160,8577
2021-11-08	21:43:00		60	0	0	0	0	0	0	0	0	0	0	0	0	0	0	0	0	0	0	0	0	0,0000	0,0000	160,8577
2021-11-08	21:44:00		60	0	0	0	0	0	0	0	0	0	0	0	0	0	0	0	0	0	0	0	0	0,0000	0,0000	160,8577
2021-11-08	21:45:00		60	0	0	0	0	0	0	0	0	0	0	0	0	0	0	0	0	0	0	0	0	0,0000	0,0000	160,8577
2021-11-08	21:46:00		60	0	0	0	0	0	0	0	0	0	0	0	0	0	0	0	0	0	0	0	0	0,0000	0,0000	160,8577
2021-11-08	21:47:00		60	0	0	0	0	0	0	0	0	0	0	0	0	0	0	0	0	0	0	0	0	0,0000	0,0000	160,8577
2021-11-08	21:48:00		60	0	0	0	0	0	0	0	0	0	0	0	0	0	0	0	0	0	0	0	0	0,0000	0,0000	160,8577
2021-11-08	21:49:00		60	0	0	0	0	0	0	0	0	0	0	0	0	0	0	0	0	0	0	0	0	0,0000	0,0000	160,8577
2021-11-08	21:50:00		60	0	0	0	0	0	0	0	0	0	0	0	0	0	0	0	0	0	0	0	0	0,0000	0,0000	160,8577
2021-11-08	21:51:00		60	0	0	0	0	0	0	0	0	0	0	0	0	0	0	0	0	0	0	0	0	0,0000	0,0000	160,8577
2021-11-08	21:52:00		60	0	0	0	0	0	0	0	0	0	0	0	0	0	0	0	0	0	0	0	0	0,0000	0,0000	160,8577
2021-11-08	21:53:00		60	0	0	0	0	0	0	0	0	0	0	0	0	0	0	0	0	0	0	0	0	0,0000	0,0000	160,8577
2021-11-08	21:54:00		60	0	0	0	0	0	0	0	0	0	0	0	0	0	0	0	0	0	0	0	0	0,0000	0,0000	160,8577
2021-11-08	21:55:00		60	0	0	0	0	0	0	0	0	0	0	0	0	0	0	0	0	0	0	0	0	0,0000	0,0000	160,8577
2021-11-08	21:56:00		60	0	0	0	0	0	0	0	0	0	0	0	0	0	0	0	0	0	0	0	0	0,0000	0,0000	160,8577
2021-11-08	21:57:00		60	0	0	0	0	0	0	0	0	0	0	0	0	0	0	0	0	0	0	0	0	0,0000	0,0000	160,8577
2021-11-08	21:58:00		60	0	0	0	0	0	0	0	0	0	0	0	0	0	0	0	0	0	0	0	0	0,0000	0,0000	160,8577
2021-11-08	21:59:00		60	0	0	0	0	0	0	0	0	0	0	0	0	0	0	0	0	0	0	0	0	0,0000	0,0000	160,8577
2021-11-08	22:00:00		60	0	0	0	0	0	0	0	0	0	0	0	0	0	0	0	0	0	0	0	0	0,0000	0,0000	160,8577
2021-11-08	22:01:00		60	0	0	0	0	0	0	0	0	0	0	0	0	0	0	0	0	0	0	0	0	0,0000	0,0000	160,8577
2021-11-08	22:02:00		60	0	0	0	0	0	0	0	0	0	0	0	0	0	0	0	0	0	0	0	0	0,0000	0,0000	160,8577
2021-11-08	22:03:00		60	0	0	0	0	0	0	0	0	0	0	0	0	0	0	0	0	0	0	0	0	0,0000	0,0000	160,8577
2021-11-08	22:04:00		60	0	0	0	0	0	0	0	0	0	0	0	0	0	0	0	0	0	0	0	0	0,0000	0,0000	160,8577
2021-11-08	22:05:00		60	0	0	0	0	0	0	0	0	0	0	0	0	0	0	0	0	0	0	0	0	0,0000	0,0000	160,8577
2021-11-08	22:06:00		60	0	0	0	0	0	0	0	0	0	0	0	0	0	0	0	0	0	0	0	0	0,0000	0,0000	160,8577
2021-11-08	22:07:00		60	0	0	0	0	0	0	0	0	0	0	0	0	0	0	0	0	0	0	0	0	0,0000	0,0000	160,8577
2021-11-08	22:08:00		60	0	0	0	0	0	0	0	0	0	0	0	0	0	0	0	0	0	0	0	0	0,0000	0,0000	160,8577
2021-11-08	22:09:00		60	0	0	0	0	0	0	0	0	0	0	0	0	0	0	0	0	0	0	0	0	0,0000	0,0000	160,8577
2021-11-08	22:10:00		60	0	0	0	0	0	0	0	0	0	0	0	0	0	0	0	0	0	0	0	0	0,0000	0,0000	160,8577
2021-11-08	22:11:00		60	0	0	0	0	0	0	0	0	0	0	0	0	0	0	0	0	0	0	0	0	0,0000	0,0000	160,8577
2021-11-08	22:12:00		60	0	0	0	0	0	0	0	0	0	0	0	0	0	0	0	0	0	0	0	0	0,0000	0,0000	160,8577
2021-11-08	22:13:00		60	0	0	0	0	0	0	0	0	0	0	0	0	0	0	0	0	0	0	0	0	0,0000	0,0000	160,8577
2021-11-08	22:14:00		60	0	0	0	0	0	0	0	0	0	0	0	0	0	0	0	0	0	0	0	0	0,0000	0,0000	160,8577
2021-11-08	22:15:00		60	0	0	0	0	0	0	0	0	0	0	0	0	0	0	0	0	0	0	0	0	0,0000	0,0000	160,8577
2021-11-08	22:16:00		60	0	0	0	0	0	0	0	0	0	0	0	0	0	0	0	0	0	0	0	0	0,0000	0,0000	160,8577
2021-11-08	22:17:00		60	0	0	0	0	0	0	0	0	0	0	0	0	0	0	0	0	0	0	0	0	0,0000	0,0000	160,8577
2021-11-08	22:18:00		60	0	0	0	0	0	0	0	0	0	0	0	0	0	0	0	0	0	0	0	0	0,0000	0,0000	160,8577
2021-11-08	22:19:00		60	0	0	0	0	0	0	0	0	0	0	0	0	0	0	0	0	0	0	0	0	0,0000	0,0000	160,8577
2021-11-08	22:20:00		60	0	0	0	0	0	0	0	0	0	0	0	0	0	0	0	0	0	0	0	0	0,0000	0,0000	160,8577
2021-11-08	22:21:00		60	0	0	0	0	0	0	0	0	0	0	0	0	0	0	0	0	0	0	0	0	0,0000	0,0000	160,8577
2021-11-08	22:22:00		60	0	0	0	0	0	0	0	0	0	0	0	0	0	0	0	0	0	0	0	0	0,0000	0,0000	160,8577
2021-11-08	22:23:00		60	0	0	0	0	0	0	0	0	0	0	0	0	0	0	0	0	0	0	0	0	0,0000	0,0000	160,8577
2021-11-08	22:24:00		60	0	0	0	0	0	0	0	0	0	0	0	0	0	0	0	0	0	0	0	0	0,0000	0,0000	160,8577
2021-11-08	22:25:00		60	0	0	0	0	0	0	0	0	0	0	0	0	0	0	0	0	0	0	0	0	0,0000	0,0000	160,8577
2021-11-08	22:26:00		60	0	0	0	0	0	0	0	0	0	0	0	0	0	0	0	0	0	0	0	0	0,0000	0,0000	160,8577
2021-11-08	22:27:00		60	0	0	0	0	0	0	0	0	0	0	0	0	0	0	0	0	0	0	0	0	0,0000	0,0000	160,8577
2021-11-08	22:28:00		60	0	0	0	0	0	0	0	0	0	0	0	0	0	0	0	0	0	0	0	0	0,0000	0,0000	160,8577
2021-11-08	22:29:00		60	0	0	0	0	0	0	0	0	0	0	0	0	0	0	0	0	0	0	0	0	0,0000	0,0000	160,8577
2021-11-08	22:30:00		60	0	0	0	0	0	0	0	0	0	0	0	0	0	0	0	0	0	0	0	0	0,0000	0,0000	160,8577
2021-11-08	22:31:00		60	0	0	0	0	0	0	0	0	0	0	0	0	0	0	0	0	0	0	0	0	0,0000	0,0000	160,8577
2021-11-08	22:32:00		60	0	0	0	0	0	0	0	0	0	0	0	0	0	0	0	0	0	0	0	0	0,0000	0,0000	160,8577
2021-11-08	22:33:00		60	0	0	0	0	0	0	0	0	0	0	0	0	0	0	0	0	0	0	0	0	0,0000	0,0000	160,8577
2021-11-08	22:34:00		60	0	0	0	0	0	0	0	0	0	0	0	0	0	0	0	0	0	0	0	0	0,0000	0,0000	160,8577
2021-11-08	22:35:00		60	0	0	0	0	0	0	0	0	0	0	0	0	0	0	0	0	0	0	0	0	0,0000	0,0000	160,8577
2021-11-08	22:36:00		60	0	0	0	0	0	0	0	0	0	0	0	0	0	0	0	0	0	0	0	0	0,0000	0,0000	160,8577
2021-11-08	22:37:00		60	0	0	0	0	0	0	0	0	0	0	0	0	0	0	0	0	0	0	0	0	0,0000	0,0000	160,8577
2021-11-08	22:38:00		60	0	0	0	0	0	0	0	0	0	0	0	0	0	0	0	0	0	0	0	0	0,0000	0,0000	160,8577
2021-11-08	22:39:00		60	0	0	0	0	0	0	0	0	0	0	0	0	0	0	0	0	0	0	0	0	0,0000	0,0000	160,8577
2021-11-08	22:40:00		60	0	0	0	0	0	0	0	0	0	0	0	0	0	0	0	0	0	0	0	0	0,0000	0,0000	160,8577
2021-11-08	22:41:00		60	0	0	0	0	0	0	0	0	0	0	0	0	0	0	0	0	0	0	0	0	0,0000	0,0000	160,8577
2021-11-08	22:42:00		60	0	0	0	0	0	0	0	0	0	0	0	0	0	0	0	0	0	0	0	0	0,0000	0,0000	160,8577
2021-11-08	22:43:00		60	0	0	0	0	0	0	0	0	0	0	0	0	0	0	0	0	0	0	0	0	0,0000	0,0000	160,8577
2021-11-08	22:44:00		60	0	0	0	0	0	0	0	0	0	0	0	0	0	0	0	0	0	0	0	0	0,0000	0,0000	160,8577
2021-11-08	22:45:00		60	0	0	0	0	0	0	0	0	0	0	0	0	0	0	0	0	0	0	0	0	0,0000	0,0000	160,8577
2021-11-08	22:46:00		60	0	0	0	0	0	0	0	0	0	0	0	0	0	0	0	0	0	0	0	0	0,0000	0,0000	160,8577
2021-11-08	22:47:00		60	0	0	0	0	0	0	0	0	0	0	0	0	0	0	0	0	0	0	0	0	0,0000	0,0000	160,8577
2021-11-08	22:48:00		60	0	0	0	0	0	0	0	0	0	0	0	0	0	0	0	0	0	0	0	0	0,0000	0,0000	160,8577
2021-11-08	22:49:00		60	0	0	0	0	0	0	0	0	0	0	0	0	0	0	0	0	0	0	0	0	0,0000	0,0000	160,8577
2021-11-08	22:50:00		60	0	0	0	0	0	0	0	0	0	0	0	0	0	0	0	0	0	0	0	0	0,0000	0,0000	160,8577
2021-11-08	22:51:00		60	0	0	0	0	0	0	0	0	0	0	0	0	0	0	0	0	0	0	0	0	0,0000	0,0000	160,8577
2021-11-08	22:52:00		60	0	0	0	0	0	0	0	0	0	0	0	0	0	0	0	0	0	0	0	0	0,0000	0,0000	160,8577
2021-11-08	22:53:00		60	0	0	0	0	0	0	0	0	0	0	0	0	0	0	0	0	0	0	0	0	0,0000	0,0000	160,8577
2021-11-08	22:54:00		60	0	0	0	0	0	0	0	0	0	0	0	0	0	0	0	0	0	0	0	0	0,0000	0,0000	160,8577
2021-11-08	22:55:00		60	0	0	0	0	0	0	0	0	0	0	0	0	0	0	0	0	0	0	0	0	0,0000	0,0000	160,8577
2021-11-08	22:56:00		60	0	0	0	0	0	0	0	0	0	0	0	0	0	0	0	0	0	0	0	0	0,0000	0,0000	160,8577
2021-11-08	22:57:00		60	0	0	0	0	0	0	0	0	0	0	0	0	0	0	0	0	0	0	0	0	0,0000	0,0000	160,8577
2021-11-08	22:58:00		60	0	0	0	0	0	0	0	0	0	0	0	0	0	0	0	0	0	0	0	0	0,0000	0,0000	160,8577
2021-11-08	22:59:00		60	0	0	0	0	0	0	0	0	0	0	0	0	0	0	0	0	0	0	0	0	0,0000	0,0000	160,8577
2021-11-08	23:00:00		60	0	0	0	0	0	0	0	0	0	0	0	0	0	0	0	0	0	0	0	0	0,0000	0,0000	160,8577
2021-11-08	23:01:00		60	0	0	0	0	0	0	0	0	0	0	0	0	0	0	0	0	0	0	0	0	0,0000	0,0000	160,8577
2021-11-08	23:02:00		60	0	0	0	0	0	0	0	0	0	0	0	0	0	0	0	0	0	0	0	0	0,0000	0,0000	160,8577
2021-11-08	23:03:00		60	0	0	0	0	0	0	0	0	0	0	0	0	0	0	0	0	0	0	0	0	0,0000	0,0000	160,8577
2021-11-08	23:04:00		60	0	0	0	0	0	0	0	0	0	0	0	0	0	0	0	0	0	0	0	0	0,0000	0,0000	160,8577
2021-11-08	23:05:00		60	0	0	0	0	0	0	0	0	0	0	0	0	0	0	0	0	0	0	0	0	0,0000	0,0000	160,8577
2021-11-08	23:06:00		60	0	0	0	0	0	0	0	0	0	0	0	0	0	0	0	0	0	0	0	0	0,0000	0,0000	160,8577
2021-11-08	23:07:00		60	0	0	0	0	0	0	0	0	0	0	0	0	0	0	0	0	0	0	0	0	0,0000	0,0000	160,8577
2021-11-08	23:08:00		60	0	0	0	0	0	0	0	0	0	0	0	0	0	0	0	0	0	0	0	0	0,0000	0,0000	160,8577
2021-11-08	23:09:00		60	0	0	0	0	0	0	0	0	0	0	0	0	0	0	0	0	0	0	0	0	0,0000	0,0000	160,8577
2021-11-08	23:10:00		60	0	0	0	0	0	0	0	0	0	0	0	0	0	0	0	0	0	0	0	0	0,0000	0,0000	160,8577
2021-11-08	23:11:00		60	0	0	0	0	0	0	0	0	0	0	0	0	0	0	0	0	0	0	0	0	0,0000	0,0000	160,8577
2021-11-08	23:12:00		60	0	0	0	0	0	0	0	0	0	0	0	0	0	0	0	0	0	0	0	0	0,0000	0,0000	160,8577
2021-11-08	23:13:00		60	0	0	0	0	0	0	0	0	0	0	0	0	0	0	0	0	0	0	0	0	0,0000	0,0000	160,8577
2021-11-08	23:14:00		60	0	0	0	0	0	0	0	0	0	0	0	0	0	0	0	0	0	0	0	0	0,0000	0,0000	160,8577
2021-11-08	23:15:00		60	0	0	0	0	0	0	0	0	0	0	0	0	0	0	0	0	0	0	0	0	0,0000	0,0000	160,8577
2021-11-08	23:16:00		60	0	0	0	0	0	0	0	0	0	0	0	0	0	0	0	0	0	0	0	0	0,0000	0,0000	160,8577
2021-11-08	23:17:00		60	0	0	0	0	0	0	0	0	0	0	0	0	0	0	0	0	0	0	0	0	0,0000	0,0000	160,8577
2021-11-08	23:18:00		60	0	0	0	0	0	0	0	0	0	0	0	0	0	0	0	0	0	0	0	0	0,0000	0,0000	160,8577
2021-11-08	23:19:00		60	0	0	0	0	0	0	0	0	0	0	0	0	0	0	0	0	0	0	0	0	0,0000	0,0000	160,8577
2021-11-08	23:20:00		60	0	0	0	0	0	0	0	0	0	0	0	0	0	0	0	0	0	0	0	0	0,0000	0,0000	160,8577
2021-11-08	23:21:00		60	0	0	0	0	0	0	0	0	0	0	0	0	0	0	0	0	0	0	0	0	0,0000	0,0000	160,8577
2021-11-08	23:22:00		60	0	0	0	0	0	0	0	0	0	0	0	0	0	0	0	0	0	0	0	0	0,0000	0,0000	160,8577
2021-11-08	23:23:00		60	0	0	0	0	0	0	0	0	0	0	0	0	0	0	0	0	0	0	0	0	0,0000	0,0000	160,8577
2021-11-08	23:24:00		60	0	0	0	0	0	0	0	0	0	0	0	0	0	0	0	0	0	0	0	0	0,0000	0,0000	160,8577
2021-11-08	23:25:00		60	0	0	0	0	0	0	0	0	0	0	0	0	0	0	0	0	0	0	0	0	0,0000	0,0000	160,8577
2021-11-08	23:26:00		60	0	0	0	0	0	0	0	0	0	0	0	0	0	0	0	0	0	0	0	0	0,0000	0,0000	160,8577
2021-11-08	23:27:00		60	0	0	0	0	0	0	0	0	0	0	0	0	0	0	0	0	0	0	0	0	0,0000	0,0000	160,8577
2021-11-08	23:28:00		60	0	0	0	0	0	0	0	0	0	0	0	0	0	0	0	0	0	0	0	0	0,0000	0,0000	160,8577
2021-11-08	23:29:00		60	0	0	0	0	0	0	0	0	0	0	0	0	0	0	0	0	0	0	0	0	0,0000	0,0000	160,8577
2021-11-08	23:30:00		60	0	0	0	0	0	0	0	0	0	0	0	0	0	0	0	0	0	0	0	0	0,0000	0,0000	160,8577
2021-11-08	23:31:00		60	0	0	0	0	0	0	0	0	0	0	0	0	0	0	0	0	0	0	0	0	0,0000	0,0000	160,8577
2021-11-08	23:32:00		60	0	0	0	0	0	0	0	0	0	0	0	0	0	0	0	0	0	0	0	0	0,0000	0,0000	160,8577
2021-11-08	23:33:00		60	0	0	0	0	0	0	0	0	0	0	0	0	0	0	0	0	0	0	0	0	0,0000	0,0000	160,8577
2021-11-08	23:34:00		60	0	0	0	0	0	0	0	0	0	0	0	0	0	0	0	0	0	0	0	0	0,0000	0,0000	160,8577
2021-11-08	23:35:00		60	0	0	0	0	0	0	0	0	0	0	0	0	0	0	0	0	0	0	0	0	0,0000	0,0000	160,8577
2021-11-08	23:36:00		60	0	0	0	0	0	0	0	0	0	0	0	0	0	0	0	0	0	0	0	0	0,0000	0,0000	160,8577
2021-11-08	23:37:00		60	0	0	0	0	0	0	0	0	0	0	0	0	0	0	0	0	0	0	0	0	0,0000	0,0000	160,8577
2021-11-08	23:38:00		60	0	0	0	0	0	0	0	0	0	0	0	0	0	0	0	0	0	0	0	0	0,0000	0,0000	160,8577
2021-11-08	23:39:00		60	0	0	0	0	0	0	0	0	0	0	0	0	0	0	0	0	0	0	0	0	0,0000	0,0000	160,8577
2021-11-08	23:40:00		60	0	0	0	0	0	0	0	0	0	0	0	0	0	0	0	0	0	0	0	0	0,0000	0,0000	160,8577
2021-11-08	23:41:00		60	0	0	0	0	0	0	0	0	0	0	0	0	0	0	0	0	0	0	0	0	0,0000	0,0000	160,8577
2021-11-08	23:42:00		60	0	0	0	0	0	0	0	0	0	0	0	0	0	0	0	0	0	0	0	0	0,0000	0,0000	160,8577
2021-11-08	23:43:00		60	0	0	0	0	0	0	0	0	0	0	0	0	0	0	0	0	0	0	0	0	0,0000	0,0000	160,8577
2021-11-08	23:44:00		60	0	0	0	0	0	0	0	0	0	0	0	0	0	0	0	0	0	0	0	0	0,0000	0,0000	160,8577
2021-11-08	23:45:00		60	0	0	0	0	0	0	0	0	0	0	0	0	0	0	0	0	0	0	0	0	0,0000	0,0000	160,8577
2021-11-08	23:46:00		60	0	0	0	0	0	0	0	0	0	0	0	0	0	0	0	0	0	0	0	0	0,0000	0,0000	160,8577
2021-11-08	23:47:00		60	0	0	0	0	0	0	0	0	0	0	0	0	0	0	0	0	0	0	0	0	0,0000	0,0000	160,8577
2021-11-08	23:48:00		60	0	0	0	0	0	0	0	0	0	0	0	0	0	0	0	0	0	0	0	0	0,0000	0,0000	160,8577
2021-11-08	23:49:00		60	0	0	0	0	0	0	0	0	0	0	0	0	0	0	0	0	0	0	0	0	0,0000	0,0000	160,8577
2021-11-08	23:50:00		60	0	0	0	0	0	0	0	0	0	0	0	0	0	0	0	0	0	0	0	0	0,0000	0,0000	160,8577
2021-11-08	23:51:00		60	0	0	0	0	0	0	0	0	0	0	0	0	0	0	0	0	0	0	0	0	0,0000	0,0000	160,8577
2021-11-08	23:52:00		60	0	0	0	0	0	0	0	0	0	0	0	0	0	0	0	0	0	0	0	0	0,0000	0,0000	160,8577
2021-11-08	23:53:00		60	0	0	0	0	0	0	0	0	0	0	0	0	0	0	0	0	0	0	0	0	0,0000	0,0000	160,8577
2021-11-08	23:54:00		60	0	0	0	0	0	0	0	0	0	0	0	0	0	0	0	0	0	0	0	0	0,0000	0,0000	160,8577
2021-11-08	23:55:00		60	0	0	0	0	0	0	0	0	0	0	0	0	0	0	0	0	0	0	0	0	0,0000	0,0000	160,8577
2021-11-08	23:56:00		60	0	0	0	0	0	0	0	0	0	0	0	0	0	0	0	0	0	0	0	0	0,0000	0,0000	160,8577
2021-11-08	23:57:00		60	0	0	0	0	0	0	0	0	0	0	0	0	0	0	0	0	0	0	0	0	0,0000	0,0000	160,8577
2021-11-08	23:58:00		60	0	0	0	0	0	0	0	0	0	0	0	0	0	0	0	0	0	0	0	0	0,0000	0,0000	160,8577
2021-11-08	23:59:00		60	0	0	0	0	0	0	0	0	0	0	0	0	0	0	0	0	0	0	0	0	0,0000	0,0000	160,8577
2021-11-09	00:00:00		60	0	0	0	0	0	0	0	0	0	0	0	0	0	0	0	0	0	0	0	0	0,0000	0,0000	160,8577
2021-11-09	00:01:00		60	0	0	0	0	0	0	0	0	0	0	0	0	0	0	0	0	0	0	0	0	0,0000	0,0000	160,8577
2021-11-09	00:02:00		60	0	0	0	0	0	0	0	0	0	0	0	0	0	0	0	0	0	0	0	0	0,0000	0,0000	160,8577
2021-11-09	00:03:00		60	0	0	0	0	0	0	0	0	0	0	0	0	0	0	0	0	0	0	0	0	0,0000	0,0000	160,8577
2021-11-09	00:04:00		60	0	0	0	0	0	0	0	0	0	0	0	0	0	0	0	0	0	0	0	0	0,0000	0,0000	160,8577
2021-11-09	00:05:00		60	0	0	0	0	0	0	0	0	0	0	0	0	0	0	0	0	0	0	0	0	0,0000	0,0000	160,8577
2021-11-09	00:06:00		60	0	0	0	0	0	0	0	0	0	0	0	0	0	0	0	0	0	0	0	0	0,0000	0,0000	160,8577
2021-11-09	00:07:00		60	0	0	0	0	0	0	0	0	0	0	0	0	0	0	0	0	0	0	0	0	0,0000	0,0000	160,8577
2021-11-09	00:08:00		60	0	0	0	0	0	0	0	0	0	0	0	0	0	0	0	0	0	0	0	0	0,0000	0,0000	160,8577
2021-11-09	00:09:00		60	0	0	0	0	0	0	0	0	0	0	0	0	0	0	0	0	0	0	0	0	0,0000	0,0000	160,8577
2021-11-09	00:10:00		60	0	0	0	0	0	0	0	0	0	0	0	0	0	0	0	0	0	0	0	0	0,0000	0,0000	160,8577
2021-11-09	00:11:00		60	0	0	0	0	0	0	0	0	0	0	0	0	0	0	0	0	0	0	0	0	0,0000	0,0000	160,8577
2021-11-09	00:12:00		60	0	0	0	0	0	0	0	0	0	0	0	0	0	0	0	0	0	0	0	0	0,0000	0,0000	160,8577
2021-11-09	00:13:00		60	0	0	0	0	0	0	0	0	0	0	0	0	0	0	0	0	0	0	0	0	0,0000	0,0000	160,8577
2021-11-09	00:14:00		60	0	0	0	0	0	0	0	0	0	0	0	0	0	0	0	0	0	0	0	0	0,0000	0,0000	160,8577
2021-11-09	00:15:00		60	0	0	0	0	0	0	0	0	0	0	0	0	0	0	0	0	0	0	0	0	0,0000	0,0000	160,8577
2021-11-09	00:16:00		60	0	0	0	0	0	0	0	0	0	0	0	0	0	0	0	0	0	0	0	0	0,0000	0,0000	160,8577
2021-11-09	00:17:00		60	0	0	0	0	0	0	0	0	0	0	0	0	0	0	0	0	0	0	0	0	0,0000	0,0000	160,8577
2021-11-09	00:18:00		60	0	0	0	0	0	0	0	0	0	0	0	0	0	0	0	0	0	0	0	0	0,0000	0,0000	160,8577
2021-11-09	00:19:00		60	0	0	0	0	0	0	0	0	0	0	0	0	0	0	0	0	0	0	0	0	0,0000	0,0000	160,8577
2021-11-09	00:20:00		60	0	0	0	0	0	0	0	0	0	0	0	0	0	0	0	0	0	0	0	0	0,0000	0,0000	160,8577
2021-11-09	00:21:00		60	0	0	0	0	0	0	0	0	0	0	0	0	0	0	0	0	0	0	0	0	0,0000	0,0000	160,8577
2021-11-09	00:22:00		60	0	0	0	0	0	0	0	0	0	0	0	0	0	0	0	0	0	0	0	0	0,0000	0,0000	160,8577
2021-11-09	00:23:00		60	0	0	0	0	0	0	0	0	0	0	0	0	0	0	0	0	0	0	0	0	0,0000	0,0000	160,8577
2021-11-09	00:24:00		60	0	0	0	0	0	0	0	0	0	0	0	0	0	0	0	0	0	0	0	0	0,0000	0,0000	160,8577
2021-11-09	00:25:00		60	0	0	0	0	0	0	0	0	0	0	0	0	0	0	0	0	0	0	0	0	0,0000	0,0000	160,8577
2021-11-09	00:26:00		60	0	0	0	0	0	0	0	0	0	0	0	0	0	0	0	0	0	0	0	0	0,0000	0,0000	160,8577
2021-11-09	00:27:00		60	0	0	0	0	0	0	0	0	0	0	0	0	0	0	0	0	0	0	0	0	0,0000	0,0000	160,8577
2021-11-09	00:28:00		60	0	0	0	0	0	0	0	0	0	0	0	0	0	0	0	0	0	0	0	0	0,0000	0,0000	160,8577
2021-11-09	00:29:00		60	0	0	0	0	0	0	0	0	0	0	0	0	0	0	0	0	0	0	0	0	0,0000	0,0000	160,8577
2021-11-09	00:30:00		60	0	0	0	0	0	0	0	0	0	0	0	0	0	0	0	0	0	0	0	0	0,0000	0,0000	160,8577
2021-11-09	00:31:00		60	0	0	0	0	0	0	0	0	0	0	0	0	0	0	0	0	0	0	0	0	0,0000	0,0000	160,8577
2021-11-09	00:32:00		60	0	0	0	0	0	0	0	0	0	0	0	0	0	0	0	0	0	0	0	0	0,0000	0,0000	160,8577
2021-11-09	00:33:00		60	0	0	0	0	0	0	0	0	0	0	0	0	0	0	0	0	0	0	0	0	0,0000	0,0000	160,8577
2021-11-09	00:34:00		60	0	0	0	0	0	0	0	0	0	0	0	0	0	0	0	0	0	0	0	0	0,0000	0,0000	160,8577
2021-11-09	00:35:00		60	0	0	0	0	0	0	0	0	0	0	0	0	0	0	0	0	0	0	0	0	0,0000	0,0000	160,8577
2021-11-09	00:36:00		60	0	0	0	0	0	0	0	0	0	0	0	0	0	0	0	0	0	0	0	0	0,0000	0,0000	160,8577
2021-11-09	00:37:00		60	0	0	0	0	0	0	0	0	0	0	0	0	0	0	0	0	0	0	0	0	0,0000	0,0000	160,8577
2021-11-09	00:38:00		60	0	0	0	0	0	0	0	0	0	0	0	0	0	0	0	0	0	0	0	0	0,0000	0,0000	160,8577
2021-11-09	00:39:00		60	0	0	0	0	0	0	0	0	0	0	0	0	0	0	0	0	0	0	0	0	0,0000	0,0000	160,8577
2021-11-09	00:40:00		60	0	0	0	0	0	0	0	0	0	0	0	0	0	0	0	0	0	0	0	0	0,0000	0,0000	160,8577
2021-11-09	00:41:00		60	0	0	0	0	0	0	0	0	0	0	0	0	0	0	0	0	0	0	0	0	0,0000	0,0000	160,8577
2021-11-09	00:42:00		60	0	0	0	0	0	0	0	0	0	0	0	0	0	0	0	0	0	0	0	0	0,0000	0,0000	160,8577
2021-11-09	00:43:00		60	0	0	0	0	0	0	0	0	0	0	0	0	0	0	0	0	0	0	0	0	0,0000	0,0000	160,8577
2021-11-09	00:44:00		60	0	0	0	0	0	0	0	0	0	0	0	0	0	0	0	0	0	0	0	0	0,0000	0,0000	160,8577
2021-11-09	00:45:00		60	0	0	0	0	0	0	0	0	0	0	0	0	0	0	0	0	0	0	0	0	0,0000	0,0000	160,8577
2021-11-09	00:46:00		60	0	0	0	0	0	0	0	0	0	0	0	0	0	0	0	0	0	0	0	0	0,0000	0,0000	160,8577
2021-11-09	00:47:00		60	0	0	0	0	0	0	0	0	0	0	0	0	0	0	0	0	0	0	0	0	0,0000	0,0000	160,8577
2021-11-09	00:48:00		60	0	0	0	0	0	0	0	0	0	0	0	0	0	0	0	0	0	0	0	0	0,0000	0,0000	160,8577
2021-11-09	00:49:00		60	0	0	0	0	0	0	0	0	0	0	0	0	0	0	0	0	0	0	0	0	0,0000	0,0000	160,8577
2021-11-09	00:50:00		60	0	0	0	0	0	0	0	0	0	0	0	0	0	0	0	0	0	0	0	0	0,0000	0,0000	160,8577
2021-11-09	00:51:00		60	0	0	0	0	0	0	0	0	0	0	0	0	0	0	0	0	0	0	0	0	0,0000	0,0000	160,8577
2021-11-09	00:52:00		60	0	0	0	0	0	0	0	0	0	0	0	0	0	0	0	0	0	0	0	0	0,0000	0,0000	160,8577
2021-11-09	00:53:00		60	0	0	0	0	0	0	0	0	0	0	0	0	0	0	0	0	0	0	0	0	0,0000	0,0000	160,8577
2021-11-09	00:54:00		60	0	0	0	0	0	0	0	0	0	0	0	0	0	0	0	0	0	0	0	0	0,0000	0,0000	160,8577
2021-11-09	00:55:00		60	0	0	0	0	0	0	0	0	0	0	0	0	0	0	0	0	0	0	0	0	0,0000	0,0000	160,8577
2021-11-09	00:56:00		60	0	0	0	0	0	0	0	0	0	0	0	0	0	0	0	0	0	0	0	0	0,0000	0,0000	160,8577
2021-11-09	00:57:00		60	0	0	0	0	0	0	0	0	0	0	0	0	0	0	0	0	0	0	0	0	0,0000	0,0000	160,8577
2021-11-09	00:58:00		60	0	0	0	0	0	0	0	0	0	0	0	0	0	0	0	0	0	0	0	0	0,0000	0,0000	160,8577
2021-11-09	00:59:00		60	0	0	0	0	0	0	0	0	0	0	0	0	0	0	0	0	0	0	0	0	0,0000	0,0000	160,8577
2021-11-09	01:00:00		60	0	0	0	0	0	0	0	0	0	0	0	0	0	0	0	0	0	0	0	0	0,0000	0,0000	160,8577
2021-11-09	01:01:00		60	0	0	0	0	0	0	0	0	0	0	0	0	0	0	0	0	0	0	0	0	0,0000	0,0000	160,8577
2021-11-09	01:02:00		60	0	0	0	0	0	0	0	0	0	0	0	0	0	0	0	0	0	0	0	0	0,0000	0,0000	160,8577
2021-11-09	01:03:00		60	0	0	0	0	0	0	0	0	0	0	0	0	0	0	0	0	0	0	0	0	0,0000	0,0000	160,8577
2021-11-09	01:04:00		60	0	0	0	0	0	0	0	0	0	0	0	0	0	0	0	0	0	0	0	0	0,0000	0,0000	160,8577
2021-11-09	01:05:00		60	0	0	0	0	0	0	0	0	0	0	0	0	0	0	0	0	0	0	0	0	0,0000	0,0000	160,8577
2021-11-09	01:06:00		60	0	0	0	0	0	0	0	0	0	0	0	0	0	0	0	0	0	0	0	0	0,0000	0,0000	160,8577
2021-11-09	01:07:00		60	0	0	0	0	0	0	0	0	0	0	0	0	0	0	0	0	0	0	0	0	0,0000	0,0000	160,8577
2021-11-09	01:08:00		60	0	0	0	0	0	0	0	0	0	0	0	0	0	0	0	0	0	0	0	0	0,0000	0,0000	160,8577
2021-11-09	01:09:00		60	0	0	0	0	0	0	0	0	0	0	0	0	0	0	0	0	0	0	0	0	0,0000	0,0000	160,8577
2021-11-09	01:10:00		60	0	0	0	0	0	0	0	0	0	0	0	0	0	0	0	0	0	0	0	0	0,0000	0,0000	160,8577
2021-11-09	01:11:00		60	0	0	0	0	0	0	0	0	0	0	0	0	0	0	0	0	0	0	0	0	0,0000	0,0000	160,8577
2021-11-09	01:12:00		60	0	0	0	0	0	0	0	0	0	0	0	0	0	0	0	0	0	0	0	0	0,0000	0,0000	160,8577
2021-11-09	01:13:00		60	0	0	0	0	0	0	0	0	0	0	0	0	0	0	0	0	0	0	0	0	0,0000	0,0000	160,8577
2021-11-09	01:14:00		60	0	0	0	0	0	0	0	0	0	0	0	0	0	0	0	0	0	0	0	0	0,0000	0,0000	160,8577
2021-11-09	01:15:00		60	0	0	0	0	0	0	0	0	0	0	0	0	0	0	0	0	0	0	0	0	0,0000	0,0000	160,8577
2021-11-09	01:16:00		60	0	0	0	0	0	0	0	0	0	0	0	0	0	0	0	0	0	0	0	0	0,0000	0,0000	160,8577
2021-11-09	01:17:00		60	0	0	0	0	0	0	0	0	0	0	0	0	0	0	0	0	0	0	0	0	0,0000	0,0000	160,8577
2021-11-09	01:18:00		60	0	0	0	0	0	0	0	0	0	0	0	0	0	0	0	0	0	0	0	0	0,0000	0,0000	160,8577
2021-11-09	01:19:00		60	0	0	0	0	0	0	0	0	0	0	0	0	0	0	0	0	0	0	0	0	0,0000	0,0000	160,8577
2021-11-09	01:20:00		60	0	0	0	0	0	0	0	0	0	0	0	0	0	0	0	0	0	0	0	0	0,0000	0,0000	160,8577
2021-11-09	01:21:00		60	0	0	0	0	0	0	0	0	0	0	0	0	0	0	0	0	0	0	0	0	0,0000	0,0000	160,8577
2021-11-09	01:22:00		60	0	0	0	0	0	0	0	0	0	0	0	0	0	0	0	0	0	0	0	0	0,0000	0,0000	160,8577
2021-11-09	01:23:00		60	0	0	0	0	0	0	0	0	0	0	0	0	0	0	0	0	0	0	0	0	0,0000	0,0000	160,8577
2021-11-09	01:24:00		60	0	0	0	0	0	0	0	0	0	0	0	0	0	0	0	0	0	0	0	0	0,0000	0,0000	160,8577
2021-11-09	01:25:00		60	0	0	0	0	0	0	0	0	0	0	0	0	0	0	0	0	0	0	0	0	0,0000	0,0000	160,8577
2021-11-09	01:26:00		60	0	0	0	0	0	0	0	0	0	0	0	0	0	0	0	0	0	0	0	0	0,0000	0,0000	160,8577
2021-11-09	01:27:00		60	0	0	0	0	0	0	0	0	0	0	0	0	0	0	0	0	0	0	0	0	0,0000	0,0000	160,8577
2021-11-09	01:28:00		60	0	0	0	0	0	0	0	0	0	0	0	0	0	0	0	0	0	0	0	0	0,0000	0,0000	160,8577
2021-11-09	01:29:00		60	0	0	0	0	0	0	0	0	0	0	0	0	0	0	0	0	0	0	0	0	0,0000	0,0000	160,8577
2021-11-09	01:30:00		60	0	0	0	0	0	0	0	0	0	0	0	0	0	0	0	0	0	0	0	0	0,0000	0,0000	160,8577
2021-11-09	01:31:00		60	0	0	0	0	0	0	0	0	0	0	0	0	0	0	0	0	0	0	0	0	0,0000	0,0000	160,8577
2021-11-09	01:32:00		60	0	0	0	0	0	0	0	0	0	0	0	0	0	0	0	0	0	0	0	0	0,0000	0,0000	160,8577
2021-11-09	01:33:00		60	0	0	0	0	0	0	0	0	0	0	0	0	0	0	0	0	0	0	0	0	0,0000	0,0000	160,8577
2021-11-09	01:34:00		60	0	0	0	0	0	0	0	0	0	0	0	0	0	0	0	0	0	0	0	0	0,0000	0,0000	160,8577
2021-11-09	01:35:00		60	0	0	0	0	0	0	0	0	0	0	0	0	0	0	0	0	0	0	0	0	0,0000	0,0000	160,8577
2021-11-09	01:36:00		60	0	0	0	0	0	0	0	0	0	0	0	0	0	0	0	0	0	0	0	0	0,0000	0,0000	160,8577
2021-11-09	01:37:00		60	0	0	0	0	0	0	0	0	0	0	0	0	0	0	0	0	0	0	0	0	0,0000	0,0000	160,8577
2021-11-09	01:38:00		60	0	0	0	0	0	0	0	0	0	0	0	0	0	0	0	0	0	0	0	0	0,0000	0,0000	160,8577
2021-11-09	01:39:00		60	0	0	0	0	0	0	0	0	0	0	0	0	0	0	0	0	0	0	0	0	0,0000	0,0000	160,8577
2021-11-09	01:40:00		60	0	0	0	0	0	0	0	0	0	0	0	0	0	0	0	0	0	0	0	0	0,0000	0,0000	160,8577
2021-11-09	01:41:00		60	0	0	0	0	0	0	0	0	0	0	0	0	0	0	0	0	0	0	0	0	0,0000	0,0000	160,8577
2021-11-09	01:42:00		60	0	0	0	0	0	0	0	0	0	0	0	0	0	0	0	0	0	0	0	0	0,0000	0,0000	160,8577
2021-11-09	01:43:00		60	0	0	0	0	0	0	0	0	0	0	0	0	0	0	0	0	0	0	0	0	0,0000	0,0000	160,8577
2021-11-09	01:44:00		60	0	0	0	0	0	0	0	0	0	0	0	0	0	0	0	0	0	0	0	0	0,0000	0,0000	160,8577
2021-11-09	01:45:00		60	0	0	0	0	0	0	0	0	0	0	0	0	0	0	0	0	0	0	0	0	0,0000	0,0000	160,8577
2021-11-09	01:46:00		60	0	0	0	0	0	0	0	0	0	0	0	0	0	0	0	0	0	0	0	0	0,0000	0,0000	160,8577
2021-11-09	01:47:00		60	0	0	0	0	0	0	0	0	0	0	0	0	0	0	0	0	0	0	0	0	0,0000	0,0000	160,8577
2021-11-09	01:48:00		60	0	0	0	0	0	0	0	0	0	0	0	0	0	0	0	0	0	0	0	0	0,0000	0,0000	160,8577
2021-11-09	01:49:00		60	0	0	0	0	0	0	0	0	0	0	0	0	0	0	0	0	0	0	0	0	0,0000	0,0000	160,8577
2021-11-09	01:50:00		60	0	0	0	0	0	0	0	0	0	0	0	0	0	0	0	0	0	0	0	0	0,0000	0,0000	160,8577
2021-11-09	01:51:00		60	0	0	0	0	0	0	0	0	0	0	0	0	0	0	0	0	0	0	0	0	0,0000	0,0000	160,8577
2021-11-09	01:52:00		60	0	0	0	0	0	0	0	0	0	0	0	0	0	0	0	0	0	0	0	0	0,0000	0,0000	160,8577
2021-11-09	01:53:00		60	0	0	0	0	0	0	0	0	0	0	0	0	0	0	0	0	0	0	0	0	0,0000	0,0000	160,8577
2021-11-09	01:54:00		60	0	0	0	0	0	0	0	0	0	0	0	0	0	0	0	0	0	0	0	0	0,0000	0,0000	160,8577
2021-11-09	01:55:00		60	0	0	0	0	0	0	0	0	0	0	0	0	0	0	0	0	0	0	0	0	0,0000	0,0000	160,8577
2021-11-09	01:56:00		60	0	0	0	0	0	0	0	0	0	0	0	0	0	0	0	0	0	0	0	0	0,0000	0,0000	160,8577
2021-11-09	01:57:00		60	0	0	0	0	0	0	0	0	0	0	0	0	0	0	0	0	0	0	0	0	0,0000	0,0000	160,8577
2021-11-09	01:58:00		60	0	0	0	0	0	0	0	0	0	0	0	0	0	0	0	0	0	0	0	0	0,0000	0,0000	160,8577
2021-11-09	01:59:00		60	0	0	0	0	0	0	0	0	0	0	0	0	0	0	0	0	0	0	0	0	0,0000	0,0000	160,8577
2021-11-09	02:00:00		60	0	0	0	0	0	0	0	0	0	0	0	0	0	0	0	0	0	0	0	0	0,0000	0,0000	160,8577
2021-11-09	02:01:00		60	0	0	0	0	0	0	0	0	0	0	0	0	0	0	0	0	0	0	0	0	0,0000	0,0000	160,8577
2021-11-09	02:02:00		60	0	0	0	0	0	0	0	0	0	0	0	0	0	0	0	0	0	0	0	0	0,0000	0,0000	160,8577
2021-11-09	02:03:00		60	0	0	0	0	0	0	0	0	0	0	0	0	0	0	0	0	0	0	0	0	0,0000	0,0000	160,8577
2021-11-09	02:04:00		60	0	0	0	0	0	0	0	0	0	0	0	0	0	0	0	0	0	0	0	0	0,0000	0,0000	160,8577
2021-11-09	02:05:00		60	0	0	0	0	0	0	0	0	0	0	0	0	0	0	0	0	0	0	0	0	0,0000	0,0000	160,8577
2021-11-09	02:06:00		60	0	0	0	0	0	0	0	0	0	0	0	0	0	0	0	0	0	0	0	0	0,0000	0,0000	160,8577
2021-11-09	02:07:00		60	0	0	0	0	0	0	0	0	0	0	0	0	0	0	0	0	0	0	0	0	0,0000	0,0000	160,8577
2021-11-09	02:08:00		60	0	0	0	0	0	0	0	0	0	0	0	0	0	0	0	0	0	0	0	0	0,0000	0,0000	160,8577
2021-11-09	02:09:00		60	0	0	0	0	0	0	0	0	0	0	0	0	0	0	0	0	0	0	0	0	0,0000	0,0000	160,8577
2021-11-09	02:10:00		60	0	0	0	0	0	0	0	0	0	0	0	0	0	0	0	0	0	0	0	0	0,0000	0,0000	160,8577
2021-11-09	02:11:00		60	0	0	0	0	0	0	0	0	0	0	0	0	0	0	0	0	0	0	0	0	0,0000	0,0000	160,8577
2021-11-09	02:12:00		60	0	0	0	0	0	0	0	0	0	0	0	0	0	0	0	0	0	0	0	0	0,0000	0,0000	160,8577
2021-11-09	02:13:00		60	0	0	0	0	0	0	0	0	0	0	0	0	0	0	0	0	0	0	0	0	0,0000	0,0000	160,8577
2021-11-09	02:14:00		60	0	0	0	0	0	0	0	0	0	0	0	0	0	0	0	0	0	0	0	0	0,0000	0,0000	160,8577
2021-11-09	02:15:00		60	0	0	0	0	0	0	0	0	0	0	0	0	0	0	0	0	0	0	0	0	0,0000	0,0000	160,8577
2021-11-09	02:16:00		60	0	0	0	0	0	0	0	0	0	0	0	0	0	0	0	0	0	0	0	0	0,0000	0,0000	160,8577
2021-11-09	02:17:00		60	0	0	0	0	0	0	0	0	0	0	0	0	0	0	0	0	0	0	0	0	0,0000	0,0000	160,8577
2021-11-09	02:18:00		60	0	0	0	0	0	0	0	0	0	0	0	0	0	0	0	0	0	0	0	0	0,0000	0,0000	160,8577
2021-11-09	02:19:00		60	0	0	0	0	0	0	0	0	0	0	0	0	0	0	0	0	0	0	0	0	0,0000	0,0000	160,8577
2021-11-09	02:20:00		60	0	0	0	0	0	0	0	0	0	0	0	0	0	0	0	0	0	0	0	0	0,0000	0,0000	160,8577
2021-11-09	02:21:00		60	0	0	0	0	0	0	0	0	0	0	0	0	0	0	0	0	0	0	0	0	0,0000	0,0000	160,8577
2021-11-09	02:22:00		60	0	0	0	0	0	0	0	0	0	0	0	0	0	0	0	0	0	0	0	0	0,0000	0,0000	160,8577
2021-11-09	02:23:00		60	0	0	0	0	0	0	0	0	0	0	0	0	0	0	0	0	0	0	0	0	0,0000	0,0000	160,8577
2021-11-09	02:24:00		60	0	0	0	0	0	0	0	0	0	0	0	0	0	0	0	0	0	0	0	0	0,0000	0,0000	160,8577
2021-11-09	02:25:00		60	0	0	0	0	0	0	0	0	0	0	0	0	0	0	0	0	0	0	0	0	0,0000	0,0000	160,8577
2021-11-09	02:26:00		60	0	0	0	0	0	0	0	0	0	0	0	0	0	0	0	0	0	0	0	0	0,0000	0,0000	160,8577
2021-11-09	02:27:00		60	0	0	0	0	0	0	0	0	0	0	0	0	0	0	0	0	0	0	0	0	0,0000	0,0000	160,8577
2021-11-09	02:28:00		60	0	0	0	0	0	0	0	0	0	0	0	0	0	0	0	0	0	0	0	0	0,0000	0,0000	160,8577
2021-11-09	02:29:00		60	0	0	0	0	0	0	0	0	0	0	0	0	0	0	0	0	0	0	0	0	0,0000	0,0000	160,8577
2021-11-09	02:30:00		60	0	0	0	0	0	0	0	0	0	0	0	0	0	0	0	0	0	0	0	0	0,0000	0,0000	160,8577
2021-11-09	02:31:00		60	0	0	0	0	0	0	0	0	0	0	0	0	0	0	0	0	0	0	0	0	0,0000	0,0000	160,8577
2021-11-09	02:32:00		60	0	0	0	0	0	0	0	0	0	0	0	0	0	0	0	0	0	0	0	0	0,0000	0,0000	160,8577
2021-11-09	02:33:00		60	0	0	0	0	0	0	0	0	0	0	0	0	0	0	0	0	0	0	0	0	0,0000	0,0000	160,8577
2021-11-09	02:34:00		60	0	0	0	0	0	0	0	0	0	0	0	0	0	0	0	0	0	0	0	0	0,0000	0,0000	160,8577
2021-11-09	02:35:00		60	0	0	0	0	0	0	0	0	0	0	0	0	0	0	0	0	0	0	0	0	0,0000	0,0000	160,8577
2021-11-09	02:36:00		60	0	0	0	0	0	0	0	0	0	0	0	0	0	0	0	0	0	0	0	0	0,0000	0,0000	160,8577
2021-11-09	02:37:00		60	0	0	0	0	0	0	0	0	0	0	0	0	0	0	0	0	0	0	0	0	0,0000	0,0000	160,8577
2021-11-09	02:38:00		60	0	0	0	0	0	0	0	0	0	0	0	0	0	0	0	0	0	0	0	0	0,0000	0,0000	160,8577
2021-11-09	02:39:00		60	0	0	0	0	0	0	0	0	0	0	0	0	0	0	0	0	0	0	0	0	0,0000	0,0000	160,8577
2021-11-09	02:40:00		60	0	0	0	0	0	0	0	0	0	0	0	0	0	0	0	0	0	0	0	0	0,0000	0,0000	160,8577
2021-11-09	02:41:00		60	0	0	0	0	0	0	0	0	0	0	0	0	0	0	0	0	0	0	0	0	0,0000	0,0000	160,8577
2021-11-09	02:42:00		60	0	0	0	0	0	0	0	0	0	0	0	0	0	0	0	0	0	0	0	0	0,0000	0,0000	160,8577
2021-11-09	02:43:00		60	0	0	0	0	0	0	0	0	0	0	0	0	0	0	0	0	0	0	0	0	0,0000	0,0000	160,8577
2021-11-09	02:44:00		60	0	0	0	0	0	0	0	0	0	0	0	0	0	0	0	0	0	0	0	0	0,0000	0,0000	160,8577
2021-11-09	02:45:00		60	0	0	0	0	0	0	0	0	0	0	0	0	0	0	0	0	0	0	0	0	0,0000	0,0000	160,8577
2021-11-09	02:46:00		60	0	0	0	0	0	0	0	0	0	0	0	0	0	0	0	0	0	0	0	0	0,0000	0,0000	160,8577
2021-11-09	02:47:00		60	0	0	0	0	0	0	0	0	0	0	0	0	0	0	0	0	0	0	0	0	0,0000	0,0000	160,8577
2021-11-09	02:48:00		60	0	0	0	0	0	0	0	0	0	0	0	0	0	0	0	0	0	0	0	0	0,0000	0,0000	160,8577
2021-11-09	02:49:00		60	0	0	0	0	0	0	0	0	0	0	0	0	0	0	0	0	0	0	0	0	0,0000	0,0000	160,8577
2021-11-09	02:50:00		60	0	0	0	0	0	0	0	0	0	0	0	0	0	0	0	0	0	0	0	0	0,0000	0,0000	160,8577
2021-11-09	02:51:00		60	0	0	0	0	0	0	0	0	0	0	0	0	0	0	0	0	0	0	0	0	0,0000	0,0000	160,8577
2021-11-09	02:52:00		60	0	0	0	0	0	0	0	0	0	0	0	0	0	0	0	0	0	0	0	0	0,0000	0,0000	160,8577
2021-11-09	02:53:00		60	0	0	0	0	0	0	0	0	0	0	0	0	0	0	0	0	0	0	0	0	0,0000	0,0000	160,8577
2021-11-09	02:54:00		60	0	0	0	0	0	0	0	0	0	0	0	0	0	0	0	0	0	0	0	0	0,0000	0,0000	160,8577
2021-11-09	02:55:00		60	0	0	0	0	0	0	0	0	0	0	0	0	0	0	0	0	0	0	0	0	0,0000	0,0000	160,8577
2021-11-09	02:56:00		60	0	0	0	0	0	0	0	0	0	0	0	0	0	0	0	0	0	0	0	0	0,0000	0,0000	160,8577
2021-11-09	02:57:00		60	0	0	0	0	0	0	0	0	0	0	0	0	0	0	0	0	0	0	0	0	0,0000	0,0000	160,8577
2021-11-09	02:58:00		60	0	0	0	0	0	0	0	0	0	0	0	0	0	0	0	0	0	0	0	0	0,0000	0,0000	160,8577
2021-11-09	02:59:00		60	0	0	0	0	0	0	0	0	0	0	0	0	0	0	0	0	0	0	0	0	0,0000	0,0000	160,8577
2021-11-09	03:00:00		60	0	0	0	0	0	0	0	0	0	0	0	0	0	0	0	0	0	0	0	0	0,0000	0,0000	160,8577
2021-11-09	03:01:00		60	0	0	0	0	0	0	0	0	0	0	0	0	0	0	0	0	0	0	0	0	0,0000	0,0000	160,8577
2021-11-09	03:02:00		60	0	0	0	0	0	0	0	0	0	0	0	0	0	0	0	0	0	0	0	0	0,0000	0,0000	160,8577
2021-11-09	03:03:00		60	0	0	0	0	0	0	0	0	0	0	0	0	0	0	0	0	0	0	0	0	0,0000	0,0000	160,8577
2021-11-09	03:04:00		60	0	0	0	0	0	0	0	0	0	0	0	0	0	0	0	0	0	0	0	0	0,0000	0,0000	160,8577
2021-11-09	03:05:00		60	0	0	0	0	0	0	0	0	0	0	0	0	0	0	0	0	0	0	0	0	0,0000	0,0000	160,8577
2021-11-09	03:06:00		60	0	0	0	0	0	0	0	0	0	0	0	0	0	0	0	0	0	0	0	0	0,0000	0,0000	160,8577
2021-11-09	03:07:00		60	0	0	0	0	0	0	0	0	0	0	0	0	0	0	0	0	0	0	0	0	0,0000	0,0000	160,8577
2021-11-09	03:08:00		60	0	0	0	0	0	0	0	0	0	0	0	0	0	0	0	0	0	0	0	0	0,0000	0,0000	160,8577
2021-11-09	03:09:00		60	0	0	0	0	0	0	0	0	0	0	0	0	0	0	0	0	0	0	0	0	0,0000	0,0000	160,8577
2021-11-09	03:10:00		60	0	0	0	0	0	0	0	0	0	0	0	0	0	0	0	0	0	0	0	0	0,0000	0,0000	160,8577
2021-11-09	03:11:00		60	0	0	0	0	0	0	0	0	0	0	0	0	0	0	0	0	0	0	0	0	0,0000	0,0000	160,8577
2021-11-09	03:12:00		60	0	0	0	0	0	0	0	0	0	0	0	0	0	0	0	0	0	0	0	0	0,0000	0,0000	160,8577
2021-11-09	03:13:00		60	0	0	0	0	0	0	0	0	0	0	0	0	0	0	0	0	0	0	0	0	0,0000	0,0000	160,8577
2021-11-09	03:14:00		60	0	0	0	0	0	0	0	0	0	0	0	0	0	0	0	0	0	0	0	0	0,0000	0,0000	160,8577
2021-11-09	03:15:00		60	0	0	0	0	0	0	0	0	0	0	0	0	0	0	0	0	0	0	0	0	0,0000	0,0000	160,8577
2021-11-09	03:16:00		60	0	0	0	0	0	0	0	0	0	0	0	0	0	0	0	0	0	0	0	0	0,0000	0,0000	160,8577
2021-11-09	03:17:00		60	0	0	0	0	0	0	0	0	0	0	0	0	0	0	0	0	0	0	0	0	0,0000	0,0000	160,8577
2021-11-09	03:18:00		60	0	0	0	0	0	0	0	0	0	0	0	0	0	0	0	0	0	0	0	0	0,0000	0,0000	160,8577
2021-11-09	03:19:00		60	0	0	0	0	0	0	0	0	0	0	0	0	0	0	0	0	0	0	0	0	0,0000	0,0000	160,8577
2021-11-09	03:20:00		60	0	0	0	0	0	0	0	0	0	0	0	0	0	0	0	0	0	0	0	0	0,0000	0,0000	160,8577
2021-11-09	03:21:00		60	0	0	0	0	0	0	0	0	0	0	0	0	0	0	0	0	0	0	0	0	0,0000	0,0000	160,8577
2021-11-09	03:22:00		60	0	0	0	0	0	0	0	0	0	0	0	0	0	0	0	0	0	0	0	0	0,0000	0,0000	160,8577
2021-11-09	03:23:00		60	0	0	0	0	0	0	0	0	0	0	0	0	0	0	0	0	0	0	0	0	0,0000	0,0000	160,8577
2021-11-09	03:24:00		60	0	0	0	0	0	0	0	0	0	0	0	0	0	0	0	0	0	0	0	0	0,0000	0,0000	160,8577
2021-11-09	03:25:00		60	0	0	0	0	0	0	0	0	0	0	0	0	0	0	0	0	0	0	0	0	0,0000	0,0000	160,8577
2021-11-09	03:26:00		60	0	0	0	0	0	0	0	0	0	0	0	0	0	0	0	0	0	0	0	0	0,0000	0,0000	160,8577
2021-11-09	03:27:00		60	0	0	0	1	0	0	0	0	0	0	0	0	0	0	0	0	0	0	0	0	0,0018	0,0000	160,8578
2021-11-09	03:28:00		60	2	4	0	3	2	2	0	0	0	0	0	0	0	0	0	0	0	0	0	0	0,0236	0,0004	160,8582
2021-11-09	03:29:00		60	1	0	1	0	8	1	0	0	0	0	0	0	0	0	0	0	0	0	0	0	0,0292	0,0005	160,8587
2021-11-09	03:30:00		60	5	0	2	3	3	0	0	0	0	0	0	0	0	0	0	0	0	0	0	0	0,0175	0,0003	160,8589
2021-11-09	03:31:00		60	1	0	3	12	5	7	0	0	0	0	0	0	0	0	0	0	0	0	0	0	0,0726	0,0012	160,8602
2021-11-09	03:32:00		60	0	0	2	8	19	13	0	0	0	0	0	0	0	0	0	0	0	0	0	0	0,1332	0,0022	160,8624
2021-11-09	03:33:00		60	3	0	2	34	22	5	0	0	0	0	0	0	0	0	0	0	0	0	0	0	0,1505	0,0025	160,8649
2021-11-09	03:34:00		60	7	5	10	72	34	2	0	0	0	0	0	0	0	0	0	0	0	0	0	0	0,2507	0,0042	160,8691
2021-11-09	03:35:00		60	1	8	58	94	30	0	0	0	0	0	0	0	0	0	0	0	0	0	0	0	0,3191	0,0053	160,8744
2021-11-09	03:36:00		60	3	21	50	119	9	1	0	0	0	0	0	0	0	0	0	0	0	0	0	0	0,3076	0,0051	160,8795
2021-11-09	03:37:00		60	7	51	74	88	10	1	0	0	0	0	0	0	0	0	0	0	0	0	0	0	0,2997	0,0050	160,8845
2021-11-09	03:38:00		60	11	62	104	39	2	3	0	0	0	0	0	0	0	0	0	0	0	0	0	0	0,2385	0,0040	160,8885
2021-11-09	03:39:00		60	36	56	88	18	2	4	15	0	0	0	0	0	0	0	0	0	0	0	0	0	0,3239	0,0054	160,8939
2021-11-09	03:40:00		60	34	75	68	23	16	57	26	1	0	0	0	0	0	0	0	0	0	0	0	0	0,7271	0,0121	160,9060
2021-11-09	03:41:00		60	18	53	29	28	94	171	32	0	0	0	0	0	0	0	0	0	0	0	0	0	1,4846	0,0247	160,9307
2021-11-09	03:42:00		60	8	26	16	41	144	155	16	0	0	0	0	0	0	0	0	0	0	0	0	0	1,4028	0,0234	160,9541
2021-11-09	03:43:00		60	5	11	4	84	138	77	11	0	0	0	0	0	0	0	0	0	0	0	0	0	1,0228	0,0170	160,9712
2021-11-09	03:44:00		60	6	4	22	68	79	25	1	0	0	0	0	0	0	0	0	0	0	0	0	0	0,5036	0,0084	160,9796
2021-11-09	03:45:00		60	0	14	47	41	33	18	0	0	0	0	0	0	0	0	0	0	0	0	0	0	0,3115	0,0052	160,9847
2021-11-09	03:46:00		60	7	28	68	52	16	8	0	0	0	0	0	0	0	0	0	0	0	0	0	0	0,2666	0,0044	160,9892
2021-11-09	03:47:00		60	9	71	54	36	6	4	2	0	0	0	0	0	0	0	0	0	0	0	0	0	0,2191	0,0037	160,9928
2021-11-09	03:48:00		60	37	61	52	32	9	10	10	0	0	0	0	0	0	0	0	0	0	0	0	0	0,3193	0,0053	160,9982
2021-11-09	03:49:00		60	49	76	59	32	23	62	12	0	0	0	0	0	0	0	0	0	0	0	0	0	0,6455	0,0108	161,0089
2021-11-09	03:50:00		60	45	75	53	52	40	110	11	0	0	0	0	0	0	0	0	0	0	0	0	0	0,9427	0,0157	161,0246
2021-11-09	03:51:00		60	37	63	65	64	77	70	3	0	0	0	0	0	0	0	0	0	0	0	0	0	0,8125	0,0135	161,0382
2021-11-09	03:52:00		60	35	67	40	78	60	14	1	0	0	0	0	0	0	0	0	0	0	0	0	0	0,4787	0,0080	161,0462
2021-11-09	03:53:00		60	34	82	58	86	28	2	0	0	0	0	0	0	0	0	0	0	0	0	0	0	0,3621	0,0060	161,0522
2021-11-09	03:54:00		60	44	114	93	58	8	5	1	0	0	0	0	0	0	0	0	0	0	0	0	0	0,3366	0,0056	161,0578
2021-11-09	03:55:00		60	27	84	58	21	24	20	3	1	0	0	0	0	0	0	0	0	0	0	0	0	0,3615	0,0060	161,0638
2021-11-09	03:56:00		60	34	71	35	50	66	65	25	1	0	0	0	0	0	0	0	0	0	0	0	0	0,9114	0,0152	161,0790
2021-11-09	03:57:00		60	23	37	67	71	91	128	50	1	0	0	0	0	0	0	0	0	0	0	0	0	1,5505	0,0258	161,1049
2021-11-09	03:58:00		60	22	40	73	68	97	184	74	2	1	2	1	0	0	0	0	0	0	0	0	0	2,1859	0,0364	161,1413
2021-11-09	03:59:00		60	20	35	52	61	75	163	76	14	2	1	0	0	0	0	0	0	0	0	0	0	2,1279	0,0355	161,1768
2021-11-09	04:00:00		60	15	17	27	32	53	168	112	34	5	3	0	0	0	0	0	0	0	0	0	0	2,7317	0,0455	161,2223
2021-11-09	04:01:00		60	22	24	29	53	62	171	133	39	5	1	0	0	0	0	0	0	0	0	0	0	3,0169	0,0503	161,2726
2021-11-09	04:02:00		60	21	43	32	54	65	200	185	37	7	2	0	0	0	0	0	0	0	0	0	0	3,6766	0,0613	161,3338
2021-11-09	04:03:00		60	21	45	40	41	74	242	194	27	1	2	0	0	0	0	0	0	0	0	0	0	3,6915	0,0615	161,3954
2021-11-09	04:04:00		60	27	44	46	41	93	263	181	17	2	1	0	0	0	0	0	0	0	0	0	0	3,5849	0,0597	161,4551
2021-11-09	04:05:00		60	23	58	32	46	83	185	133	17	6	1	0	0	0	0	0	0	0	0	0	0	2,8510	0,0475	161,5026
2021-11-09	04:06:00		60	25	45	35	49	64	175	124	20	4	2	0	0	0	0	0	0	0	0	0	0	2,7018	0,0450	161,5477
2021-11-09	04:07:00		60	19	33	35	52	52	168	134	41	11	5	1	0	0	0	0	0	0	0	0	0	3,3098	0,0552	161,6028
2021-11-09	04:08:00		60	9	19	29	46	48	181	207	58	27	12	1	0	0	0	0	0	0	0	0	0	4,7681	0,0795	161,6823
2021-11-09	04:09:00		60	10	20	17	32	69	288	331	63	16	4	2	0	0	0	0	0	0	0	0	0	6,0365	0,1006	161,7829
2021-11-09	04:10:00		60	15	32	26	36	58	331	327	60	17	6	0	0	0	0	0	0	0	0	0	0	6,1478	0,1025	161,8854
2021-11-09	04:11:00		60	7	36	34	44	60	330	385	58	11	0	0	0	0	0	0	0	0	0	0	0	6,3455	0,1058	161,9911
2021-11-09	04:12:00		60	14	28	31	42	85	252	235	19	1	0	0	0	0	0	0	0	0	0	0	0	3,9328	0,0655	162,0567
2021-11-09	04:13:00		60	11	31	38	46	110	266	139	4	1	0	0	0	0	0	0	0	0	0	0	0	3,0264	0,0504	162,1071
2021-11-09	04:14:00		60	16	43	51	74	82	106	45	1	0	0	0	0	0	0	0	0	0	0	0	0	1,3658	0,0228	162,1299
2021-11-09	04:15:00		60	14	59	76	93	61	34	10	0	0	0	0	0	0	0	0	0	0	0	0	0	0,7094	0,0118	162,1417
2021-11-09	04:16:00		60	32	91	75	48	22	8	2	0	0	0	0	0	0	0	0	0	0	0	0	0	0,3462	0,0058	162,1475
2021-11-09	04:17:00		60	40	62	51	13	1	1	2	0	0	0	0	0	0	0	0	0	0	0	0	0	0,1501	0,0025	162,1500
2021-11-09	04:18:00		60	51	54	45	10	4	4	7	0	0	0	0	0	0	0	0	0	0	0	0	0	0,2036	0,0034	162,1534
2021-11-09	04:19:00		60	24	50	25	9	2	12	2	0	0	0	0	0	0	0	0	0	0	0	0	0	0,1594	0,0027	162,1560
2021-11-09	04:20:00		60	11	22	11	9	5	5	2	0	0	0	0	0	0	0	0	0	0	0	0	0	0,0995	0,0017	162,1577
2021-11-09	04:21:00		60	10	18	13	9	1	0	1	1	0	0	0	0	0	0	0	0	0	0	0	0	0,0696	0,0012	162,1588
2021-11-09	04:22:00		60	15	20	22	10	0	0	0	0	0	0	0	0	0	0	0	0	0	0	0	0	0,0571	0,0010	162,1598
2021-11-09	04:23:00		60	7	21	15	4	0	0	0	0	0	0	0	0	0	0	0	0	0	0	0	0	0,0373	0,0006	162,1604
2021-11-09	04:24:00		60	10	18	14	8	1	0	0	0	0	0	0	0	0	0	0	0	0	0	0	0	0,0453	0,0008	162,1612
2021-11-09	04:25:00		60	9	16	13	11	7	0	0	0	0	0	0	0	0	0	0	0	0	0	0	0	0,0654	0,0011	162,1623
2021-11-09	04:26:00		60	17	8	20	15	6	1	0	0	0	0	0	0	0	0	0	0	0	0	0	0	0,0794	0,0013	162,1636
2021-11-09	04:27:00		60	17	9	9	9	4	1	0	0	0	0	0	0	0	0	0	0	0	0	0	0	0,0520	0,0009	162,1644
2021-11-09	04:28:00		60	13	15	12	10	0	0	0	0	0	0	0	0	0	0	0	0	0	0	0	0	0,0430	0,0007	162,1652
2021-11-09	04:29:00		60	12	9	20	5	0	0	0	0	0	0	0	0	0	0	0	0	0	0	0	0	0,0387	0,0006	162,1658
2021-11-09	04:30:00		60	19	16	8	1	0	0	0	0	0	0	0	0	0	0	0	0	0	0	0	0	0,0252	0,0004	162,1662
2021-11-09	04:31:00		60	14	25	2	0	0	0	0	0	0	0	0	0	0	0	0	0	0	0	0	0	0,0210	0,0003	162,1666
2021-11-09	04:32:00		60	17	12	1	0	1	0	0	0	0	0	0	0	0	0	0	0	0	0	0	0	0,0160	0,0003	162,1668
2021-11-09	04:33:00		60	11	8	0	1	0	0	1	0	0	0	0	0	0	0	0	0	0	0	0	0	0,0184	0,0003	162,1672
2021-11-09	04:34:00		60	9	5	0	1	0	0	0	0	0	0	0	0	0	0	0	0	0	0	0	0	0,0073	0,0001	162,1673
2021-11-09	04:35:00		60	9	2	0	0	0	0	0	0	0	0	0	0	0	0	0	0	0	0	0	0	0,0038	0,0001	162,1673
2021-11-09	04:36:00		60	4	2	0	0	0	0	0	0	0	0	0	0	0	0	0	0	0	0	0	0	0,0023	0,0000	162,1674
2021-11-09	04:37:00		60	0	0	0	0	0	0	0	0	0	0	0	0	0	0	0	0	0	0	0	0	0,0000	0,0000	162,1674
2021-11-09	04:38:00		60	3	6	0	0	0	0	0	0	0	0	0	0	0	0	0	0	0	0	0	0	0,0044	0,0001	162,1675
2021-11-09	04:39:00		60	6	4	0	0	0	0	0	0	0	0	0	0	0	0	0	0	0	0	0	0	0,0041	0,0001	162,1675
2021-11-09	04:40:00		60	9	8	0	0	0	0	0	0	0	0	0	0	0	0	0	0	0	0	0	0	0,0074	0,0001	162,1676
2021-11-09	04:41:00		60	6	9	0	0	0	0	0	0	0	0	0	0	0	0	0	0	0	0	0	0	0,0071	0,0001	162,1678
2021-11-09	04:42:00		60	6	8	0	0	0	0	0	0	0	0	0	0	0	0	0	0	0	0	0	0	0,0065	0,0001	162,1679
2021-11-09	04:43:00		60	13	10	0	0	0	0	0	0	0	0	0	0	0	0	0	0	0	0	0	0	0,0097	0,0002	162,1680
2021-11-09	04:44:00		60	6	20	0	0	0	0	0	0	0	0	0	0	0	0	0	0	0	0	0	0	0,0136	0,0002	162,1683
2021-11-09	04:45:00		60	12	22	0	0	0	0	0	0	0	0	0	0	0	0	0	0	0	0	0	0	0,0165	0,0003	162,1685
2021-11-09	04:46:00		60	32	11	0	0	0	0	0	0	0	0	0	0	0	0	0	0	0	0	0	0	0,0158	0,0003	162,1688
2021-11-09	04:47:00		60	29	3	0	0	0	0	0	0	0	0	0	0	0	0	0	0	0	0	0	0	0,0102	0,0002	162,1690
2021-11-09	04:48:00		60	12	0	0	0	0	0	0	0	0	0	0	0	0	0	0	0	0	0	0	0	0,0035	0,0001	162,1690
2021-11-09	04:49:00		60	4	0	0	0	0	0	0	0	0	0	0	0	0	0	0	0	0	0	0	0	0,0012	0,0000	162,1690
2021-11-09	04:50:00		60	0	0	0	0	0	0	0	0	0	0	0	0	0	0	0	0	0	0	0	0	0,0000	0,0000	162,1690
2021-11-09	04:51:00		60	0	0	0	0	0	0	0	0	0	0	0	0	0	0	0	0	0	0	0	0	0,0000	0,0000	162,1690
2021-11-09	04:52:00		60	0	0	0	0	0	0	0	0	0	0	0	0	0	0	0	0	0	0	0	0	0,0000	0,0000	162,1690
2021-11-09	04:53:00		60	0	0	0	0	0	0	0	0	0	0	0	0	0	0	0	0	0	0	0	0	0,0000	0,0000	162,1690
2021-11-09	04:54:00		60	6	0	0	0	0	0	0	0	0	0	0	0	0	0	0	0	0	0	0	0	0,0017	0,0000	162,1691
2021-11-09	04:55:00		60	5	0	0	0	0	0	0	0	0	0	0	0	0	0	0	0	0	0	0	0	0,0015	0,0000	162,1691
2021-11-09	04:56:00		60	0	0	0	0	0	0	0	0	0	0	0	0	0	0	0	0	0	0	0	0	0,0000	0,0000	162,1691
2021-11-09	04:57:00		60	0	0	0	0	0	0	0	0	0	0	0	0	0	0	0	0	0	0	0	0	0,0000	0,0000	162,1691
2021-11-09	04:58:00		60	0	0	0	0	0	0	0	0	0	0	0	0	0	0	0	0	0	0	0	0	0,0000	0,0000	162,1691
2021-11-09	04:59:00		60	0	0	0	0	0	0	0	0	0	0	0	0	0	0	0	0	0	0	0	0	0,0000	0,0000	162,1691
2021-11-09	05:00:00		60	0	0	0	0	0	0	0	0	0	0	0	0	0	0	0	0	0	0	0	0	0,0000	0,0000	162,1691
2021-11-09	05:01:00		60	0	0	0	0	0	0	0	0	0	0	0	0	0	0	0	0	0	0	0	0	0,0000	0,0000	162,1691
2021-11-09	05:02:00		60	0	0	0	0	0	0	0	0	0	0	0	0	0	0	0	0	0	0	0	0	0,0000	0,0000	162,1691
2021-11-09	05:03:00		60	0	0	0	0	0	0	0	0	0	0	0	0	0	0	0	0	0	0	0	0	0,0000	0,0000	162,1691
2021-11-09	05:04:00		60	0	0	0	0	0	0	0	0	0	0	0	0	0	0	0	0	0	0	0	0	0,0000	0,0000	162,1691
2021-11-09	05:05:00		60	0	0	0	0	0	0	0	0	0	0	0	0	0	0	0	0	0	0	0	0	0,0000	0,0000	162,1691
2021-11-09	05:06:00		60	0	0	0	0	0	0	0	0	0	0	0	0	0	0	0	0	0	0	0	0	0,0000	0,0000	162,1691
2021-11-09	05:07:00		60	0	0	0	0	0	0	0	0	0	0	0	0	0	0	0	0	0	0	0	0	0,0000	0,0000	162,1691
2021-11-09	05:08:00		60	0	0	0	0	0	0	0	0	0	0	0	0	0	0	0	0	0	0	0	0	0,0000	0,0000	162,1691
2021-11-09	05:09:00		60	0	0	0	0	0	0	0	0	0	0	0	0	0	0	0	0	0	0	0	0	0,0000	0,0000	162,1691
2021-11-09	05:10:00		60	0	0	0	0	0	0	0	0	0	0	0	0	0	0	0	0	0	0	0	0	0,0000	0,0000	162,1691
2021-11-09	05:11:00		60	0	0	0	0	0	0	0	0	0	0	0	0	0	0	0	0	0	0	0	0	0,0000	0,0000	162,1691
2021-11-09	05:12:00		60	0	0	0	0	0	0	0	0	0	0	0	0	0	0	0	0	0	0	0	0	0,0000	0,0000	162,1691
2021-11-09	05:13:00		60	0	0	0	0	0	0	0	0	0	0	0	0	0	0	0	0	0	0	0	0	0,0000	0,0000	162,1691
2021-11-09	05:14:00		60	0	0	0	0	0	0	0	0	0	0	0	0	0	0	0	0	0	0	0	0	0,0000	0,0000	162,1691
2021-11-09	05:15:00		60	0	0	0	0	0	0	0	0	0	0	0	0	0	0	0	0	0	0	0	0	0,0000	0,0000	162,1691
2021-11-09	05:16:00		60	0	0	0	0	0	0	0	0	0	0	0	0	0	0	0	0	0	0	0	0	0,0000	0,0000	162,1691
2021-11-09	05:17:00		60	0	0	0	0	0	0	0	0	0	0	0	0	0	0	0	0	0	0	0	0	0,0000	0,0000	162,1691
2021-11-09	05:18:00		60	0	0	0	0	0	0	0	0	0	0	0	0	0	0	0	0	0	0	0	0	0,0000	0,0000	162,1691
2021-11-09	05:19:00		60	0	0	0	0	0	0	0	0	0	0	0	0	0	0	0	0	0	0	0	0	0,0000	0,0000	162,1691
2021-11-09	05:20:00		60	0	0	0	0	0	0	0	0	0	0	0	0	0	0	0	0	0	0	0	0	0,0000	0,0000	162,1691
2021-11-09	05:21:00		60	0	0	0	0	0	0	0	0	0	0	0	0	0	0	0	0	0	0	0	0	0,0000	0,0000	162,1691
2021-11-09	05:22:00		60	0	0	0	0	0	0	0	0	0	0	0	0	0	0	0	0	0	0	0	0	0,0000	0,0000	162,1691
2021-11-09	05:23:00		60	0	0	0	0	0	0	0	0	0	0	0	0	0	0	0	0	0	0	0	0	0,0000	0,0000	162,1691
2021-11-09	05:24:00		60	0	0	0	0	0	0	0	0	0	0	0	0	0	0	0	0	0	0	0	0	0,0000	0,0000	162,1691
2021-11-09	05:25:00		60	0	0	0	0	0	0	0	0	0	0	0	0	0	0	0	0	0	0	0	0	0,0000	0,0000	162,1691
2021-11-09	05:26:00		60	0	0	0	0	0	0	0	0	0	0	0	0	0	0	0	0	0	0	0	0	0,0000	0,0000	162,1691
2021-11-09	05:27:00		60	0	0	0	0	0	0	0	0	0	0	0	0	0	0	0	0	0	0	0	0	0,0000	0,0000	162,1691
2021-11-09	05:28:00		60	0	0	0	0	0	0	0	0	0	0	0	0	0	0	0	0	0	0	0	0	0,0000	0,0000	162,1691
2021-11-09	05:29:00		60	0	0	0	0	0	0	0	0	0	0	0	0	0	0	0	0	0	0	0	0	0,0000	0,0000	162,1691
2021-11-09	05:30:00		60	0	0	0	0	0	0	0	0	0	0	0	0	0	0	0	0	0	0	0	0	0,0000	0,0000	162,1691
2021-11-09	05:31:00		60	0	0	0	0	0	0	0	0	0	0	0	0	0	0	0	0	0	0	0	0	0,0000	0,0000	162,1691
2021-11-09	05:32:00		60	0	2	1	0	0	0	0	0	0	0	0	0	0	0	0	0	0	0	0	0	0,0022	0,0000	162,1691
2021-11-09	05:33:00		60	0	0	0	0	0	0	0	0	0	0	0	0	0	0	0	0	0	0	0	0	0,0000	0,0000	162,1691
2021-11-09	05:34:00		60	0	1	1	1	0	0	0	0	0	0	0	0	0	0	0	0	0	0	0	0	0,0034	0,0001	162,1692
2021-11-09	05:35:00		60	1	0	2	2	0	0	0	0	0	0	0	0	0	0	0	0	0	0	0	0	0,0059	0,0001	162,1693
2021-11-09	05:36:00		60	0	0	0	0	0	0	0	0	0	0	0	0	0	0	0	0	0	0	0	0	0,0000	0,0000	162,1693
2021-11-09	05:37:00		60	0	0	0	0	0	0	0	0	0	0	0	0	0	0	0	0	0	0	0	0	0,0000	0,0000	162,1693
2021-11-09	05:38:00		60	0	0	0	0	0	0	0	0	0	0	0	0	0	0	0	0	0	0	0	0	0,0000	0,0000	162,1693
2021-11-09	05:39:00		60	0	0	0	0	0	0	0	0	0	0	0	0	0	0	0	0	0	0	0	0	0,0000	0,0000	162,1693
2021-11-09	05:40:00		60	0	0	0	0	0	0	0	0	0	0	0	0	0	0	0	0	0	0	0	0	0,0000	0,0000	162,1693
2021-11-09	05:41:00		60	0	0	0	0	0	0	0	0	0	0	0	0	0	0	0	0	0	0	0	0	0,0000	0,0000	162,1693
2021-11-09	05:42:00		60	0	0	0	0	0	0	0	0	0	0	0	0	0	0	0	0	0	0	0	0	0,0000	0,0000	162,1693
2021-11-09	05:43:00		60	7	0	0	0	0	0	0	0	0	0	0	0	0	0	0	0	0	0	0	0	0,0020	0,0000	162,1693
2021-11-09	05:44:00		60	0	0	0	0	0	0	0	0	0	0	0	0	0	0	0	0	0	0	0	0	0,0000	0,0000	162,1693
2021-11-09	05:45:00		60	0	0	0	0	0	0	0	0	0	0	0	0	0	0	0	0	0	0	0	0	0,0000	0,0000	162,1693
2021-11-09	05:46:00		60	11	17	1	0	0	0	0	0	0	0	0	0	0	0	0	0	0	0	0	0	0,0143	0,0002	162,1696
2021-11-09	05:47:00		60	18	26	20	2	0	0	0	0	0	0	0	0	0	0	0	0	0	0	0	0	0,0452	0,0008	162,1703
2021-11-09	05:48:00		60	20	54	33	8	0	0	0	0	0	0	0	0	0	0	0	0	0	0	0	0	0,0866	0,0014	162,1718
2021-11-09	05:49:00		60	13	52	21	16	1	0	0	0	0	0	0	0	0	0	0	0	0	0	0	0	0,0879	0,0015	162,1732
2021-11-09	05:50:00		60	15	40	26	25	4	0	0	0	0	0	0	0	0	0	0	0	0	0	0	0	0,1112	0,0019	162,1751
2021-11-09	05:51:00		60	5	31	38	18	3	0	0	0	0	0	0	0	0	0	0	0	0	0	0	0	0,1003	0,0017	162,1768
2021-11-09	05:52:00		60	6	48	50	3	0	0	0	0	0	0	0	0	0	0	0	0	0	0	0	0	0,0880	0,0015	162,1782
2021-11-09	05:53:00		60	8	56	7	0	0	0	0	0	0	0	0	0	0	0	0	0	0	0	0	0	0,0428	0,0007	162,1789
2021-11-09	05:54:00		60	40	7	4	0	0	0	0	0	0	0	0	0	0	0	0	0	0	0	0	0	0,0200	0,0003	162,1793
2021-11-09	05:55:00		60	47	4	0	0	0	0	0	0	0	0	0	0	0	0	0	0	0	0	0	0	0,0160	0,0003	162,1795
2021-11-09	05:56:00		60	53	17	0	0	0	0	0	0	0	0	0	0	0	0	0	0	0	0	0	0	0,0255	0,0004	162,1800
2021-11-09	05:57:00		60	48	9	0	0	0	0	0	0	0	0	0	0	0	0	0	0	0	0	0	0	0,0193	0,0003	162,1803
2021-11-09	05:58:00		60	86	10	1	0	0	0	0	0	0	0	0	0	0	0	0	0	0	0	0	0	0,0320	0,0005	162,1808
2021-11-09	05:59:00		60	76	26	0	0	0	0	0	0	0	0	0	0	0	0	0	0	0	0	0	0	0,0375	0,0006	162,1814
2021-11-09	06:00:00		60	13	4	0	0	0	0	0	0	0	0	0	0	0	0	0	0	0	0	0	0	0,0061	0,0001	162,1815
2021-11-09	06:01:00		60	0	0	0	0	0	0	0	0	0	0	0	0	0	0	0	0	0	0	0	0	0,0000	0,0000	162,1815
2021-11-09	06:02:00		60	0	0	0	0	0	0	0	0	0	0	0	0	0	0	0	0	0	0	0	0	0,0000	0,0000	162,1815
2021-11-09	06:03:00		60	0	0	0	0	0	0	0	0	0	0	0	0	0	0	0	0	0	0	0	0	0,0000	0,0000	162,1815
2021-11-09	06:04:00		60	0	0	0	0	0	0	0	0	0	0	0	0	0	0	0	0	0	0	0	0	0,0000	0,0000	162,1815
2021-11-09	06:05:00		60	0	0	0	0	0	0	0	0	0	0	0	0	0	0	0	0	0	0	0	0	0,0000	0,0000	162,1815
2021-11-09	06:06:00		60	0	0	0	0	0	0	0	0	0	0	0	0	0	0	0	0	0	0	0	0	0,0000	0,0000	162,1815
2021-11-09	06:07:00		60	0	0	0	0	0	0	0	0	0	0	0	0	0	0	0	0	0	0	0	0	0,0000	0,0000	162,1815
2021-11-09	06:08:00		60	0	0	0	0	0	0	0	0	0	0	0	0	0	0	0	0	0	0	0	0	0,0000	0,0000	162,1815
2021-11-09	06:09:00		60	0	0	0	0	0	0	0	0	0	0	0	0	0	0	0	0	0	0	0	0	0,0000	0,0000	162,1815
2021-11-09	06:10:00		60	0	0	0	0	0	0	0	0	0	0	0	0	0	0	0	0	0	0	0	0	0,0000	0,0000	162,1815
2021-11-09	06:11:00		60	0	0	0	0	0	0	0	0	0	0	0	0	0	0	0	0	0	0	0	0	0,0000	0,0000	162,1815
2021-11-09	06:12:00		60	0	0	0	0	0	0	0	0	0	0	0	0	0	0	0	0	0	0	0	0	0,0000	0,0000	162,1815
2021-11-09	06:13:00		60	0	0	0	0	0	0	0	0	0	0	0	0	0	0	0	0	0	0	0	0	0,0000	0,0000	162,1815
2021-11-09	06:14:00		60	0	0	0	0	0	0	0	0	0	0	0	0	0	0	0	0	0	0	0	0	0,0000	0,0000	162,1815
2021-11-09	06:15:00		60	0	0	0	0	0	0	0	0	0	0	0	0	0	0	0	0	0	0	0	0	0,0000	0,0000	162,1815
2021-11-09	06:16:00		60	0	0	0	1	1	0	0	0	0	0	0	0	0	0	0	0	0	0	0	0	0,0047	0,0001	162,1816
2021-11-09	06:17:00		60	0	0	0	4	0	0	0	0	0	0	0	0	0	0	0	0	0	0	0	0	0,0071	0,0001	162,1817
2021-11-09	06:18:00		60	1	0	1	9	0	0	0	0	0	0	0	0	0	0	0	0	0	0	0	0	0,0173	0,0003	162,1820
2021-11-09	06:19:00		60	0	0	1	0	0	0	0	0	0	0	0	0	0	0	0	0	0	0	0	0	0,0011	0,0000	162,1820
2021-11-09	06:20:00		60	0	1	2	3	0	0	0	0	0	0	0	0	0	0	0	0	0	0	0	0	0,0080	0,0001	162,1822
2021-11-09	06:21:00		60	1	0	5	0	0	0	0	0	0	0	0	0	0	0	0	0	0	0	0	0	0,0055	0,0001	162,1823
2021-11-09	06:22:00		60	0	0	0	0	0	0	0	0	0	0	0	0	0	0	0	0	0	0	0	0	0,0000	0,0000	162,1823
2021-11-09	06:23:00		60	0	0	0	0	0	0	0	0	0	0	0	0	0	0	0	0	0	0	0	0	0,0000	0,0000	162,1823
2021-11-09	06:24:00		60	0	0	0	0	0	0	0	0	0	0	0	0	0	0	0	0	0	0	0	0	0,0000	0,0000	162,1823
2021-11-09	06:25:00		60	0	0	0	0	0	0	0	0	0	0	0	0	0	0	0	0	0	0	0	0	0,0000	0,0000	162,1823
2021-11-09	06:26:00		60	0	0	0	0	0	0	0	0	0	0	0	0	0	0	0	0	0	0	0	0	0,0000	0,0000	162,1823
2021-11-09	06:27:00		60	0	0	0	0	0	0	0	0	0	0	0	0	0	0	0	0	0	0	0	0	0,0000	0,0000	162,1823
2021-11-09	06:28:00		60	0	0	0	0	0	0	0	0	0	0	0	0	0	0	0	0	0	0	0	0	0,0000	0,0000	162,1823
2021-11-09	06:29:00		60	0	0	0	0	0	0	0	0	0	0	0	0	0	0	0	0	0	0	0	0	0,0000	0,0000	162,1823
2021-11-09	06:30:00		60	0	0	0	0	0	0	0	0	0	0	0	0	0	0	0	0	0	0	0	0	0,0000	0,0000	162,1823
2021-11-09	06:31:00		60	0	0	0	0	0	0	0	0	0	0	0	0	0	0	0	0	0	0	0	0	0,0000	0,0000	162,1823
2021-11-09	06:32:00		60	0	0	0	0	0	0	0	0	0	0	0	0	0	0	0	0	0	0	0	0	0,0000	0,0000	162,1823
2021-11-09	06:33:00		60	0	0	0	0	0	0	0	0	0	0	0	0	0	0	0	0	0	0	0	0	0,0000	0,0000	162,1823
2021-11-09	06:34:00		60	0	0	0	0	0	0	0	0	0	0	0	0	0	0	0	0	0	0	0	0	0,0000	0,0000	162,1823
2021-11-09	06:35:00		60	0	0	0	0	0	0	0	0	0	0	0	0	0	0	0	0	0	0	0	0	0,0000	0,0000	162,1823
2021-11-09	06:36:00		60	0	0	0	0	0	0	0	0	0	0	0	0	0	0	0	0	0	0	0	0	0,0000	0,0000	162,1823
2021-11-09	06:37:00		60	0	0	0	0	0	0	0	0	0	0	0	0	0	0	0	0	0	0	0	0	0,0000	0,0000	162,1823
2021-11-09	06:38:00		60	0	0	0	0	0	0	0	0	0	0	0	0	0	0	0	0	0	0	0	0	0,0000	0,0000	162,1823
2021-11-09	06:39:00		60	0	0	0	0	0	0	0	0	0	0	0	0	0	0	0	0	0	0	0	0	0,0000	0,0000	162,1823
2021-11-09	06:40:00		60	0	0	0	0	0	0	0	0	0	0	0	0	0	0	0	0	0	0	0	0	0,0000	0,0000	162,1823
2021-11-09	06:41:00		60	0	0	0	0	0	0	0	0	0	0	0	0	0	0	0	0	0	0	0	0	0,0000	0,0000	162,1823
2021-11-09	06:42:00		60	0	0	0	0	0	0	0	0	0	0	0	0	0	0	0	0	0	0	0	0	0,0000	0,0000	162,1823
2021-11-09	06:43:00		60	0	0	0	0	0	0	0	0	0	0	0	0	0	0	0	0	0	0	0	0	0,0000	0,0000	162,1823
2021-11-09	06:44:00		60	0	0	0	0	0	0	0	0	0	0	0	0	0	0	0	0	0	0	0	0	0,0000	0,0000	162,1823
2021-11-09	06:45:00		60	0	0	0	0	0	0	0	0	0	0	0	0	0	0	0	0	0	0	0	0	0,0000	0,0000	162,1823
2021-11-09	06:46:00		60	0	0	0	0	0	0	0	0	0	0	0	0	0	0	0	0	0	0	0	0	0,0000	0,0000	162,1823
2021-11-09	06:47:00		60	0	0	0	0	0	0	0	0	0	0	0	0	0	0	0	0	0	0	0	0	0,0000	0,0000	162,1823
2021-11-09	06:48:00		60	0	0	0	0	0	0	0	0	0	0	0	0	0	0	0	0	0	0	0	0	0,0000	0,0000	162,1823
2021-11-09	06:49:00		60	0	0	0	0	0	0	0	0	0	0	0	0	0	0	0	0	0	0	0	0	0,0000	0,0000	162,1823
2021-11-09	06:50:00		60	8	1	0	0	0	0	0	0	0	0	0	0	0	0	0	0	0	0	0	0	0,0029	0,0000	162,1823
2021-11-09	06:51:00		60	10	1	0	0	0	0	0	0	0	0	0	0	0	0	0	0	0	0	0	0	0,0035	0,0001	162,1824
2021-11-09	06:52:00		60	10	0	0	0	0	0	0	0	0	0	0	0	0	0	0	0	0	0	0	0	0,0029	0,0000	162,1824
2021-11-09	06:53:00		60	0	0	0	0	0	0	0	0	0	0	0	0	0	0	0	0	0	0	0	0	0,0000	0,0000	162,1824
2021-11-09	06:54:00		60	0	0	0	0	0	0	0	0	0	0	0	0	0	0	0	0	0	0	0	0	0,0000	0,0000	162,1824
2021-11-09	06:55:00		60	0	0	0	0	0	0	0	0	0	0	0	0	0	0	0	0	0	0	0	0	0,0000	0,0000	162,1824
2021-11-09	06:56:00		60	0	0	0	0	0	0	0	0	0	0	0	0	0	0	0	0	0	0	0	0	0,0000	0,0000	162,1824
2021-11-09	06:57:00		60	0	0	0	0	0	0	0	0	0	0	0	0	0	0	0	0	0	0	0	0	0,0000	0,0000	162,1824
2021-11-09	06:58:00		60	0	0	0	0	0	0	0	0	0	0	0	0	0	0	0	0	0	0	0	0	0,0000	0,0000	162,1824
2021-11-09	06:59:00		60	0	0	0	0	0	0	0	0	0	0	0	0	0	0	0	0	0	0	0	0	0,0000	0,0000	162,1824
2021-11-09	07:00:00		60	0	0	0	0	0	0	0	0	0	0	0	0	0	0	0	0	0	0	0	0	0,0000	0,0000	162,1824
2021-11-09	07:01:00		60	0	0	0	0	0	0	0	0	0	0	0	0	0	0	0	0	0	0	0	0	0,0000	0,0000	162,1824
2021-11-09	07:02:00		60	0	0	0	0	0	0	0	0	0	0	0	0	0	0	0	0	0	0	0	0	0,0000	0,0000	162,1824
2021-11-09	07:03:00		60	0	0	0	0	0	0	0	0	0	0	0	0	0	0	0	0	0	0	0	0	0,0000	0,0000	162,1824
2021-11-09	07:04:00		60	0	0	0	0	0	0	0	0	0	0	0	0	0	0	0	0	0	0	0	0	0,0000	0,0000	162,1824
2021-11-09	07:05:00		60	0	0	0	0	0	0	0	0	0	0	0	0	0	0	0	0	0	0	0	0	0,0000	0,0000	162,1824
2021-11-09	07:06:00		60	0	0	0	0	0	0	0	0	0	0	0	0	0	0	0	0	0	0	0	0	0,0000	0,0000	162,1824
2021-11-09	07:07:00		60	0	0	0	0	0	0	0	0	0	0	0	0	0	0	0	0	0	0	0	0	0,0000	0,0000	162,1824
2021-11-09	07:08:00		60	0	0	0	0	0	0	0	0	0	0	0	0	0	0	0	0	0	0	0	0	0,0000	0,0000	162,1824
2021-11-09	07:09:00		60	0	0	0	0	0	0	0	0	0	0	0	0	0	0	0	0	0	0	0	0	0,0000	0,0000	162,1824
2021-11-09	07:10:00		60	0	0	0	0	0	0	0	0	0	0	0	0	0	0	0	0	0	0	0	0	0,0000	0,0000	162,1824
2021-11-09	07:11:00		60	0	0	0	0	0	0	0	0	0	0	0	0	0	0	0	0	0	0	0	0	0,0000	0,0000	162,1824
2021-11-09	07:12:00		60	0	0	0	0	0	0	0	0	0	0	0	0	0	0	0	0	0	0	0	0	0,0000	0,0000	162,1824
2021-11-09	07:13:00		60	0	0	0	0	0	0	0	0	0	0	0	0	0	0	0	0	0	0	0	0	0,0000	0,0000	162,1824
2021-11-09	07:14:00		60	0	0	0	0	0	0	0	0	0	0	0	0	0	0	0	0	0	0	0	0	0,0000	0,0000	162,1824
2021-11-09	07:15:00		60	0	0	0	0	0	0	0	0	0	0	0	0	0	0	0	0	0	0	0	0	0,0000	0,0000	162,1824
2021-11-09	07:16:00		60	0	0	0	0	0	0	0	0	0	0	0	0	0	0	0	0	0	0	0	0	0,0000	0,0000	162,1824
2021-11-09	07:17:00		60	0	0	0	0	0	0	0	0	0	0	0	0	0	0	0	0	0	0	0	0	0,0000	0,0000	162,1824
2021-11-09	07:18:00		60	0	0	0	0	0	0	0	0	0	0	0	0	0	0	0	0	0	0	0	0	0,0000	0,0000	162,1824
2021-11-09	07:19:00		60	0	0	0	0	0	0	0	0	0	0	0	0	0	0	0	0	0	0	0	0	0,0000	0,0000	162,1824
2021-11-09	07:20:00		60	0	0	0	0	0	0	0	0	0	0	0	0	0	0	0	0	0	0	0	0	0,0000	0,0000	162,1824
2021-11-09	07:21:00		60	0	0	0	0	0	0	0	0	0	0	0	0	0	0	0	0	0	0	0	0	0,0000	0,0000	162,1824
2021-11-09	07:22:00		60	0	0	0	0	0	0	0	0	0	0	0	0	0	0	0	0	0	0	0	0	0,0000	0,0000	162,1824
2021-11-09	07:23:00		60	0	0	0	0	0	0	0	0	0	0	0	0	0	0	0	0	0	0	0	0	0,0000	0,0000	162,1824
2021-11-09	07:24:00		60	0	0	0	0	0	0	0	0	0	0	0	0	0	0	0	0	0	0	0	0	0,0000	0,0000	162,1824
2021-11-09	07:25:00		60	0	0	0	0	0	0	0	0	0	0	0	0	0	0	0	0	0	0	0	0	0,0000	0,0000	162,1824
2021-11-09	07:26:00		60	0	0	0	0	0	0	0	0	0	0	0	0	0	0	0	0	0	0	0	0	0,0000	0,0000	162,1824
2021-11-09	07:27:00		60	0	0	0	0	0	0	0	0	0	0	0	0	0	0	0	0	0	0	0	0	0,0000	0,0000	162,1824
2021-11-09	07:28:00		60	0	0	0	0	0	0	0	0	0	0	0	0	0	0	0	0	0	0	0	0	0,0000	0,0000	162,1824
2021-11-09	07:29:00		60	0	0	0	0	0	0	0	0	0	0	0	0	0	0	0	0	0	0	0	0	0,0000	0,0000	162,1824
2021-11-09	07:30:00		60	0	0	0	0	0	0	0	0	0	0	0	0	0	0	0	0	0	0	0	0	0,0000	0,0000	162,1824
2021-11-09	07:31:00		60	0	0	0	0	0	0	0	0	0	0	0	0	0	0	0	0	0	0	0	0	0,0000	0,0000	162,1824
2021-11-09	07:32:00		60	0	0	0	0	0	0	0	0	0	0	0	0	0	0	0	0	0	0	0	0	0,0000	0,0000	162,1824
2021-11-09	07:33:00		60	0	0	0	0	0	0	0	0	0	0	0	0	0	0	0	0	0	0	0	0	0,0000	0,0000	162,1824
2021-11-09	07:34:00		60	0	0	0	0	0	0	0	0	0	0	0	0	0	0	0	0	0	0	0	0	0,0000	0,0000	162,1824
2021-11-09	07:35:00		60	0	0	0	0	0	0	0	0	0	0	0	0	0	0	0	0	0	0	0	0	0,0000	0,0000	162,1824
2021-11-09	07:36:00		60	0	0	0	0	0	0	0	0	0	0	0	0	0	0	0	0	0	0	0	0	0,0000	0,0000	162,1824
2021-11-09	07:37:00		60	0	0	0	0	0	0	0	0	0	0	0	0	0	0	0	0	0	0	0	0	0,0000	0,0000	162,1824
2021-11-09	07:38:00		60	0	0	0	0	0	0	0	0	0	0	0	0	0	0	0	0	0	0	0	0	0,0000	0,0000	162,1824
2021-11-09	07:39:00		60	0	0	0	0	0	0	0	0	0	0	0	0	0	0	0	0	0	0	0	0	0,0000	0,0000	162,1824
2021-11-09	07:40:00		60	0	0	0	0	0	0	0	0	0	0	0	0	0	0	0	0	0	0	0	0	0,0000	0,0000	162,1824
2021-11-09	07:41:00		60	0	0	0	0	0	0	0	0	0	0	0	0	0	0	0	0	0	0	0	0	0,0000	0,0000	162,1824
2021-11-09	07:42:00		60	0	0	0	0	0	0	0	0	0	0	0	0	0	0	0	0	0	0	0	0	0,0000	0,0000	162,1824
2021-11-09	07:43:00		60	0	0	0	0	0	0	0	0	0	0	0	0	0	0	0	0	0	0	0	0	0,0000	0,0000	162,1824
2021-11-09	07:44:00		60	0	0	0	0	0	0	0	0	0	0	0	0	0	0	0	0	0	0	0	0	0,0000	0,0000	162,1824
2021-11-09	07:45:00		60	0	0	0	0	0	0	0	0	0	0	0	0	0	0	0	0	0	0	0	0	0,0000	0,0000	162,1824
2021-11-09	07:46:00		60	0	0	0	0	0	0	0	0	0	0	0	0	0	0	0	0	0	0	0	0	0,0000	0,0000	162,1824
2021-11-09	07:47:00		60	0	0	0	0	0	0	0	0	0	0	0	0	0	0	0	0	0	0	0	0	0,0000	0,0000	162,1824
2021-11-09	07:48:00		60	0	0	0	0	0	0	0	0	0	0	0	0	0	0	0	0	0	0	0	0	0,0000	0,0000	162,1824
2021-11-09	07:49:00		60	0	0	0	0	0	0	0	0	0	0	0	0	0	0	0	0	0	0	0	0	0,0000	0,0000	162,1824
2021-11-09	07:50:00		60	0	0	0	0	0	0	0	0	0	0	0	0	0	0	0	0	0	0	0	0	0,0000	0,0000	162,1824
2021-11-09	07:51:00		60	0	0	0	0	0	0	0	0	0	0	0	0	0	0	0	0	0	0	0	0	0,0000	0,0000	162,1824
2021-11-09	07:52:00		60	0	0	0	0	0	0	0	0	0	0	0	0	0	0	0	0	0	0	0	0	0,0000	0,0000	162,1824
2021-11-09	07:53:00		60	0	0	0	0	0	0	0	0	0	0	0	0	0	0	0	0	0	0	0	0	0,0000	0,0000	162,1824
2021-11-09	07:54:00		60	0	0	0	0	0	0	0	0	0	0	0	0	0	0	0	0	0	0	0	0	0,0000	0,0000	162,1824
2021-11-09	07:55:00		60	0	0	0	0	0	0	0	0	0	0	0	0	0	0	0	0	0	0	0	0	0,0000	0,0000	162,1824
2021-11-09	07:56:00		60	0	0	0	0	0	0	0	0	0	0	0	0	0	0	0	0	0	0	0	0	0,0000	0,0000	162,1824
2021-11-09	07:57:00		60	0	0	0	0	0	0	0	0	0	0	0	0	0	0	0	0	0	0	0	0	0,0000	0,0000	162,1824
2021-11-09	07:58:00		60	0	0	0	0	0	0	0	0	0	0	0	0	0	0	0	0	0	0	0	0	0,0000	0,0000	162,1824
2021-11-09	07:59:00		60	0	0	0	0	0	0	0	0	0	0	0	0	0	0	0	0	0	0	0	0	0,0000	0,0000	162,1824
2021-11-09	08:00:00		60	0	0	0	0	0	0	0	0	0	0	0	0	0	0	0	0	0	0	0	0	0,0000	0,0000	162,1824
2021-11-09	08:01:00		60	0	0	0	0	0	0	0	0	0	0	0	0	0	0	0	0	0	0	0	0	0,0000	0,0000	162,1824
2021-11-09	08:02:00		60	0	0	0	0	0	0	0	0	0	0	0	0	0	0	0	0	0	0	0	0	0,0000	0,0000	162,1824
2021-11-09	08:03:00		60	0	0	0	0	0	0	0	0	0	0	0	0	0	0	0	0	0	0	0	0	0,0000	0,0000	162,1824
2021-11-09	08:04:00		60	0	0	0	0	0	0	0	0	0	0	0	0	0	0	0	0	0	0	0	0	0,0000	0,0000	162,1824
2021-11-09	08:05:00		60	0	0	0	0	0	0	0	0	0	0	0	0	0	0	0	0	0	0	0	0	0,0000	0,0000	162,1824
2021-11-09	08:06:00		60	0	0	0	0	0	0	0	0	0	0	0	0	0	0	0	0	0	0	0	0	0,0000	0,0000	162,1824
2021-11-09	08:07:00		60	0	0	0	0	0	0	0	0	0	0	0	0	0	0	0	0	0	0	0	0	0,0000	0,0000	162,1824
2021-11-09	08:08:00		60	0	0	0	0	0	0	0	0	0	0	0	0	0	0	0	0	0	0	0	0	0,0000	0,0000	162,1824
2021-11-09	08:09:00		60	0	0	0	0	0	0	0	0	0	0	0	0	0	0	0	0	0	0	0	0	0,0000	0,0000	162,1824
2021-11-09	08:10:00		60	0	0	0	0	0	0	0	0	0	0	0	0	0	0	0	0	0	0	0	0	0,0000	0,0000	162,1824
2021-11-09	08:11:00		60	0	0	0	0	0	0	0	0	0	0	0	0	0	0	0	0	0	0	0	0	0,0000	0,0000	162,1824
2021-11-09	08:12:00		60	0	0	0	0	0	0	0	0	0	0	0	0	0	0	0	0	0	0	0	0	0,0000	0,0000	162,1824
2021-11-09	08:13:00		60	0	0	0	0	0	0	0	0	0	0	0	0	0	0	0	0	0	0	0	0	0,0000	0,0000	162,1824
2021-11-09	08:14:00		60	0	0	0	0	0	0	0	0	0	0	0	0	0	0	0	0	0	0	0	0	0,0000	0,0000	162,1824
2021-11-09	08:15:00		60	0	0	0	0	0	0	0	0	0	0	0	0	0	0	0	0	0	0	0	0	0,0000	0,0000	162,1824
2021-11-09	08:16:00		60	0	0	0	0	0	0	0	0	0	0	0	0	0	0	0	0	0	0	0	0	0,0000	0,0000	162,1824
2021-11-09	08:17:00		60	0	0	0	0	0	0	0	0	0	0	0	0	0	0	0	0	0	0	0	0	0,0000	0,0000	162,1824
2021-11-09	08:18:00		60	0	0	0	0	0	0	0	0	0	0	0	0	0	0	0	0	0	0	0	0	0,0000	0,0000	162,1824
2021-11-09	08:19:00		60	0	0	0	0	0	0	0	0	0	0	0	0	0	0	0	0	0	0	0	0	0,0000	0,0000	162,1824
2021-11-09	08:20:00		60	0	0	0	0	0	0	0	0	0	0	0	0	0	0	0	0	0	0	0	0	0,0000	0,0000	162,1824
2021-11-09	08:21:00		60	0	0	0	0	0	0	0	0	0	0	0	0	0	0	0	0	0	0	0	0	0,0000	0,0000	162,1824
2021-11-09	08:22:00		60	0	0	0	0	0	0	0	0	0	0	0	0	0	0	0	0	0	0	0	0	0,0000	0,0000	162,1824
2021-11-09	08:23:00		60	0	0	0	0	0	0	0	0	0	0	0	0	0	0	0	0	0	0	0	0	0,0000	0,0000	162,1824
2021-11-09	08:24:00		60	0	0	0	0	0	0	0	0	0	0	0	0	0	0	0	0	0	0	0	0	0,0000	0,0000	162,1824
2021-11-09	08:25:00		60	0	0	0	0	0	0	0	0	0	0	0	0	0	0	0	0	0	0	0	0	0,0000	0,0000	162,1824
2021-11-09	08:26:00		60	0	0	0	0	0	0	0	0	0	0	0	0	0	0	0	0	0	0	0	0	0,0000	0,0000	162,1824
2021-11-09	08:27:00		60	0	0	0	0	0	0	0	0	0	0	0	0	0	0	0	0	0	0	0	0	0,0000	0,0000	162,1824
2021-11-09	08:28:00		60	0	0	0	0	0	0	0	0	0	0	0	0	0	0	0	0	0	0	0	0	0,0000	0,0000	162,1824
2021-11-09	08:29:00		60	0	0	0	0	0	0	0	0	0	0	0	0	0	0	0	0	0	0	0	0	0,0000	0,0000	162,1824
2021-11-09	08:30:00		60	0	0	0	0	0	0	0	0	0	0	0	0	0	0	0	0	0	0	0	0	0,0000	0,0000	162,1824
2021-11-09	08:31:00		60	0	0	0	0	0	0	0	0	0	0	0	0	0	0	0	0	0	0	0	0	0,0000	0,0000	162,1824
2021-11-09	08:32:00		60	0	0	0	0	0	0	0	0	0	0	0	0	0	0	0	0	0	0	0	0	0,0000	0,0000	162,1824
2021-11-09	08:33:00		60	0	0	0	0	0	0	0	0	0	0	0	0	0	0	0	0	0	0	0	0	0,0000	0,0000	162,1824
2021-11-09	08:34:00		60	0	0	0	0	0	0	0	0	0	0	0	0	0	0	0	0	0	0	0	0	0,0000	0,0000	162,1824
2021-11-09	08:35:00		60	0	0	0	0	0	0	0	0	0	0	0	0	0	0	0	0	0	0	0	0	0,0000	0,0000	162,1824
2021-11-09	08:36:00		60	0	0	0	0	0	0	0	0	0	0	0	0	0	0	0	0	0	0	0	0	0,0000	0,0000	162,1824
2021-11-09	08:37:00		60	0	0	0	0	0	0	0	0	0	0	0	0	0	0	0	0	0	0	0	0	0,0000	0,0000	162,1824
2021-11-09	08:38:00		60	0	0	0	0	0	0	0	0	0	0	0	0	0	0	0	0	0	0	0	0	0,0000	0,0000	162,1824
2021-11-09	08:39:00		60	0	0	0	0	0	0	0	0	0	0	0	0	0	0	0	0	0	0	0	0	0,0000	0,0000	162,1824
2021-11-09	08:40:00		60	0	0	0	0	0	0	0	0	0	0	0	0	0	0	0	0	0	0	0	0	0,0000	0,0000	162,1824
2021-11-09	08:41:00		60	0	0	0	0	0	0	0	0	0	0	0	0	0	0	0	0	0	0	0	0	0,0000	0,0000	162,1824
2021-11-09	08:42:00		60	0	0	0	0	0	0	0	0	0	0	0	0	0	0	0	0	0	0	0	0	0,0000	0,0000	162,1824
2021-11-09	08:43:00		60	0	0	0	0	0	0	0	0	0	0	0	0	0	0	0	0	0	0	0	0	0,0000	0,0000	162,1824
2021-11-09	08:44:00		60	0	0	0	0	0	0	0	0	0	0	0	0	0	0	0	0	0	0	0	0	0,0000	0,0000	162,1824
2021-11-09	08:45:00		60	0	0	0	0	0	0	0	0	0	0	0	0	0	0	0	0	0	0	0	0	0,0000	0,0000	162,1824
2021-11-09	08:46:00		60	0	0	0	0	0	0	0	0	0	0	0	0	0	0	0	0	0	0	0	0	0,0000	0,0000	162,1824
2021-11-09	08:47:00		60	0	0	0	0	0	0	0	0	0	0	0	0	0	0	0	0	0	0	0	0	0,0000	0,0000	162,1824
2021-11-09	08:48:00		60	0	0	0	0	0	0	0	0	0	0	0	0	0	0	0	0	0	0	0	0	0,0000	0,0000	162,1824
2021-11-09	08:49:00		60	0	0	0	0	0	0	0	0	0	0	0	0	0	0	0	0	0	0	0	0	0,0000	0,0000	162,1824
2021-11-09	08:50:00		60	0	0	0	0	0	0	0	0	0	0	0	0	0	0	0	0	0	0	0	0	0,0000	0,0000	162,1824
2021-11-09	08:51:00		60	0	0	0	0	0	0	0	0	0	0	0	0	0	0	0	0	0	0	0	0	0,0000	0,0000	162,1824
2021-11-09	08:52:00		60	0	0	0	0	0	0	0	0	0	0	0	0	0	0	0	0	0	0	0	0	0,0000	0,0000	162,1824
2021-11-09	08:53:00		60	0	0	0	0	0	0	0	0	0	0	0	0	0	0	0	0	0	0	0	0	0,0000	0,0000	162,1824
2021-11-09	08:54:00		60	0	0	0	0	0	0	0	0	0	0	0	0	0	0	0	0	0	0	0	0	0,0000	0,0000	162,1824
2021-11-09	08:55:00		60	0	0	0	0	0	0	0	0	0	0	0	0	0	0	0	0	0	0	0	0	0,0000	0,0000	162,1824
2021-11-09	08:56:00		60	0	0	0	0	0	0	0	0	0	0	0	0	0	0	0	0	0	0	0	0	0,0000	0,0000	162,1824
2021-11-09	08:57:00		60	0	0	0	0	0	0	0	0	0	0	0	0	0	0	0	0	0	0	0	0	0,0000	0,0000	162,1824
2021-11-09	08:58:00		60	0	0	0	0	0	0	0	0	0	0	0	0	0	0	0	0	0	0	0	0	0,0000	0,0000	162,1824
2021-11-09	08:59:00		60	0	0	0	0	0	0	0	0	0	0	0	0	0	0	0	0	0	0	0	0	0,0000	0,0000	162,1824
2021-11-09	09:00:00		60	0	0	0	0	0	0	0	0	0	0	0	0	0	0	0	0	0	0	0	0	0,0000	0,0000	162,1824
2021-11-09	09:01:00		60	0	0	0	0	0	0	0	0	0	0	0	0	0	0	0	0	0	0	0	0	0,0000	0,0000	162,1824
2021-11-09	09:02:00		60	0	0	0	0	0	0	0	0	0	0	0	0	0	0	0	0	0	0	0	0	0,0000	0,0000	162,1824
2021-11-09	09:03:00		60	0	0	0	0	0	0	0	0	0	0	0	0	0	0	0	0	0	0	0	0	0,0000	0,0000	162,1824
2021-11-09	09:04:00		60	0	0	0	0	0	0	0	0	0	0	0	0	0	0	0	0	0	0	0	0	0,0000	0,0000	162,1824
2021-11-09	09:05:00		60	0	0	0	0	0	0	0	0	0	0	0	0	0	0	0	0	0	0	0	0	0,0000	0,0000	162,1824
2021-11-09	09:06:00		60	0	0	0	0	0	0	0	0	0	0	0	0	0	0	0	0	0	0	0	0	0,0000	0,0000	162,1824
2021-11-09	09:07:00		60	0	0	0	0	0	0	0	0	0	0	0	0	0	0	0	0	0	0	0	0	0,0000	0,0000	162,1824
2021-11-09	09:08:00		60	0	0	0	0	0	0	0	0	0	0	0	0	0	0	0	0	0	0	0	0	0,0000	0,0000	162,1824
2021-11-09	09:09:00		60	0	0	0	0	0	0	0	0	0	0	0	0	0	0	0	0	0	0	0	0	0,0000	0,0000	162,1824
2021-11-09	09:10:00		60	0	0	0	0	0	0	0	0	0	0	0	0	0	0	0	0	0	0	0	0	0,0000	0,0000	162,1824
2021-11-09	09:11:00		60	0	0	0	0	0	0	0	0	0	0	0	0	0	0	0	0	0	0	0	0	0,0000	0,0000	162,1824
2021-11-09	09:12:00		60	0	0	0	0	0	0	0	0	0	0	0	0	0	0	0	0	0	0	0	0	0,0000	0,0000	162,1824
2021-11-09	09:13:00		60	0	0	0	0	0	0	0	0	0	0	0	0	0	0	0	0	0	0	0	0	0,0000	0,0000	162,1824
2021-11-09	09:14:00		60	0	0	0	0	0	0	0	0	0	0	0	0	0	0	0	0	0	0	0	0	0,0000	0,0000	162,1824
2021-11-09	09:15:00		60	0	0	0	0	0	0	0	0	0	0	0	0	0	0	0	0	0	0	0	0	0,0000	0,0000	162,1824
2021-11-09	09:16:00		60	0	0	0	0	0	0	0	0	0	0	0	0	0	0	0	0	0	0	0	0	0,0000	0,0000	162,1824
2021-11-09	09:17:00		60	0	0	0	0	0	0	0	0	0	0	0	0	0	0	0	0	0	0	0	0	0,0000	0,0000	162,1824
2021-11-09	09:18:00		60	0	0	0	0	0	0	0	0	0	0	0	0	0	0	0	0	0	0	0	0	0,0000	0,0000	162,1824
2021-11-09	09:19:00		60	0	0	0	0	0	0	0	0	0	0	0	0	0	0	0	0	0	0	0	0	0,0000	0,0000	162,1824
2021-11-09	09:20:00		60	0	0	0	0	0	0	0	0	0	0	0	0	0	0	0	0	0	0	0	0	0,0000	0,0000	162,1824
