YYYY-MM-DD	hh:mm:ss	Status	Interval [s]	n1	n2	n3	n4	n5	n6	n7	n8	n9	n10	n11	n12	n13	n14	n15	n16	n17	n18	n19	n20	RI [mm/h]	RA [mm]	RAT [mm]
2022-03-28	18:29:00		60	0	0	0	0	0	0	0	0	0	0	0	0	0	0	0	0	0	0	0	0	0,0000	0,0000	174,9966
2022-03-28	18:30:00		60	0	0	0	0	0	0	0	0	0	0	0	0	0	0	0	0	0	0	0	0	0,0000	0,0000	174,9966
2022-03-28	18:31:00		60	0	0	0	0	0	0	0	0	0	0	0	0	0	0	0	0	0	0	0	0	0,0000	0,0000	174,9966
2022-03-28	18:32:00		60	0	0	0	0	0	0	0	0	0	0	0	0	0	0	0	0	0	0	0	0	0,0000	0,0000	174,9966
2022-03-28	18:33:00		60	0	0	0	0	0	0	0	0	0	0	0	0	0	0	0	0	0	0	0	0	0,0000	0,0000	174,9966
2022-03-28	18:34:00		60	0	0	0	0	0	0	0	0	0	0	0	0	0	0	0	0	0	0	0	0	0,0000	0,0000	174,9966
2022-03-28	18:35:00		60	0	0	0	0	0	0	0	0	0	0	0	0	0	0	0	0	0	0	0	0	0,0000	0,0000	174,9966
2022-03-28	18:36:00		60	0	0	0	0	0	0	0	0	0	0	0	0	0	0	0	0	0	0	0	0	0,0000	0,0000	174,9966
2022-03-28	18:37:00		60	0	0	0	0	0	0	0	0	0	0	0	0	0	0	0	0	0	0	0	0	0,0000	0,0000	174,9966
2022-03-28	18:38:00		60	0	0	0	0	0	0	0	0	0	0	0	0	0	0	0	0	0	0	0	0	0,0000	0,0000	174,9966
2022-03-28	18:39:00		60	0	0	0	0	0	0	0	0	0	0	0	0	0	0	0	0	0	0	0	0	0,0000	0,0000	174,9966
2022-03-28	18:40:00		60	0	0	0	0	0	0	0	0	0	0	0	0	0	0	0	0	0	0	0	0	0,0000	0,0000	174,9966
2022-03-28	18:41:00		60	0	0	0	0	0	0	0	0	0	0	0	0	0	0	0	0	0	0	0	0	0,0000	0,0000	174,9966
2022-03-28	18:42:00		60	0	0	0	0	0	0	0	0	0	0	0	0	0	0	0	0	0	0	0	0	0,0000	0,0000	174,9966
2022-03-28	18:43:00		60	0	0	0	0	0	0	0	0	0	0	0	0	0	0	0	0	0	0	0	0	0,0000	0,0000	174,9966
2022-03-28	18:44:00		60	0	0	0	0	0	0	0	0	0	0	0	0	0	0	0	0	0	0	0	0	0,0000	0,0000	174,9966
2022-03-28	18:45:00		60	0	0	0	0	0	0	0	0	0	0	0	0	0	0	0	0	0	0	0	0	0,0000	0,0000	174,9966
2022-03-28	18:46:00		60	0	0	0	0	0	0	0	0	0	0	0	0	0	0	0	0	0	0	0	0	0,0000	0,0000	174,9966
2022-03-28	18:47:00		60	0	0	0	0	0	0	0	0	0	0	0	0	0	0	0	0	0	0	0	0	0,0000	0,0000	174,9966
2022-03-28	18:48:00		60	1	0	1	0	0	0	0	0	0	0	0	0	0	0	0	0	0	0	0	0	0,0013	0,0000	174,9966
2022-03-28	18:49:00		60	0	0	0	0	0	0	0	0	0	0	0	0	0	0	0	0	0	0	0	0	0,0000	0,0000	174,9966
2022-03-28	18:50:00		60	0	0	0	0	0	0	0	0	0	0	0	0	0	0	0	0	0	0	0	0	0,0000	0,0000	174,9966
2022-03-28	18:51:00		60	0	0	0	0	0	0	0	0	0	0	0	0	0	0	0	0	0	0	0	0	0,0000	0,0000	174,9966
2022-03-28	18:52:00		60	0	0	0	0	0	0	0	0	0	0	0	0	0	0	0	0	0	0	0	0	0,0000	0,0000	174,9966
2022-03-28	18:53:00		60	0	0	0	0	0	0	0	0	0	0	0	0	0	0	0	0	0	0	0	0	0,0000	0,0000	174,9966
2022-03-28	18:54:00		60	0	0	0	0	0	0	0	0	0	0	0	0	0	0	0	0	0	0	0	0	0,0000	0,0000	174,9966
2022-03-28	18:55:00		60	0	0	0	0	0	0	0	0	0	0	0	0	0	0	0	0	0	0	0	0	0,0000	0,0000	174,9966
2022-03-28	18:56:00		60	0	0	0	0	0	0	0	0	0	0	0	0	0	0	0	0	0	0	0	0	0,0000	0,0000	174,9966
2022-03-28	18:57:00		60	0	0	0	0	0	0	0	0	0	0	0	0	0	0	0	0	0	0	0	0	0,0000	0,0000	174,9966
2022-03-28	18:58:00		60	0	0	0	0	0	0	0	0	0	0	0	0	0	0	0	0	0	0	0	0	0,0000	0,0000	174,9966
2022-03-28	18:59:00		60	0	0	0	0	0	0	0	0	0	0	0	0	0	0	0	0	0	0	0	0	0,0000	0,0000	174,9966
2022-03-28	19:00:00		60	0	0	0	0	0	0	0	0	0	0	0	0	0	0	0	0	0	0	0	0	0,0000	0,0000	174,9966
2022-03-28	19:01:00		60	0	0	0	0	0	0	0	0	0	0	0	0	0	0	0	0	0	0	0	0	0,0000	0,0000	174,9966
2022-03-28	19:02:00		60	0	0	0	0	0	0	0	0	0	0	0	0	0	0	0	0	0	0	0	0	0,0000	0,0000	174,9966
2022-03-28	19:03:00		60	0	0	0	0	0	0	0	0	0	0	0	0	0	0	0	0	0	0	0	0	0,0000	0,0000	174,9966
2022-03-28	19:04:00		60	0	0	0	0	0	0	0	0	0	0	0	0	0	0	0	0	0	0	0	0	0,0000	0,0000	174,9966
2022-03-28	19:05:00		60	5	0	0	0	0	0	0	0	0	0	0	0	0	0	0	0	0	0	0	0	0,0015	0,0000	174,9966
2022-03-28	19:06:00		60	0	0	0	0	0	0	0	0	0	0	0	0	0	0	0	0	0	0	0	0	0,0000	0,0000	174,9966
2022-03-28	19:07:00		60	0	0	0	0	0	0	0	0	0	0	0	0	0	0	0	0	0	0	0	0	0,0000	0,0000	174,9966
2022-03-28	19:08:00		60	0	0	0	0	0	0	0	0	0	0	0	0	0	0	0	0	0	0	0	0	0,0000	0,0000	174,9966
2022-03-28	19:09:00		60	0	0	0	0	0	0	0	0	0	0	0	0	0	0	0	0	0	0	0	0	0,0000	0,0000	174,9966
2022-03-28	19:10:00		60	0	0	0	0	0	0	0	0	0	0	0	0	0	0	0	0	0	0	0	0	0,0000	0,0000	174,9966
2022-03-28	19:11:00		60	0	0	0	0	0	0	0	0	0	0	0	0	0	0	0	0	0	0	0	0	0,0000	0,0000	174,9966
2022-03-28	19:12:00		60	0	0	0	0	0	0	0	0	0	0	0	0	0	0	0	0	0	0	0	0	0,0000	0,0000	174,9966
2022-03-28	19:13:00		60	0	0	0	0	0	0	0	0	0	0	0	0	0	0	0	0	0	0	0	0	0,0000	0,0000	174,9966
2022-03-28	19:14:00		60	0	0	0	0	0	0	0	0	0	0	0	0	0	0	0	0	0	0	0	0	0,0000	0,0000	174,9966
2022-03-28	19:15:00		60	0	0	0	0	0	0	0	0	0	0	0	0	0	0	0	0	0	0	0	0	0,0000	0,0000	174,9966
2022-03-28	19:16:00		60	0	0	0	0	0	0	0	0	0	0	0	0	0	0	0	0	0	0	0	0	0,0000	0,0000	174,9966
2022-03-28	19:17:00		60	0	0	0	0	0	0	0	0	0	0	0	0	0	0	0	0	0	0	0	0	0,0000	0,0000	174,9966
2022-03-28	19:18:00		60	0	0	0	0	0	0	0	0	0	0	0	0	0	0	0	0	0	0	0	0	0,0000	0,0000	174,9966
2022-03-28	19:19:00		60	0	0	0	0	0	0	0	0	0	0	0	0	0	0	0	0	0	0	0	0	0,0000	0,0000	174,9966
2022-03-28	19:20:00		60	0	0	0	0	0	0	0	0	0	0	0	0	0	0	0	0	0	0	0	0	0,0000	0,0000	174,9966
2022-03-28	19:21:00		60	0	0	0	0	0	0	0	0	0	0	0	0	0	0	0	0	0	0	0	0	0,0000	0,0000	174,9966
2022-03-28	19:22:00		60	0	0	0	0	0	0	0	0	0	0	0	0	0	0	0	0	0	0	0	0	0,0000	0,0000	174,9966
2022-03-28	19:23:00		60	0	0	0	0	0	0	0	0	0	0	0	0	0	0	0	0	0	0	0	0	0,0000	0,0000	174,9966
2022-03-28	19:24:00		60	0	0	0	0	0	0	0	0	0	0	0	0	0	0	0	0	0	0	0	0	0,0000	0,0000	174,9966
2022-03-28	19:25:00		60	0	0	0	0	0	0	0	0	0	0	0	0	0	0	0	0	0	0	0	0	0,0000	0,0000	174,9966
2022-03-28	19:26:00		60	0	0	0	0	0	0	0	0	0	0	0	0	0	0	0	0	0	0	0	0	0,0000	0,0000	174,9966
2022-03-28	19:27:00		60	0	0	0	0	0	0	0	0	0	0	0	0	0	0	0	0	0	0	0	0	0,0000	0,0000	174,9966
2022-03-28	19:28:00		60	0	0	0	0	0	0	0	0	0	0	0	0	0	0	0	0	0	0	0	0	0,0000	0,0000	174,9966
2022-03-28	19:29:00		60	0	0	0	0	0	0	0	0	0	0	0	0	0	0	0	0	0	0	0	0	0,0000	0,0000	174,9966
2022-03-28	19:30:00		60	0	0	0	0	0	0	0	0	0	0	0	0	0	0	0	0	0	0	0	0	0,0000	0,0000	174,9966
2022-03-28	19:31:00		60	0	0	0	0	0	0	0	0	0	0	0	0	0	0	0	0	0	0	0	0	0,0000	0,0000	174,9966
2022-03-28	19:32:00		60	0	0	0	0	0	0	0	0	0	0	0	0	0	0	0	0	0	0	0	0	0,0000	0,0000	174,9966
2022-03-28	19:33:00		60	0	0	0	0	0	0	0	0	0	0	0	0	0	0	0	0	0	0	0	0	0,0000	0,0000	174,9966
2022-03-28	19:34:00		60	0	0	0	0	0	0	0	0	0	0	0	0	0	0	0	0	0	0	0	0	0,0000	0,0000	174,9966
2022-03-28	19:35:00		60	0	0	0	0	0	0	0	0	0	0	0	0	0	0	0	0	0	0	0	0	0,0000	0,0000	174,9966
2022-03-28	19:36:00		60	0	0	0	0	0	0	0	0	0	0	0	0	0	0	0	0	0	0	0	0	0,0000	0,0000	174,9966
2022-03-28	19:37:00		60	0	0	0	0	0	0	0	0	0	0	0	0	0	0	0	0	0	0	0	0	0,0000	0,0000	174,9966
2022-03-28	19:38:00		60	0	0	0	0	0	0	0	0	0	0	0	0	0	0	0	0	0	0	0	0	0,0000	0,0000	174,9966
2022-03-28	19:39:00		60	0	0	0	0	0	0	0	0	0	0	0	0	0	0	0	0	0	0	0	0	0,0000	0,0000	174,9966
2022-03-28	19:40:00		60	0	0	0	0	0	0	0	0	0	0	0	0	0	0	0	0	0	0	0	0	0,0000	0,0000	174,9966
2022-03-28	19:41:00		60	0	0	0	0	0	0	0	0	0	0	0	0	0	0	0	0	0	0	0	0	0,0000	0,0000	174,9966
2022-03-28	19:42:00		60	0	0	0	0	0	0	0	0	0	0	0	0	0	0	0	0	0	0	0	0	0,0000	0,0000	174,9966
2022-03-28	19:43:00		60	0	0	0	0	0	0	0	0	0	0	0	0	0	0	0	0	0	0	0	0	0,0000	0,0000	174,9966
2022-03-28	19:44:00		60	0	0	0	0	0	0	0	0	0	0	0	0	0	0	0	0	0	0	0	0	0,0000	0,0000	174,9966
2022-03-28	19:45:00		60	0	0	0	0	0	0	0	0	0	0	0	0	0	0	0	0	0	0	0	0	0,0000	0,0000	174,9966
2022-03-28	19:46:00		60	0	0	0	0	0	0	0	0	0	0	0	0	0	0	0	0	0	0	0	0	0,0000	0,0000	174,9966
2022-03-28	19:47:00		60	0	0	0	0	0	0	0	0	0	0	0	0	0	0	0	0	0	0	0	0	0,0000	0,0000	174,9966
2022-03-28	19:48:00		60	0	0	0	0	0	0	0	0	0	0	0	0	0	0	0	0	0	0	0	0	0,0000	0,0000	174,9966
2022-03-28	19:49:00		60	0	0	0	0	0	0	0	0	0	0	0	0	0	0	0	0	0	0	0	0	0,0000	0,0000	174,9966
2022-03-28	19:50:00		60	0	0	0	0	0	0	0	0	0	0	0	0	0	0	0	0	0	0	0	0	0,0000	0,0000	174,9966
2022-03-28	19:51:00		60	0	0	0	0	0	0	0	0	0	0	0	0	0	0	0	0	0	0	0	0	0,0000	0,0000	174,9966
2022-03-28	19:52:00		60	0	0	0	0	0	0	0	0	0	0	0	0	0	0	0	0	0	0	0	0	0,0000	0,0000	174,9966
2022-03-28	19:53:00		60	0	0	0	0	0	0	0	0	0	0	0	0	0	0	0	0	0	0	0	0	0,0000	0,0000	174,9966
2022-03-28	19:54:00		60	0	0	0	0	0	0	0	0	0	0	0	0	0	0	0	0	0	0	0	0	0,0000	0,0000	174,9966
2022-03-28	19:55:00		60	0	0	0	0	0	0	0	0	0	0	0	0	0	0	0	0	0	0	0	0	0,0000	0,0000	174,9966
2022-03-28	19:56:00		60	0	0	0	0	0	0	0	0	0	0	0	0	0	0	0	0	0	0	0	0	0,0000	0,0000	174,9966
2022-03-28	19:57:00		60	0	0	0	0	0	0	0	0	0	0	0	0	0	0	0	0	0	0	0	0	0,0000	0,0000	174,9966
2022-03-28	19:58:00		60	0	0	0	0	0	0	0	0	0	0	0	0	0	0	0	0	0	0	0	0	0,0000	0,0000	174,9966
2022-03-28	19:59:00		60	0	0	0	0	0	0	0	0	0	0	0	0	0	0	0	0	0	0	0	0	0,0000	0,0000	174,9966
2022-03-28	20:00:00		60	0	0	0	0	0	0	0	0	0	0	0	0	0	0	0	0	0	0	0	0	0,0000	0,0000	174,9966
2022-03-28	20:01:00		60	0	0	0	0	0	0	0	0	0	0	0	0	0	0	0	0	0	0	0	0	0,0000	0,0000	174,9966
2022-03-28	20:02:00		60	0	0	0	0	0	0	0	0	0	0	0	0	0	0	0	0	0	0	0	0	0,0000	0,0000	174,9966
2022-03-28	20:03:00		60	0	0	0	0	0	0	0	0	0	0	0	0	0	0	0	0	0	0	0	0	0,0000	0,0000	174,9966
2022-03-28	20:04:00		60	0	0	0	0	0	0	0	0	0	0	0	0	0	0	0	0	0	0	0	0	0,0000	0,0000	174,9966
2022-03-28	20:05:00		60	0	0	0	0	0	0	0	0	0	0	0	0	0	0	0	0	0	0	0	0	0,0000	0,0000	174,9966
2022-03-28	20:06:00		60	0	0	0	0	0	0	0	0	0	0	0	0	0	0	0	0	0	0	0	0	0,0000	0,0000	174,9966
2022-03-28	20:07:00		60	0	0	0	0	0	0	0	0	0	0	0	0	0	0	0	0	0	0	0	0	0,0000	0,0000	174,9966
2022-03-28	20:08:00		60	0	0	0	0	0	0	0	0	0	0	0	0	0	0	0	0	0	0	0	0	0,0000	0,0000	174,9966
2022-03-28	20:09:00		60	0	0	0	0	0	0	0	0	0	0	0	0	0	0	0	0	0	0	0	0	0,0000	0,0000	174,9966
2022-03-28	20:10:00		60	0	0	0	0	0	0	0	0	0	0	0	0	0	0	0	0	0	0	0	0	0,0000	0,0000	174,9966
2022-03-28	20:11:00		60	0	0	0	0	0	0	0	0	0	0	0	0	0	0	0	0	0	0	0	0	0,0000	0,0000	174,9966
2022-03-28	20:12:00		60	0	0	0	0	0	0	0	0	0	0	0	0	0	0	0	0	0	0	0	0	0,0000	0,0000	174,9966
2022-03-28	20:13:00		60	0	0	0	0	0	0	0	0	0	0	0	0	0	0	0	0	0	0	0	0	0,0000	0,0000	174,9966
2022-03-28	20:14:00		60	0	0	0	0	0	0	0	0	0	0	0	0	0	0	0	0	0	0	0	0	0,0000	0,0000	174,9966
2022-03-28	20:15:00		60	0	0	0	0	0	0	0	0	0	0	0	0	0	0	0	0	0	0	0	0	0,0000	0,0000	174,9966
2022-03-28	20:16:00		60	0	0	0	0	0	0	0	0	0	0	0	0	0	0	0	0	0	0	0	0	0,0000	0,0000	174,9966
2022-03-28	20:17:00		60	0	0	0	0	0	0	0	0	0	0	0	0	0	0	0	0	0	0	0	0	0,0000	0,0000	174,9966
2022-03-28	20:18:00		60	0	0	0	0	0	0	0	0	0	0	0	0	0	0	0	0	0	0	0	0	0,0000	0,0000	174,9966
2022-03-28	20:19:00		60	0	0	0	0	0	0	0	0	0	0	0	0	0	0	0	0	0	0	0	0	0,0000	0,0000	174,9966
2022-03-28	20:20:00		60	0	0	0	0	0	0	0	0	0	0	0	0	0	0	0	0	0	0	0	0	0,0000	0,0000	174,9966
2022-03-28	20:21:00		60	0	0	0	0	0	0	0	0	0	0	0	0	0	0	0	0	0	0	0	0	0,0000	0,0000	174,9966
2022-03-28	20:22:00		60	0	0	0	0	0	0	0	0	0	0	0	0	0	0	0	0	0	0	0	0	0,0000	0,0000	174,9966
2022-03-28	20:23:00		60	0	0	0	0	0	0	0	0	0	0	0	0	0	0	0	0	0	0	0	0	0,0000	0,0000	174,9966
2022-03-28	20:24:00		60	0	0	0	0	0	0	0	0	0	0	0	0	0	0	0	0	0	0	0	0	0,0000	0,0000	174,9966
2022-03-28	20:25:00		60	0	0	0	0	0	0	0	0	0	0	0	0	0	0	0	0	0	0	0	0	0,0000	0,0000	174,9966
2022-03-28	20:26:00		60	0	0	0	0	0	0	0	0	0	0	0	0	0	0	0	0	0	0	0	0	0,0000	0,0000	174,9966
2022-03-28	20:27:00		60	0	0	0	0	0	0	0	0	0	0	0	0	0	0	0	0	0	0	0	0	0,0000	0,0000	174,9966
2022-03-28	20:28:00		60	0	0	0	0	0	0	0	0	0	0	0	0	0	0	0	0	0	0	0	0	0,0000	0,0000	174,9966
2022-03-28	20:29:00		60	0	0	0	0	0	0	0	0	0	0	0	0	0	0	0	0	0	0	0	0	0,0000	0,0000	174,9966
2022-03-28	20:30:00		60	0	0	0	0	0	0	0	0	0	0	0	0	0	0	0	0	0	0	0	0	0,0000	0,0000	174,9966
2022-03-28	20:31:00		60	0	0	0	0	0	0	0	0	0	0	0	0	0	0	0	0	0	0	0	0	0,0000	0,0000	174,9966
2022-03-28	20:32:00		60	0	0	0	0	0	0	0	0	0	0	0	0	0	0	0	0	0	0	0	0	0,0000	0,0000	174,9966
2022-03-28	20:33:00		60	0	0	0	0	0	0	0	0	0	0	0	0	0	0	0	0	0	0	0	0	0,0000	0,0000	174,9966
2022-03-28	20:34:00		60	0	0	0	0	0	0	0	0	0	0	0	0	0	0	0	0	0	0	0	0	0,0000	0,0000	174,9966
2022-03-28	20:35:00		60	0	0	0	0	0	0	0	0	0	0	0	0	0	0	0	0	0	0	0	0	0,0000	0,0000	174,9966
2022-03-28	20:36:00		60	0	0	0	0	0	0	0	0	0	0	0	0	0	0	0	0	0	0	0	0	0,0000	0,0000	174,9966
2022-03-28	20:37:00		60	0	0	0	0	0	0	0	0	0	0	0	0	0	0	0	0	0	0	0	0	0,0000	0,0000	174,9966
2022-03-28	20:38:00		60	0	0	0	0	0	0	0	0	0	0	0	0	0	0	0	0	0	0	0	0	0,0000	0,0000	174,9966
2022-03-28	20:39:00		60	0	0	0	0	0	0	0	0	0	0	0	0	0	0	0	0	0	0	0	0	0,0000	0,0000	174,9966
2022-03-28	20:40:00		60	0	0	0	0	0	0	0	0	0	0	0	0	0	0	0	0	0	0	0	0	0,0000	0,0000	174,9966
2022-03-28	20:41:00		60	0	0	0	0	0	0	0	0	0	0	0	0	0	0	0	0	0	0	0	0	0,0000	0,0000	174,9966
2022-03-28	20:42:00		60	0	0	0	0	0	0	0	0	0	0	0	0	0	0	0	0	0	0	0	0	0,0000	0,0000	174,9966
2022-03-28	20:43:00		60	0	0	0	0	0	0	0	0	0	0	0	0	0	0	0	0	0	0	0	0	0,0000	0,0000	174,9966
2022-03-28	20:44:00		60	0	0	0	0	0	0	0	0	0	0	0	0	0	0	0	0	0	0	0	0	0,0000	0,0000	174,9966
2022-03-28	20:45:00		60	0	0	0	0	0	0	0	0	0	0	0	0	0	0	0	0	0	0	0	0	0,0000	0,0000	174,9966
2022-03-28	20:46:00		60	0	0	0	0	0	0	0	0	0	0	0	0	0	0	0	0	0	0	0	0	0,0000	0,0000	174,9966
2022-03-28	20:47:00		60	0	0	0	0	0	0	0	0	0	0	0	0	0	0	0	0	0	0	0	0	0,0000	0,0000	174,9966
2022-03-28	20:48:00		60	0	0	0	0	0	0	0	0	0	0	0	0	0	0	0	0	0	0	0	0	0,0000	0,0000	174,9966
2022-03-28	20:49:00		60	0	0	0	0	0	0	0	0	0	0	0	0	0	0	0	0	0	0	0	0	0,0000	0,0000	174,9966
2022-03-28	20:50:00		60	0	0	0	0	0	0	0	0	0	0	0	0	0	0	0	0	0	0	0	0	0,0000	0,0000	174,9966
2022-03-28	20:51:00		60	0	0	0	0	0	0	0	0	0	0	0	0	0	0	0	0	0	0	0	0	0,0000	0,0000	174,9966
2022-03-28	20:52:00		60	0	0	0	0	0	0	0	0	0	0	0	0	0	0	0	0	0	0	0	0	0,0000	0,0000	174,9966
2022-03-28	20:53:00		60	0	0	0	0	0	0	0	0	0	0	0	0	0	0	0	0	0	0	0	0	0,0000	0,0000	174,9966
2022-03-28	20:54:00		60	0	0	0	0	0	0	0	0	0	0	0	0	0	0	0	0	0	0	0	0	0,0000	0,0000	174,9966
2022-03-28	20:55:00		60	0	0	0	0	0	0	0	0	0	0	0	0	0	0	0	0	0	0	0	0	0,0000	0,0000	174,9966
2022-03-28	20:56:00		60	0	0	0	0	0	0	0	0	0	0	0	0	0	0	0	0	0	0	0	0	0,0000	0,0000	174,9966
2022-03-28	20:57:00		60	0	0	0	0	0	0	0	0	0	0	0	0	0	0	0	0	0	0	0	0	0,0000	0,0000	174,9966
2022-03-28	20:58:00		60	0	0	0	0	0	0	0	0	0	0	0	0	0	0	0	0	0	0	0	0	0,0000	0,0000	174,9966
2022-03-28	20:59:00		60	0	0	0	0	0	0	0	0	0	0	0	0	0	0	0	0	0	0	0	0	0,0000	0,0000	174,9966
2022-03-28	21:00:00		60	0	0	0	0	0	0	0	0	0	0	0	0	0	0	0	0	0	0	0	0	0,0000	0,0000	174,9966
2022-03-28	21:01:00		60	0	0	0	0	0	0	0	0	0	0	0	0	0	0	0	0	0	0	0	0	0,0000	0,0000	174,9966
2022-03-28	21:02:00		60	0	0	0	0	0	0	0	0	0	0	0	0	0	0	0	0	0	0	0	0	0,0000	0,0000	174,9966
2022-03-28	21:03:00		60	0	0	0	0	0	0	0	0	0	0	0	0	0	0	0	0	0	0	0	0	0,0000	0,0000	174,9966
2022-03-28	21:04:00		60	0	0	1	0	0	0	0	0	0	0	0	0	0	0	0	0	0	0	0	0	0,0011	0,0000	174,9966
2022-03-28	21:05:00		60	0	0	0	0	0	0	0	0	0	0	0	0	0	0	0	0	0	0	0	0	0,0000	0,0000	174,9966
2022-03-28	21:06:00		60	0	0	0	0	0	0	0	0	0	0	0	0	0	0	0	0	0	0	0	0	0,0000	0,0000	174,9966
2022-03-28	21:07:00		60	0	0	0	0	0	0	0	0	0	0	0	0	0	0	0	0	0	0	0	0	0,0000	0,0000	174,9966
2022-03-28	21:08:00		60	0	0	0	0	0	0	0	0	0	0	0	0	0	0	0	0	0	0	0	0	0,0000	0,0000	174,9966
2022-03-28	21:09:00		60	0	0	0	0	0	0	0	0	0	0	0	0	0	0	0	0	0	0	0	0	0,0000	0,0000	174,9966
2022-03-28	21:10:00		60	0	0	0	0	0	0	0	0	0	0	0	0	0	0	0	0	0	0	0	0	0,0000	0,0000	174,9966
2022-03-28	21:11:00		60	0	0	0	0	0	0	0	0	0	0	0	0	0	0	0	0	0	0	0	0	0,0000	0,0000	174,9966
2022-03-28	21:12:00		60	0	0	0	0	0	0	0	0	0	0	0	0	0	0	0	0	0	0	0	0	0,0000	0,0000	174,9966
2022-03-28	21:13:00		60	0	0	0	0	0	0	0	0	0	0	0	0	0	0	0	0	0	0	0	0	0,0000	0,0000	174,9966
2022-03-28	21:14:00		60	0	0	0	0	0	0	0	0	0	0	0	0	0	0	0	0	0	0	0	0	0,0000	0,0000	174,9966
2022-03-28	21:15:00		60	0	0	0	0	0	0	0	0	0	0	0	0	0	0	0	0	0	0	0	0	0,0000	0,0000	174,9966
2022-03-28	21:16:00		60	0	0	0	0	0	0	0	0	0	0	0	0	0	0	0	0	0	0	0	0	0,0000	0,0000	174,9966
2022-03-28	21:17:00		60	0	0	0	0	0	0	0	0	0	0	0	0	0	0	0	0	0	0	0	0	0,0000	0,0000	174,9966
2022-03-28	21:18:00		60	0	0	0	0	0	0	0	0	0	0	0	0	0	0	0	0	0	0	0	0	0,0000	0,0000	174,9966
2022-03-28	21:19:00		60	0	0	0	0	0	0	0	0	0	0	0	0	0	0	0	0	0	0	0	0	0,0000	0,0000	174,9966
2022-03-28	21:20:00		60	0	0	0	0	0	0	0	0	0	0	0	0	0	0	0	0	0	0	0	0	0,0000	0,0000	174,9966
2022-03-28	21:21:00		60	0	0	0	0	0	0	0	0	0	0	0	0	0	0	0	0	0	0	0	0	0,0000	0,0000	174,9966
2022-03-28	21:22:00		60	0	0	0	0	0	0	0	0	0	0	0	0	0	0	0	0	0	0	0	0	0,0000	0,0000	174,9966
2022-03-28	21:23:00		60	0	0	0	0	0	0	0	0	0	0	0	0	0	0	0	0	0	0	0	0	0,0000	0,0000	174,9966
2022-03-28	21:24:00		60	4	0	0	0	0	0	0	0	0	0	0	0	0	0	0	0	0	0	0	0	0,0012	0,0000	174,9966
2022-03-28	21:25:00		60	0	0	0	0	0	0	0	0	0	0	0	0	0	0	0	0	0	0	0	0	0,0000	0,0000	174,9966
2022-03-28	21:26:00		60	0	0	0	0	0	0	0	0	0	0	0	0	0	0	0	0	0	0	0	0	0,0000	0,0000	174,9966
2022-03-28	21:27:00		60	0	0	0	0	0	0	0	0	0	0	0	0	0	0	0	0	0	0	0	0	0,0000	0,0000	174,9966
2022-03-28	21:28:00		60	0	0	0	0	0	0	0	0	0	0	0	0	0	0	0	0	0	0	0	0	0,0000	0,0000	174,9966
2022-03-28	21:29:00		60	0	0	0	0	0	0	0	0	0	0	0	0	0	0	0	0	0	0	0	0	0,0000	0,0000	174,9966
2022-03-28	21:30:00		60	0	0	0	0	0	0	0	0	0	0	0	0	0	0	0	0	0	0	0	0	0,0000	0,0000	174,9966
2022-03-28	21:31:00		60	0	0	0	0	0	0	0	0	0	0	0	0	0	0	0	0	0	0	0	0	0,0000	0,0000	174,9966
2022-03-28	21:32:00		60	0	0	0	0	0	0	0	0	0	0	0	0	0	0	0	0	0	0	0	0	0,0000	0,0000	174,9966
2022-03-28	21:33:00		60	0	0	0	0	0	0	0	0	0	0	0	0	0	0	0	0	0	0	0	0	0,0000	0,0000	174,9966
2022-03-28	21:34:00		60	0	0	0	0	0	0	0	0	0	0	0	0	0	0	0	0	0	0	0	0	0,0000	0,0000	174,9966
2022-03-28	21:35:00		60	0	0	0	0	0	0	0	0	0	0	0	0	0	0	0	0	0	0	0	0	0,0000	0,0000	174,9966
2022-03-28	21:36:00		60	0	0	0	0	0	0	0	0	0	0	0	0	0	0	0	0	0	0	0	0	0,0000	0,0000	174,9966
2022-03-28	21:37:00		60	0	0	0	0	0	0	0	0	0	0	0	0	0	0	0	0	0	0	0	0	0,0000	0,0000	174,9966
2022-03-28	21:38:00		60	0	0	0	0	0	0	0	0	0	0	0	0	0	0	0	0	0	0	0	0	0,0000	0,0000	174,9966
2022-03-28	21:39:00		60	0	0	0	0	0	0	0	0	0	0	0	0	0	0	0	0	0	0	0	0	0,0000	0,0000	174,9966
2022-03-28	21:40:00		60	0	0	0	0	0	0	0	0	0	0	0	0	0	0	0	0	0	0	0	0	0,0000	0,0000	174,9966
2022-03-28	21:41:00		60	0	0	0	0	0	0	0	0	0	0	0	0	0	0	0	0	0	0	0	0	0,0000	0,0000	174,9966
2022-03-28	21:42:00		60	0	0	0	0	0	0	0	0	0	0	0	0	0	0	0	0	0	0	0	0	0,0000	0,0000	174,9966
2022-03-28	21:43:00		60	0	0	0	0	0	0	0	0	0	0	0	0	0	0	0	0	0	0	0	0	0,0000	0,0000	174,9966
2022-03-28	21:44:00		60	0	0	0	0	0	0	0	0	0	0	0	0	0	0	0	0	0	0	0	0	0,0000	0,0000	174,9966
2022-03-28	21:45:00		60	0	0	0	0	0	0	0	0	0	0	0	0	0	0	0	0	0	0	0	0	0,0000	0,0000	174,9966
2022-03-28	21:46:00		60	0	0	0	0	0	0	0	0	0	0	0	0	0	0	0	0	0	0	0	0	0,0000	0,0000	174,9966
2022-03-28	21:47:00		60	0	0	0	0	0	0	0	0	0	0	0	0	0	0	0	0	0	0	0	0	0,0000	0,0000	174,9966
2022-03-28	21:48:00		60	0	0	0	0	0	0	0	0	0	0	0	0	0	0	0	0	0	0	0	0	0,0000	0,0000	174,9966
2022-03-28	21:49:00		60	0	0	0	0	0	0	0	0	0	0	0	0	0	0	0	0	0	0	0	0	0,0000	0,0000	174,9966
2022-03-28	21:50:00		60	0	0	0	0	0	0	0	0	0	0	0	0	0	0	0	0	0	0	0	0	0,0000	0,0000	174,9966
2022-03-28	21:51:00		60	0	0	0	0	0	0	0	0	0	0	0	0	0	0	0	0	0	0	0	0	0,0000	0,0000	174,9966
2022-03-28	21:52:00		60	0	0	0	0	0	0	0	0	0	0	0	0	0	0	0	0	0	0	0	0	0,0000	0,0000	174,9966
2022-03-28	21:53:00		60	0	0	0	0	0	0	0	0	0	0	0	0	0	0	0	0	0	0	0	0	0,0000	0,0000	174,9966
2022-03-28	21:54:00		60	0	0	0	0	0	0	0	0	0	0	0	0	0	0	0	0	0	0	0	0	0,0000	0,0000	174,9966
2022-03-28	21:55:00		60	0	0	0	0	0	0	0	0	0	0	0	0	0	0	0	0	0	0	0	0	0,0000	0,0000	174,9966
2022-03-28	21:56:00		60	0	0	0	0	0	0	0	0	0	0	0	0	0	0	0	0	0	0	0	0	0,0000	0,0000	174,9966
2022-03-28	21:57:00		60	0	0	0	0	0	0	0	0	0	0	0	0	0	0	0	0	0	0	0	0	0,0000	0,0000	174,9966
2022-03-28	21:58:00		60	0	0	0	0	0	0	0	0	0	0	0	0	0	0	0	0	0	0	0	0	0,0000	0,0000	174,9966
2022-03-28	21:59:00		60	0	0	0	0	0	0	0	0	0	0	0	0	0	0	0	0	0	0	0	0	0,0000	0,0000	174,9966
2022-03-28	22:00:00		60	0	0	0	0	0	0	0	0	0	0	0	0	0	0	0	0	0	0	0	0	0,0000	0,0000	174,9966
2022-03-28	22:01:00		60	0	0	0	0	0	0	0	0	0	0	0	0	0	0	0	0	0	0	0	0	0,0000	0,0000	174,9966
2022-03-28	22:02:00		60	0	0	0	0	0	0	0	0	0	0	0	0	0	0	0	0	0	0	0	0	0,0000	0,0000	174,9966
2022-03-28	22:03:00		60	0	0	0	0	0	0	0	0	0	0	0	0	0	0	0	0	0	0	0	0	0,0000	0,0000	174,9966
2022-03-28	22:04:00		60	0	0	0	0	0	0	0	0	0	0	0	0	0	0	0	0	0	0	0	0	0,0000	0,0000	174,9966
2022-03-28	22:05:00		60	0	0	0	0	0	0	0	0	0	0	0	0	0	0	0	0	0	0	0	0	0,0000	0,0000	174,9966
2022-03-28	22:06:00		60	0	0	0	0	0	0	0	0	0	0	0	0	0	0	0	0	0	0	0	0	0,0000	0,0000	174,9966
2022-03-28	22:07:00		60	0	0	0	0	0	0	0	0	0	0	0	0	0	0	0	0	0	0	0	0	0,0000	0,0000	174,9966
2022-03-28	22:08:00		60	0	0	0	0	0	0	0	0	0	0	0	0	0	0	0	0	0	0	0	0	0,0000	0,0000	174,9966
2022-03-28	22:09:00		60	0	0	0	0	0	0	0	0	0	0	0	0	0	0	0	0	0	0	0	0	0,0000	0,0000	174,9966
2022-03-28	22:10:00		60	0	0	0	0	0	0	0	0	0	0	0	0	0	0	0	0	0	0	0	0	0,0000	0,0000	174,9966
2022-03-28	22:11:00		60	0	0	0	0	0	0	0	0	0	0	0	0	0	0	0	0	0	0	0	0	0,0000	0,0000	174,9966
2022-03-28	22:12:00		60	0	0	0	0	0	0	0	0	0	0	0	0	0	0	0	0	0	0	0	0	0,0000	0,0000	174,9966
2022-03-28	22:13:00		60	0	0	0	0	0	0	0	0	0	0	0	0	0	0	0	0	0	0	0	0	0,0000	0,0000	174,9966
2022-03-28	22:14:00		60	0	0	0	0	0	0	0	0	0	0	0	0	0	0	0	0	0	0	0	0	0,0000	0,0000	174,9966
2022-03-28	22:15:00		60	0	0	0	0	0	0	0	0	0	0	0	0	0	0	0	0	0	0	0	0	0,0000	0,0000	174,9966
2022-03-28	22:16:00		60	0	0	0	0	0	0	0	0	0	0	0	0	0	0	0	0	0	0	0	0	0,0000	0,0000	174,9966
2022-03-28	22:17:00		60	0	0	0	0	0	0	0	0	0	0	0	0	0	0	0	0	0	0	0	0	0,0000	0,0000	174,9966
2022-03-28	22:18:00		60	0	0	0	0	0	0	0	0	0	0	0	0	0	0	0	0	0	0	0	0	0,0000	0,0000	174,9966
2022-03-28	22:19:00		60	0	0	0	0	0	0	0	0	0	0	0	0	0	0	0	0	0	0	0	0	0,0000	0,0000	174,9966
2022-03-28	22:20:00		60	0	0	0	0	0	0	0	0	0	0	0	0	0	0	0	0	0	0	0	0	0,0000	0,0000	174,9966
2022-03-28	22:21:00		60	0	0	0	0	0	0	0	0	0	0	0	0	0	0	0	0	0	0	0	0	0,0000	0,0000	174,9966
2022-03-28	22:22:00		60	0	0	0	0	0	0	0	0	0	0	0	0	0	0	0	0	0	0	0	0	0,0000	0,0000	174,9966
2022-03-28	22:23:00		60	0	0	0	0	0	0	0	0	0	0	0	0	0	0	0	0	0	0	0	0	0,0000	0,0000	174,9966
2022-03-28	22:24:00		60	0	0	0	0	0	0	0	0	0	0	0	0	0	0	0	0	0	0	0	0	0,0000	0,0000	174,9966
2022-03-28	22:25:00		60	0	0	0	0	0	0	0	0	0	0	0	0	0	0	0	0	0	0	0	0	0,0000	0,0000	174,9966
2022-03-28	22:26:00		60	0	0	0	0	0	0	0	0	0	0	0	0	0	0	0	0	0	0	0	0	0,0000	0,0000	174,9966
2022-03-28	22:27:00		60	0	0	0	0	0	0	0	0	0	0	0	0	0	0	0	0	0	0	0	0	0,0000	0,0000	174,9966
2022-03-28	22:28:00		60	0	0	0	0	0	0	0	0	0	0	0	0	0	0	0	0	0	0	0	0	0,0000	0,0000	174,9966
2022-03-28	22:29:00		60	0	0	0	0	0	0	0	0	0	0	0	0	0	0	0	0	0	0	0	0	0,0000	0,0000	174,9966
2022-03-28	22:30:00		60	0	0	0	0	0	0	0	0	0	0	0	0	0	0	0	0	0	0	0	0	0,0000	0,0000	174,9966
2022-03-28	22:31:00		60	0	0	0	0	0	0	0	0	0	0	0	0	0	0	0	0	0	0	0	0	0,0000	0,0000	174,9966
2022-03-28	22:32:00		60	0	0	0	0	0	0	0	0	0	0	0	0	0	0	0	0	0	0	0	0	0,0000	0,0000	174,9966
2022-03-28	22:33:00		60	0	0	0	0	0	0	0	0	0	0	0	0	0	0	0	0	0	0	0	0	0,0000	0,0000	174,9966
2022-03-28	22:34:00		60	0	0	0	0	0	0	0	0	0	0	0	0	0	0	0	0	0	0	0	0	0,0000	0,0000	174,9966
2022-03-28	22:35:00		60	0	0	0	0	0	0	0	0	0	0	0	0	0	0	0	0	0	0	0	0	0,0000	0,0000	174,9966
2022-03-28	22:36:00		60	0	0	0	0	0	0	0	0	0	0	0	0	0	0	0	0	0	0	0	0	0,0000	0,0000	174,9966
2022-03-28	22:37:00		60	0	0	0	0	0	0	0	0	0	0	0	0	0	0	0	0	0	0	0	0	0,0000	0,0000	174,9966
2022-03-28	22:38:00		60	0	0	0	0	0	0	0	0	0	0	0	0	0	0	0	0	0	0	0	0	0,0000	0,0000	174,9966
2022-03-28	22:39:00		60	0	0	0	0	0	0	0	0	0	0	0	0	0	0	0	0	0	0	0	0	0,0000	0,0000	174,9966
2022-03-28	22:40:00		60	0	0	0	0	0	0	0	0	0	0	0	0	0	0	0	0	0	0	0	0	0,0000	0,0000	174,9966
2022-03-28	22:41:00		60	0	0	0	0	0	0	0	0	0	0	0	0	0	0	0	0	0	0	0	0	0,0000	0,0000	174,9966
2022-03-28	22:42:00		60	0	0	0	0	0	0	0	0	0	0	0	0	0	0	0	0	0	0	0	0	0,0000	0,0000	174,9966
2022-03-28	22:43:00		60	0	0	0	0	0	0	0	0	0	0	0	0	0	0	0	0	0	0	0	0	0,0000	0,0000	174,9966
2022-03-28	22:44:00		60	0	0	0	0	0	0	0	0	0	0	0	0	0	0	0	0	0	0	0	0	0,0000	0,0000	174,9966
2022-03-28	22:45:00		60	0	0	0	0	0	0	0	0	0	0	0	0	0	0	0	0	0	0	0	0	0,0000	0,0000	174,9966
2022-03-28	22:46:00		60	0	0	0	0	0	0	0	0	0	0	0	0	0	0	0	0	0	0	0	0	0,0000	0,0000	174,9966
2022-03-28	22:47:00		60	0	0	0	0	0	0	0	0	0	0	0	0	0	0	0	0	0	0	0	0	0,0000	0,0000	174,9966
2022-03-28	22:48:00		60	0	0	0	0	0	0	0	0	0	0	0	0	0	0	0	0	0	0	0	0	0,0000	0,0000	174,9966
2022-03-28	22:49:00		60	0	0	0	0	0	0	0	0	0	0	0	0	0	0	0	0	0	0	0	0	0,0000	0,0000	174,9966
2022-03-28	22:50:00		60	0	0	0	0	0	0	0	0	0	0	0	0	0	0	0	0	0	0	0	0	0,0000	0,0000	174,9966
2022-03-28	22:51:00		60	0	0	0	0	0	0	0	0	0	0	0	0	0	0	0	0	0	0	0	0	0,0000	0,0000	174,9966
2022-03-28	22:52:00		60	0	0	0	0	0	0	0	0	0	0	0	0	0	0	0	0	0	0	0	0	0,0000	0,0000	174,9966
2022-03-28	22:53:00		60	0	0	0	0	0	0	0	0	0	0	0	0	0	0	0	0	0	0	0	0	0,0000	0,0000	174,9966
2022-03-28	22:54:00		60	0	0	0	0	0	0	0	0	0	0	0	0	0	0	0	0	0	0	0	0	0,0000	0,0000	174,9966
2022-03-28	22:55:00		60	0	0	0	0	0	0	0	0	0	0	0	0	0	0	0	0	0	0	0	0	0,0000	0,0000	174,9966
2022-03-28	22:56:00		60	0	0	0	0	0	0	0	0	0	0	0	0	0	0	0	0	0	0	0	0	0,0000	0,0000	174,9966
2022-03-28	22:57:00		60	0	0	0	0	0	0	0	0	0	0	0	0	0	0	0	0	0	0	0	0	0,0000	0,0000	174,9966
2022-03-28	22:58:00		60	0	0	0	0	0	0	0	0	0	0	0	0	0	0	0	0	0	0	0	0	0,0000	0,0000	174,9966
2022-03-28	22:59:00		60	0	0	0	0	0	0	0	0	0	0	0	0	0	0	0	0	0	0	0	0	0,0000	0,0000	174,9966
2022-03-28	23:00:00		60	0	0	0	0	0	0	0	0	0	0	0	0	0	0	0	0	0	0	0	0	0,0000	0,0000	174,9966
2022-03-28	23:01:00		60	0	0	0	0	0	0	0	0	0	0	0	0	0	0	0	0	0	0	0	0	0,0000	0,0000	174,9966
2022-03-28	23:02:00		60	0	0	0	0	0	0	0	0	0	0	0	0	0	0	0	0	0	0	0	0	0,0000	0,0000	174,9966
2022-03-28	23:03:00		60	0	0	0	0	0	0	0	0	0	0	0	0	0	0	0	0	0	0	0	0	0,0000	0,0000	174,9966
2022-03-28	23:04:00		60	0	0	0	0	0	0	0	0	0	0	0	0	0	0	0	0	0	0	0	0	0,0000	0,0000	174,9966
2022-03-28	23:05:00		60	0	0	0	0	0	0	0	0	0	0	0	0	0	0	0	0	0	0	0	0	0,0000	0,0000	174,9966
2022-03-28	23:06:00		60	0	0	0	0	0	0	0	0	0	0	0	0	0	0	0	0	0	0	0	0	0,0000	0,0000	174,9966
2022-03-28	23:07:00		60	0	0	0	0	0	0	0	0	0	0	0	0	0	0	0	0	0	0	0	0	0,0000	0,0000	174,9966
2022-03-28	23:08:00		60	0	0	0	0	0	0	0	0	0	0	0	0	0	0	0	0	0	0	0	0	0,0000	0,0000	174,9966
2022-03-28	23:09:00		60	0	0	0	0	0	0	0	0	0	0	0	0	0	0	0	0	0	0	0	0	0,0000	0,0000	174,9966
2022-03-28	23:10:00		60	0	0	0	0	0	0	0	0	0	0	0	0	0	0	0	0	0	0	0	0	0,0000	0,0000	174,9966
2022-03-28	23:11:00		60	0	0	0	0	0	0	0	0	0	0	0	0	0	0	0	0	0	0	0	0	0,0000	0,0000	174,9966
2022-03-28	23:12:00		60	0	0	0	0	0	0	0	0	0	0	0	0	0	0	0	0	0	0	0	0	0,0000	0,0000	174,9966
2022-03-28	23:13:00		60	0	0	0	0	0	0	0	0	0	0	0	0	0	0	0	0	0	0	0	0	0,0000	0,0000	174,9966
2022-03-28	23:14:00		60	0	0	0	0	0	0	0	0	0	0	0	0	0	0	0	0	0	0	0	0	0,0000	0,0000	174,9966
2022-03-28	23:15:00		60	0	0	0	0	0	0	0	0	0	0	0	0	0	0	0	0	0	0	0	0	0,0000	0,0000	174,9966
2022-03-28	23:16:00		60	0	0	0	0	0	0	0	0	0	0	0	0	0	0	0	0	0	0	0	0	0,0000	0,0000	174,9966
2022-03-28	23:17:00		60	0	0	0	0	0	0	0	0	0	0	0	0	0	0	0	0	0	0	0	0	0,0000	0,0000	174,9966
2022-03-28	23:18:00		60	8	0	0	0	2	1	2	0	4	8	6	1	0	0	0	0	0	0	0	0	0,6841	0,0114	175,0080
2022-03-28	23:19:00		60	39	48	27	18	13	24	71	51	34	30	60	54	27	16	5	4	0	0	0	0	17,2213	0,2870	175,2951
2022-03-28	23:20:00		60	23	26	43	56	33	47	71	34	22	21	46	3	2	0	0	0	0	0	0	0	5,1457	0,0858	175,3808
2022-03-28	23:21:00		60	3	4	11	86	45	95	38	20	2	2	4	1	0	0	0	0	0	0	0	0	1,7284	0,0288	175,4096
2022-03-28	23:22:00		60	6	93	76	199	62	77	37	2	0	0	0	0	0	0	0	0	0	0	0	0	1,3891	0,0232	175,4328
2022-03-28	23:23:00		60	99	171	118	10	0	0	0	0	0	0	0	0	0	0	0	0	0	0	0	0	0,2718	0,0045	175,4373
2022-03-28	23:24:00		60	36	103	35	1	0	3	2	0	0	0	0	0	0	0	0	0	0	0	0	0	0,1418	0,0024	175,4397
2022-03-28	23:25:00		60	81	125	17	0	0	0	0	0	0	0	0	0	0	0	0	0	0	0	0	0	0,1154	0,0019	175,4416
2022-03-28	23:26:00		60	112	162	131	44	2	0	0	0	0	0	0	0	0	0	0	0	0	0	0	0	0,3499	0,0058	175,4474
2022-03-28	23:27:00		60	103	147	225	127	1	0	0	0	0	0	0	0	0	0	0	0	0	0	0	0	0,5816	0,0097	175,4571
2022-03-28	23:28:00		60	61	42	192	63	1	0	0	0	0	0	0	0	0	0	0	0	0	0	0	0	0,3590	0,0060	175,4631
2022-03-28	23:29:00		60	87	203	263	16	0	0	0	0	0	0	0	0	0	0	0	0	0	0	0	0	0,4503	0,0075	175,4706
2022-03-28	23:30:00		60	150	115	26	2	3	0	0	0	0	0	0	0	0	0	0	0	0	0	0	0	0,1512	0,0025	175,4731
2022-03-28	23:31:00		60	44	34	27	19	1	0	0	0	0	0	0	0	0	0	0	0	0	0	0	0	0,0979	0,0016	175,4748
2022-03-28	23:32:00		60	73	68	20	2	0	21	5	0	0	0	0	0	0	0	0	0	0	0	0	0	0,2301	0,0038	175,4786
2022-03-28	23:33:00		60	28	50	18	0	0	0	0	0	0	0	0	0	0	0	0	0	0	0	0	0	0,0567	0,0009	175,4796
2022-03-28	23:34:00		60	0	0	0	0	0	0	0	0	0	0	0	0	0	0	0	0	0	0	0	0	0,0000	0,0000	175,4796
2022-03-28	23:35:00		60	0	0	0	0	0	0	0	0	0	0	0	0	0	0	0	0	0	0	0	0	0,0000	0,0000	175,4796
2022-03-28	23:36:00		60	0	0	0	0	0	0	0	0	0	0	0	0	0	0	0	0	0	0	0	0	0,0000	0,0000	175,4796
2022-03-28	23:37:00		60	0	0	0	0	0	0	0	0	0	0	0	0	0	0	0	0	0	0	0	0	0,0000	0,0000	175,4796
2022-03-28	23:38:00		60	0	0	0	0	0	0	0	0	0	0	0	0	0	0	0	0	0	0	0	0	0,0000	0,0000	175,4796
2022-03-28	23:39:00		60	0	0	0	0	0	0	0	0	0	0	0	0	0	0	0	0	0	0	0	0	0,0000	0,0000	175,4796
2022-03-28	23:40:00		60	0	0	0	0	0	0	0	0	0	0	0	0	0	0	0	0	0	0	0	0	0,0000	0,0000	175,4796
2022-03-28	23:41:00		60	0	0	0	0	0	0	0	0	0	0	0	0	0	0	0	0	0	0	0	0	0,0000	0,0000	175,4796
2022-03-28	23:42:00		60	0	0	0	0	0	0	0	0	0	0	0	0	0	0	0	0	0	0	0	0	0,0000	0,0000	175,4796
2022-03-28	23:43:00		60	0	0	0	0	0	0	0	0	0	0	0	0	0	0	0	0	0	0	0	0	0,0000	0,0000	175,4796
2022-03-28	23:44:00		60	0	0	0	0	0	0	0	0	0	0	0	0	0	0	0	0	0	0	0	0	0,0000	0,0000	175,4796
2022-03-28	23:45:00		60	0	0	0	0	0	0	0	0	0	0	0	0	0	0	0	0	0	0	0	0	0,0000	0,0000	175,4796
2022-03-28	23:46:00		60	0	0	0	0	0	0	0	0	0	0	0	0	0	0	0	0	0	0	0	0	0,0000	0,0000	175,4796
2022-03-28	23:47:00		60	0	0	0	0	0	0	0	0	0	0	0	0	0	0	0	0	0	0	0	0	0,0000	0,0000	175,4796
2022-03-28	23:48:00		60	0	0	0	0	0	0	0	0	0	0	0	0	0	0	0	0	0	0	0	0	0,0000	0,0000	175,4796
2022-03-28	23:49:00		60	0	0	0	0	0	0	0	0	0	0	0	0	0	0	0	0	0	0	0	0	0,0000	0,0000	175,4796
2022-03-28	23:50:00		60	0	3	7	7	0	0	0	0	0	0	0	0	0	0	0	0	0	0	0	0	0,0215	0,0004	175,4799
2022-03-28	23:51:00		60	0	0	0	0	0	0	0	0	0	0	0	0	0	0	0	0	0	0	0	0	0,0000	0,0000	175,4799
2022-03-28	23:52:00		60	0	0	0	0	0	0	0	0	0	0	0	0	0	0	0	0	0	0	0	0	0,0000	0,0000	175,4799
2022-03-28	23:53:00		60	0	0	0	0	0	0	0	0	0	0	0	0	0	0	0	0	0	0	0	0	0,0000	0,0000	175,4799
2022-03-28	23:54:00		60	0	0	0	0	0	0	0	0	0	0	0	0	0	0	0	0	0	0	0	0	0,0000	0,0000	175,4799
2022-03-28	23:55:00		60	0	0	0	0	0	0	0	0	0	0	0	0	0	0	0	0	0	0	0	0	0,0000	0,0000	175,4799
2022-03-28	23:56:00		60	0	0	0	0	0	0	0	0	0	0	0	0	0	0	0	0	0	0	0	0	0,0000	0,0000	175,4799
2022-03-28	23:57:00		60	0	0	0	0	0	0	0	0	0	0	0	0	0	0	0	0	0	0	0	0	0,0000	0,0000	175,4799
2022-03-28	23:58:00		60	0	0	0	0	0	0	0	0	0	0	0	0	0	0	0	0	0	0	0	0	0,0000	0,0000	175,4799
2022-03-28	23:59:00		60	4	0	0	0	0	0	0	0	0	0	0	0	0	0	0	0	0	0	0	0	0,0012	0,0000	175,4799
2022-03-29	00:00:00		60	5	0	0	0	0	0	0	0	0	0	0	0	0	0	0	0	0	0	0	0	0,0015	0,0000	175,4800
2022-03-29	00:01:00		60	6	0	0	0	0	0	0	0	0	0	0	0	0	0	0	0	0	0	0	0	0,0017	0,0000	175,4800
2022-03-29	00:02:00		60	8	0	0	0	0	0	0	0	0	0	0	0	0	0	0	0	0	0	0	0	0,0023	0,0000	175,4800
2022-03-29	00:03:00		60	11	0	0	0	0	0	0	0	0	0	0	0	0	0	0	0	0	0	0	0	0,0032	0,0001	175,4801
2022-03-29	00:04:00		60	11	0	0	0	0	0	0	0	0	0	0	0	0	0	0	0	0	0	0	0	0,0032	0,0001	175,4801
2022-03-29	00:05:00		60	6	0	0	0	0	0	0	0	0	0	0	0	0	0	0	0	0	0	0	0	0,0017	0,0000	175,4802
2022-03-29	00:06:00		60	9	0	0	0	0	0	0	0	0	0	0	0	0	0	0	0	0	0	0	0	0,0026	0,0000	175,4802
2022-03-29	00:07:00		60	6	0	0	0	0	0	0	0	0	0	0	0	0	0	0	0	0	0	0	0	0,0017	0,0000	175,4802
2022-03-29	00:08:00		60	5	0	0	0	0	0	0	0	0	0	0	0	0	0	0	0	0	0	0	0	0,0015	0,0000	175,4803
2022-03-29	00:09:00		60	0	0	0	0	0	0	0	0	0	0	0	0	0	0	0	0	0	0	0	0	0,0000	0,0000	175,4803
2022-03-29	00:10:00		60	0	0	0	0	0	0	0	0	0	0	0	0	0	0	0	0	0	0	0	0	0,0000	0,0000	175,4803
2022-03-29	00:11:00		60	1	0	0	0	0	2	0	0	0	0	0	0	0	0	0	0	0	0	0	0	0,0099	0,0002	175,4804
2022-03-29	00:12:00		60	0	0	0	0	0	0	0	0	0	0	0	0	0	0	0	0	0	0	0	0	0,0000	0,0000	175,4804
2022-03-29	00:13:00		60	0	0	0	0	0	0	0	0	0	0	0	0	0	0	0	0	0	0	0	0	0,0000	0,0000	175,4804
2022-03-29	00:14:00		60	0	0	0	0	0	0	0	0	0	0	0	0	0	0	0	0	0	0	0	0	0,0000	0,0000	175,4804
2022-03-29	00:15:00		60	0	0	0	0	0	0	0	0	0	0	0	0	0	0	0	0	0	0	0	0	0,0000	0,0000	175,4804
2022-03-29	00:16:00		60	0	0	0	0	0	0	0	0	0	0	0	0	0	0	0	0	0	0	0	0	0,0000	0,0000	175,4804
2022-03-29	00:17:00		60	2	2	4	15	7	3	3	0	0	0	0	0	0	0	0	0	0	0	0	0	0,0933	0,0016	175,4820
2022-03-29	00:18:00		60	6	12	8	12	5	3	0	0	0	0	0	0	0	0	0	0	0	0	0	0	0,0673	0,0011	175,4831
2022-03-29	00:19:00		60	0	0	0	0	0	0	0	0	0	0	0	0	0	0	0	0	0	0	0	0	0,0000	0,0000	175,4831
2022-03-29	00:20:00		60	0	0	0	0	0	0	0	0	0	0	0	0	0	0	0	0	0	0	0	0	0,0000	0,0000	175,4831
2022-03-29	00:21:00		60	0	0	0	0	0	0	0	0	0	0	0	0	0	0	0	0	0	0	0	0	0,0000	0,0000	175,4831
2022-03-29	00:22:00		60	0	0	0	0	0	0	0	0	0	0	0	0	0	0	0	0	0	0	0	0	0,0000	0,0000	175,4831
2022-03-29	00:23:00		60	0	0	0	0	0	0	0	0	0	0	0	0	0	0	0	0	0	0	0	0	0,0000	0,0000	175,4831
2022-03-29	00:24:00		60	0	0	0	0	0	0	0	0	0	0	0	0	0	0	0	0	0	0	0	0	0,0000	0,0000	175,4831
2022-03-29	00:25:00		60	0	0	0	0	0	0	0	0	0	0	0	0	0	0	0	0	0	0	0	0	0,0000	0,0000	175,4831
2022-03-29	00:26:00		60	0	0	0	0	0	0	0	0	0	0	0	0	0	0	0	0	0	0	0	0	0,0000	0,0000	175,4831
2022-03-29	00:27:00		60	0	0	0	0	0	0	0	0	0	0	0	0	0	0	0	0	0	0	0	0	0,0000	0,0000	175,4831
2022-03-29	00:28:00		60	0	0	0	0	0	0	0	0	0	0	0	0	0	0	0	0	0	0	0	0	0,0000	0,0000	175,4831
2022-03-29	00:29:00		60	0	0	0	0	0	0	0	0	0	0	0	0	0	0	0	0	0	0	0	0	0,0000	0,0000	175,4831
2022-03-29	00:30:00		60	0	0	0	0	0	0	0	0	0	0	0	0	0	0	0	0	0	0	0	0	0,0000	0,0000	175,4831
2022-03-29	00:31:00		60	0	0	0	0	0	0	0	0	0	0	0	0	0	0	0	0	0	0	0	0	0,0000	0,0000	175,4831
2022-03-29	00:32:00		60	0	0	0	0	0	0	0	0	0	0	0	0	0	0	0	0	0	0	0	0	0,0000	0,0000	175,4831
2022-03-29	00:33:00		60	0	0	0	0	0	0	0	0	0	0	0	1	0	0	0	0	0	0	0	0	0,0724	0,0012	175,4843
2022-03-29	00:34:00		60	0	0	0	0	0	0	0	0	0	0	0	0	0	0	0	0	0	0	0	0	0,0000	0,0000	175,4843
2022-03-29	00:35:00		60	1	0	0	0	0	0	1	0	0	0	0	0	0	0	0	0	0	0	0	0	0,0090	0,0002	175,4845
2022-03-29	00:36:00		60	3	0	1	0	0	1	1	5	1	1	0	0	0	0	0	0	0	0	0	0	0,1400	0,0023	175,4868
2022-03-29	00:37:00		60	1	1	1	1	1	3	3	3	2	1	0	1	0	0	0	0	0	0	0	0	0,2359	0,0039	175,4907
2022-03-29	00:38:00		60	2	3	3	3	1	6	7	2	2	0	1	0	0	0	0	0	0	0	0	0	0,2200	0,0037	175,4944
2022-03-29	00:39:00		60	10	0	7	9	10	10	13	4	6	0	2	1	0	0	0	0	0	0	0	0	0,5647	0,0094	175,5038
2022-03-29	00:40:00		60	4	4	5	12	11	24	25	9	3	4	2	0	0	0	0	0	0	0	0	0	0,7964	0,0133	175,5171
2022-03-29	00:41:00		60	9	7	7	5	14	24	31	21	7	8	10	1	0	0	0	0	0	0	0	0	1,6538	0,0276	175,5446
2022-03-29	00:42:00		60	32	13	3	13	22	27	31	18	10	9	9	2	0	0	0	0	0	0	0	0	1,7888	0,0298	175,5744
2022-03-29	00:43:00		60	28	18	19	15	10	32	29	19	9	9	6	4	0	0	0	0	0	0	0	0	1,7893	0,0298	175,6043
2022-03-29	00:44:00		60	31	10	13	15	14	22	22	12	9	10	10	0	1	1	1	0	0	0	0	0	1,9553	0,0326	175,6369
2022-03-29	00:45:00		60	41	27	12	13	13	13	20	20	7	5	13	1	3	0	0	0	0	0	0	0	1,8980	0,0316	175,6685
2022-03-29	00:46:00		60	36	16	19	12	12	18	18	5	7	4	5	5	1	0	0	0	0	0	0	0	1,3695	0,0228	175,6913
2022-03-29	00:47:00		60	31	14	10	10	11	11	13	14	8	6	7	3	0	0	0	0	0	0	0	0	1,3212	0,0220	175,7133
2022-03-29	00:48:00		60	32	22	10	9	6	16	12	12	11	3	9	1	2	1	0	0	0	0	0	0	1,5811	0,0264	175,7397
2022-03-29	00:49:00		60	22	17	11	17	6	10	12	9	9	4	1	3	1	0	0	0	0	0	0	0	1,0402	0,0173	175,7570
2022-03-29	00:50:00		60	29	16	16	16	12	24	12	15	5	8	8	4	1	1	0	0	0	0	0	0	1,7766	0,0296	175,7866
2022-03-29	00:51:00		60	25	5	9	16	10	17	22	7	5	6	2	0	1	0	0	0	0	0	0	0	0,9316	0,0155	175,8022
2022-03-29	00:52:00		60	26	7	5	7	3	5	16	6	5	5	2	0	0	0	0	0	0	0	0	0	0,6307	0,0105	175,8127
2022-03-29	00:53:00		60	36	9	10	9	2	12	14	11	5	3	3	5	1	1	0	0	0	0	0	0	1,3357	0,0223	175,8349
2022-03-29	00:54:00		60	33	13	6	9	6	8	13	10	3	3	2	3	0	0	0	0	0	0	0	0	0,8133	0,0136	175,8485
2022-03-29	00:55:00		60	14	6	4	7	2	9	9	6	3	3	2	2	1	0	0	0	0	0	0	0	0,7330	0,0122	175,8607
2022-03-29	00:56:00		60	9	7	4	4	4	5	8	5	5	4	1	2	0	0	0	0	0	0	0	0	0,6095	0,0102	175,8709
2022-03-29	00:57:00		60	8	4	0	2	3	4	8	7	5	1	1	0	0	0	0	0	0	0	0	0	0,3898	0,0065	175,8774
2022-03-29	00:58:00		60	13	4	5	11	3	11	15	8	4	1	4	1	0	0	0	0	0	0	0	0	0,7046	0,0117	175,8891
2022-03-29	00:59:00		60	10	4	5	6	11	16	15	10	3	2	3	0	0	0	0	0	0	0	0	0	0,6627	0,0110	175,9001
2022-03-29	01:00:00		60	11	7	10	9	10	14	19	11	7	3	3	0	0	0	0	0	0	0	0	0	0,8274	0,0138	175,9139
2022-03-29	01:01:00		60	10	11	13	20	5	17	25	11	1	4	2	1	0	0	0	0	0	0	0	0	0,8333	0,0139	175,9278
2022-03-29	01:02:00		60	10	9	9	20	13	18	15	9	2	2	1	0	0	0	0	0	0	0	0	0	0,5859	0,0098	175,9376
2022-03-29	01:03:00		60	12	16	17	8	14	21	23	11	7	3	1	0	0	0	0	0	0	0	0	0	0,8307	0,0138	175,9514
2022-03-29	01:04:00		60	21	13	11	15	16	30	30	10	5	8	3	4	0	0	0	0	0	0	0	0	1,4124	0,0235	175,9750
2022-03-29	01:05:00		60	18	14	23	22	13	24	31	20	7	4	5	3	0	0	0	0	0	0	0	0	1,4991	0,0250	176,0000
2022-03-29	01:06:00		60	20	16	18	21	14	32	22	17	6	7	6	3	0	0	0	0	0	0	0	0	1,5214	0,0254	176,0253
2022-03-29	01:07:00		60	13	17	8	18	14	18	24	17	10	4	7	1	0	0	0	0	0	0	0	0	1,3525	0,0225	176,0479
2022-03-29	01:08:00		60	31	13	6	13	7	14	11	15	11	5	3	0	0	0	0	0	0	0	0	0	0,9643	0,0161	176,0639
2022-03-29	01:09:00		60	22	9	11	13	14	16	17	7	3	3	6	2	0	0	0	0	0	0	0	0	0,9751	0,0163	176,0802
2022-03-29	01:10:00		60	22	5	11	26	14	21	29	5	9	3	4	2	1	0	0	0	0	0	0	0	1,2442	0,0207	176,1009
2022-03-29	01:11:00		60	29	12	12	22	12	15	16	7	7	6	2	2	0	0	0	0	0	0	0	0	0,9738	0,0162	176,1171
2022-03-29	01:12:00		60	19	7	11	15	14	14	21	7	3	3	4	1	1	0	0	0	0	0	0	0	0,9501	0,0158	176,1330
2022-03-29	01:13:00		60	18	9	15	10	6	9	9	11	2	4	2	1	0	0	0	0	0	0	0	0	0,6651	0,0111	176,1441
2022-03-29	01:14:00		60	17	13	12	4	5	11	8	13	3	6	5	0	0	0	0	0	0	0	0	0	0,8198	0,0137	176,1577
2022-03-29	01:15:00		60	23	9	11	7	5	12	15	6	2	5	3	3	0	0	0	0	0	0	0	0	0,8646	0,0144	176,1721
2022-03-29	01:16:00		60	9	11	13	13	4	5	23	9	1	4	2	1	1	0	0	0	0	0	0	0	0,8216	0,0137	176,1858
2022-03-29	01:17:00		60	17	9	8	6	9	15	20	8	6	3	4	6	0	0	0	0	0	0	0	0	1,2462	0,0208	176,2066
2022-03-29	01:18:00		60	18	10	12	9	2	5	13	5	6	1	2	2	0	0	1	0	0	0	0	0	0,8530	0,0142	176,2208
2022-03-29	01:19:00		60	14	6	6	8	4	11	19	10	6	2	4	1	0	0	0	0	0	0	0	0	0,8412	0,0140	176,2348
2022-03-29	01:20:00		60	17	7	5	4	2	7	7	8	7	3	2	1	0	0	0	0	0	0	0	0	0,6378	0,0106	176,2455
2022-03-29	01:21:00		60	17	6	1	4	2	15	7	6	1	3	5	0	0	0	0	0	0	0	0	0	0,5722	0,0095	176,2550
2022-03-29	01:22:00		60	12	4	5	5	4	4	14	4	3	3	1	4	0	0	0	0	0	0	0	0	0,7172	0,0120	176,2670
2022-03-29	01:23:00		60	9	0	3	4	1	4	7	9	5	5	3	1	0	0	0	0	0	0	0	0	0,6858	0,0114	176,2784
2022-03-29	01:24:00		60	17	4	6	6	2	6	6	3	3	2	4	1	0	0	0	0	0	0	0	0	0,5260	0,0088	176,2872
2022-03-29	01:25:00		60	10	3	2	6	1	4	6	4	3	3	4	2	0	0	0	0	0	0	0	0	0,6230	0,0104	176,2975
2022-03-29	01:26:00		60	6	2	4	4	4	8	17	2	1	0	4	1	0	0	0	0	0	0	0	0	0,5117	0,0085	176,3061
2022-03-29	01:27:00		60	7	0	2	6	1	4	11	6	3	1	0	0	0	0	0	0	0	0	0	0	0,3151	0,0053	176,3113
2022-03-29	01:28:00		60	12	0	7	2	4	6	8	2	2	2	3	0	0	0	0	0	0	0	0	0	0,3868	0,0064	176,3178
2022-03-29	01:29:00		60	9	4	2	2	2	3	5	6	4	4	0	0	0	0	0	0	0	0	0	0	0,3651	0,0061	176,3239
2022-03-29	01:30:00		60	8	2	1	0	5	4	3	7	2	4	1	1	0	0	0	0	0	0	0	0	0,4433	0,0074	176,3312
2022-03-29	01:31:00		60	5	3	1	3	2	5	3	7	3	0	1	0	0	0	0	0	0	0	0	0	0,2775	0,0046	176,3359
2022-03-29	01:32:00		60	2	2	0	2	2	1	7	4	1	3	2	0	0	0	0	0	0	0	0	0	0,3326	0,0055	176,3414
2022-03-29	01:33:00		60	4	6	4	0	4	1	1	5	2	4	2	0	0	0	0	0	0	0	0	0	0,3548	0,0059	176,3473
2022-03-29	01:34:00		60	4	2	4	2	3	4	5	2	2	3	1	1	1	0	0	0	0	0	0	0	0,4658	0,0078	176,3551
2022-03-29	01:35:00		60	6	1	2	2	1	2	4	3	2	4	2	2	0	0	0	0	0	0	0	0	0,4914	0,0082	176,3633
2022-03-29	01:36:00		60	6	1	4	3	2	8	4	2	1	0	2	0	0	0	0	0	0	0	0	0	0,2297	0,0038	176,3671
2022-03-29	01:37:00		60	4	1	7	6	3	5	10	5	3	1	2	0	0	0	0	0	0	0	0	0	0,3949	0,0066	176,3737
2022-03-29	01:38:00		60	4	3	1	3	3	3	8	5	6	1	1	0	0	0	0	0	0	0	0	0	0,3779	0,0063	176,3800
2022-03-29	01:39:00		60	4	3	0	2	4	7	8	4	4	3	1	0	0	0	0	0	0	0	0	0	0,3974	0,0066	176,3866
2022-03-29	01:40:00		60	5	3	2	4	5	4	9	8	0	1	0	1	0	0	0	0	0	0	0	0	0,3445	0,0057	176,3924
2022-03-29	01:41:00		60	4	5	2	4	1	4	8	7	1	1	1	0	0	0	0	0	0	0	0	0	0,3033	0,0051	176,3974
2022-03-29	01:42:00		60	1	1	2	7	2	8	7	5	1	1	1	0	0	0	0	0	0	0	0	0	0,2890	0,0048	176,4022
2022-03-29	01:43:00		60	2	1	3	7	3	3	6	5	4	5	0	1	0	0	0	0	0	0	0	0	0,4695	0,0078	176,4101
2022-03-29	01:44:00		60	4	1	1	5	2	9	9	2	1	1	2	0	0	0	0	0	0	0	0	0	0,3070	0,0051	176,4152
2022-03-29	01:45:00		60	4	1	1	5	2	7	7	9	2	2	1	0	0	0	0	0	0	0	0	0	0,3902	0,0065	176,4217
2022-03-29	01:46:00		60	2	1	3	5	2	11	7	3	5	1	0	0	0	0	0	0	0	0	0	0	0,3134	0,0052	176,4269
2022-03-29	01:47:00		60	3	5	5	4	2	8	5	2	1	1	0	0	0	0	0	0	0	0	0	0	0,1840	0,0031	176,4300
2022-03-29	01:48:00		60	4	4	4	5	5	4	6	5	1	0	2	0	0	0	0	0	0	0	0	0	0,2859	0,0048	176,4347
2022-03-29	01:49:00		60	6	4	2	2	6	8	14	4	1	2	0	0	0	0	0	0	0	0	0	0	0,3263	0,0054	176,4402
2022-03-29	01:50:00		60	2	2	3	6	7	6	11	0	1	1	1	0	0	0	0	0	0	0	0	0	0,2549	0,0042	176,4444
2022-03-29	01:51:00		60	6	4	8	4	5	5	2	2	3	0	0	0	0	0	0	0	0	0	0	0	0,1694	0,0028	176,4472
2022-03-29	01:52:00		60	3	3	2	3	4	6	5	2	2	0	1	0	0	0	0	0	0	0	0	0	0,2104	0,0035	176,4507
2022-03-29	01:53:00		60	2	1	4	9	2	5	9	4	2	1	0	0	0	0	0	0	0	0	0	0	0,2608	0,0043	176,4551
2022-03-29	01:54:00		60	0	4	7	5	3	4	10	3	2	0	0	0	0	0	0	0	0	0	0	0	0,2211	0,0037	176,4588
2022-03-29	01:55:00		60	3	5	3	6	2	6	5	0	1	1	0	0	0	0	0	0	0	0	0	0	0,1462	0,0024	176,4612
2022-03-29	01:56:00		60	1	2	4	1	7	3	5	1	1	1	0	0	0	0	0	0	0	0	0	0	0,1509	0,0025	176,4637
2022-03-29	01:57:00		60	2	1	3	3	2	2	9	1	0	0	0	0	0	0	0	0	0	0	0	0	0,1184	0,0020	176,4657
2022-03-29	01:58:00		60	3	3	4	4	2	3	3	0	1	0	0	0	0	0	0	0	0	0	0	0	0,0817	0,0014	176,4671
2022-03-29	01:59:00		60	8	1	3	4	2	4	4	1	0	0	0	0	0	0	0	0	0	0	0	0	0,0878	0,0015	176,4685
2022-03-29	02:00:00		60	7	1	1	2	2	7	4	0	0	0	0	0	0	0	0	0	0	0	0	0	0,0814	0,0014	176,4699
2022-03-29	02:01:00		60	1	4	4	2	3	7	4	0	0	0	0	0	0	0	0	0	0	0	0	0	0,0875	0,0015	176,4713
2022-03-29	02:02:00		60	3	0	5	4	2	5	1	1	1	0	0	0	0	0	0	0	0	0	0	0	0,0879	0,0015	176,4728
2022-03-29	02:03:00		60	1	4	3	1	1	2	2	0	0	0	0	0	0	0	0	0	0	0	0	0	0,0375	0,0006	176,4734
2022-03-29	02:04:00		60	5	1	3	5	3	7	3	0	0	0	0	0	0	0	0	0	0	0	0	0	0,0824	0,0014	176,4748
2022-03-29	02:05:00		60	2	4	2	2	1	2	2	2	0	0	0	0	0	0	0	0	0	0	0	0	0,0681	0,0011	176,4759
2022-03-29	02:06:00		60	3	2	4	6	4	6	7	0	0	0	0	0	0	0	0	0	0	0	0	0	0,1182	0,0020	176,4779
2022-03-29	02:07:00		60	3	2	3	3	3	9	4	0	0	0	0	0	0	0	0	0	0	0	0	0	0,0971	0,0016	176,4795
2022-03-29	02:08:00		60	0	3	1	3	8	6	4	0	0	0	0	0	0	0	0	0	0	0	0	0	0,0948	0,0016	176,4811
2022-03-29	02:09:00		60	3	2	2	3	8	8	4	3	0	0	0	0	0	0	0	0	0	0	0	0	0,1502	0,0025	176,4836
2022-03-29	02:10:00		60	6	4	0	4	7	6	1	0	0	0	0	0	0	0	0	0	0	0	0	0	0,0688	0,0011	176,4848
2022-03-29	02:11:00		60	2	3	1	8	12	13	2	0	0	0	0	0	0	0	0	0	0	0	0	0	0,1318	0,0022	176,4870
2022-03-29	02:12:00		60	1	4	3	2	1	1	2	0	0	0	0	0	0	0	0	0	0	0	0	0	0,0345	0,0006	176,4875
2022-03-29	02:13:00		60	3	4	5	7	4	12	1	0	0	0	0	0	0	0	0	0	0	0	0	0	0,0985	0,0016	176,4892
2022-03-29	02:14:00		60	1	5	5	6	11	5	3	0	0	0	0	0	0	0	0	0	0	0	0	0	0,1009	0,0017	176,4908
2022-03-29	02:15:00		60	1	7	7	8	12	8	3	0	0	0	0	0	0	0	0	0	0	0	0	0	0,1250	0,0021	176,4929
2022-03-29	02:16:00		60	2	5	3	15	10	12	1	0	0	0	0	0	0	0	0	0	0	0	0	0	0,1282	0,0021	176,4951
2022-03-29	02:17:00		60	4	8	8	19	11	11	2	0	0	0	0	0	0	0	0	0	0	0	0	0	0,1498	0,0025	176,4976
2022-03-29	02:18:00		60	3	13	14	12	7	4	1	0	0	0	0	0	0	0	0	0	0	0	0	0	0,0926	0,0015	176,4991
2022-03-29	02:19:00		60	1	8	20	11	7	11	9	0	0	0	0	0	0	0	0	0	0	0	0	0	0,1969	0,0033	176,5024
2022-03-29	02:20:00		60	4	15	13	22	14	7	2	1	1	0	0	0	0	0	0	0	0	0	0	0	0,1903	0,0032	176,5056
2022-03-29	02:21:00		60	9	20	18	25	3	3	5	0	0	0	0	0	0	0	0	0	0	0	0	0	0,1444	0,0024	176,5080
2022-03-29	02:22:00		60	6	22	12	23	11	8	0	0	0	0	0	0	0	0	0	0	0	0	0	0	0,1381	0,0023	176,5103
2022-03-29	02:23:00		60	8	24	24	28	11	8	0	0	0	0	0	0	0	0	0	0	0	0	0	0	0,1614	0,0027	176,5130
2022-03-29	02:24:00		60	17	25	18	16	9	10	3	0	0	0	0	0	0	0	0	0	0	0	0	0	0,1670	0,0028	176,5157
2022-03-29	02:25:00		60	21	28	16	22	8	9	7	0	0	0	0	0	0	0	0	0	0	0	0	0	0,2057	0,0034	176,5192
2022-03-29	02:26:00		60	17	13	13	13	13	13	3	0	0	0	0	0	0	0	0	0	0	0	0	0	0,1752	0,0029	176,5221
2022-03-29	02:27:00		60	17	16	8	11	10	6	2	0	0	0	0	0	0	0	0	0	0	0	0	0	0,1173	0,0020	176,5240
2022-03-29	02:28:00		60	12	11	8	8	0	1	0	0	0	0	0	0	0	0	0	0	0	0	0	0	0,0374	0,0006	176,5247
2022-03-29	02:29:00		60	8	5	7	7	3	0	1	0	0	0	0	0	0	0	0	0	0	0	0	0	0,0424	0,0007	176,5254
2022-03-29	02:30:00		60	6	8	4	10	4	2	1	0	0	0	0	0	0	0	0	0	0	0	0	0	0,0582	0,0010	176,5263
2022-03-29	02:31:00		60	3	10	19	4	3	3	0	0	0	0	0	0	0	0	0	0	0	0	0	0	0,0568	0,0009	176,5273
2022-03-29	02:32:00		60	4	6	10	2	1	2	0	0	0	0	0	0	0	0	0	0	0	0	0	0	0,0312	0,0005	176,5278
2022-03-29	02:33:00		60	5	12	5	4	1	10	33	4	0	0	0	0	0	0	0	0	0	0	0	0	0,4191	0,0070	176,5348
2022-03-29	02:34:00		60	7	7	10	2	5	13	36	0	0	0	0	0	0	0	0	0	0	0	0	0	0,4112	0,0069	176,5417
2022-03-29	02:35:00		60	3	10	2	3	7	17	4	0	0	0	0	0	0	0	0	0	0	0	0	0	0,1506	0,0025	176,5442
2022-03-29	02:36:00		60	9	11	2	7	12	14	0	0	0	0	0	0	0	0	0	0	0	0	0	0	0,1251	0,0021	176,5462
2022-03-29	02:37:00		60	4	9	2	11	4	5	0	0	0	0	0	0	0	0	0	0	0	0	0	0	0,0635	0,0011	176,5473
2022-03-29	02:38:00		60	5	8	9	18	12	5	1	0	0	0	0	0	0	0	0	0	0	0	0	0	0,1148	0,0019	176,5492
2022-03-29	02:39:00		60	4	6	8	13	5	5	0	0	0	0	0	0	0	0	0	0	0	0	0	0	0,0745	0,0012	176,5505
2022-03-29	02:40:00		60	4	11	15	28	6	4	3	0	0	0	0	0	0	0	0	0	0	0	0	0	0,1357	0,0023	176,5527
2022-03-29	02:41:00		60	13	10	18	13	3	13	5	0	0	0	0	0	0	0	0	0	0	0	0	0	0,1661	0,0028	176,5555
2022-03-29	02:42:00		60	10	12	11	3	10	13	1	0	0	0	0	0	0	0	0	0	0	0	0	0	0,1266	0,0021	176,5576
2022-03-29	02:43:00		60	7	8	4	6	3	10	1	0	0	0	0	0	0	0	0	0	0	0	0	0	0,0868	0,0014	176,5590
2022-03-29	02:44:00		60	5	13	9	5	1	0	0	0	0	0	0	0	0	0	0	0	0	0	0	0	0,0304	0,0005	176,5596
2022-03-29	02:45:00		60	16	22	9	1	0	0	0	0	0	0	0	0	0	0	0	0	0	0	0	0	0,0289	0,0005	176,5600
2022-03-29	02:46:00		60	12	10	1	2	2	0	0	0	0	0	0	0	0	0	0	0	0	0	0	0	0,0198	0,0003	176,5604
2022-03-29	02:47:00		60	15	12	3	1	0	0	0	0	0	0	0	0	0	0	0	0	0	0	0	0	0,0164	0,0003	176,5606
2022-03-29	02:48:00		60	5	13	3	0	0	0	0	0	0	0	0	0	0	0	0	0	0	0	0	0	0,0123	0,0002	176,5608
2022-03-29	02:49:00		60	15	12	0	0	0	0	0	0	0	0	0	0	0	0	0	0	0	0	0	0	0,0115	0,0002	176,5610
2022-03-29	02:50:00		60	7	1	0	0	0	0	0	0	0	0	0	0	0	0	0	0	0	0	0	0	0,0026	0,0000	176,5611
2022-03-29	02:51:00		60	8	1	0	0	0	0	0	0	0	0	0	0	0	0	0	0	0	0	0	0	0,0029	0,0000	176,5611
2022-03-29	02:52:00		60	6	2	4	0	0	0	0	0	0	0	0	0	0	0	0	0	0	0	0	0	0,0071	0,0001	176,5612
2022-03-29	02:53:00		60	3	1	1	0	0	0	0	0	0	0	0	0	0	0	0	0	0	0	0	0	0,0025	0,0000	176,5613
2022-03-29	02:54:00		60	3	4	0	0	0	0	0	0	0	0	0	0	0	0	0	0	0	0	0	0	0,0032	0,0001	176,5613
2022-03-29	02:55:00		60	5	2	0	0	0	0	0	0	0	0	0	0	0	0	0	0	0	0	0	0	0,0026	0,0000	176,5614
2022-03-29	02:56:00		60	4	0	0	0	0	0	0	0	0	0	0	0	0	0	0	0	0	0	0	0	0,0012	0,0000	176,5614
2022-03-29	02:57:00		60	0	0	0	0	0	0	0	0	0	0	0	0	0	0	0	0	0	0	0	0	0,0000	0,0000	176,5614
2022-03-29	02:58:00		60	0	0	0	0	0	0	0	0	0	0	0	0	0	0	0	0	0	0	0	0	0,0000	0,0000	176,5614
2022-03-29	02:59:00		60	0	0	0	0	0	0	0	0	0	0	0	0	0	0	0	0	0	0	0	0	0,0000	0,0000	176,5614
2022-03-29	03:00:00		60	0	0	0	0	0	0	0	0	0	0	0	0	0	0	0	0	0	0	0	0	0,0000	0,0000	176,5614
2022-03-29	03:01:00		60	3	0	1	0	0	0	0	0	0	0	0	0	0	0	0	0	0	0	0	0	0,0019	0,0000	176,5614
2022-03-29	03:02:00		60	0	0	0	0	0	0	0	0	0	0	0	0	0	0	0	0	0	0	0	0	0,0000	0,0000	176,5614
2022-03-29	03:03:00		60	1	0	1	0	0	0	0	0	0	0	0	0	0	0	0	0	0	0	0	0	0,0013	0,0000	176,5615
2022-03-29	03:04:00		60	2	0	1	0	0	0	0	0	0	0	0	0	0	0	0	0	0	0	0	0	0,0016	0,0000	176,5615
2022-03-29	03:05:00		60	7	1	0	0	0	0	0	0	0	0	0	0	0	0	0	0	0	0	0	0	0,0026	0,0000	176,5615
2022-03-29	03:06:00		60	0	0	0	0	0	0	0	0	0	0	0	0	0	0	0	0	0	0	0	0	0,0000	0,0000	176,5615
2022-03-29	03:07:00		60	0	0	0	0	0	0	0	0	0	0	0	0	0	0	0	0	0	0	0	0	0,0000	0,0000	176,5615
2022-03-29	03:08:00		60	0	0	0	0	0	0	0	0	0	0	0	0	0	0	0	0	0	0	0	0	0,0000	0,0000	176,5615
2022-03-29	03:09:00		60	6	2	1	1	0	0	0	0	0	0	0	0	0	0	0	0	0	0	0	0	0,0058	0,0001	176,5616
2022-03-29	03:10:00		60	28	2	0	1	0	0	0	0	0	0	0	0	0	0	0	0	0	0	0	0	0,0111	0,0002	176,5618
2022-03-29	03:11:00		60	10	77	0	0	0	0	0	0	0	0	0	0	0	0	0	0	0	0	0	0	0,0485	0,0008	176,5626
2022-03-29	03:12:00		60	14	35	0	0	0	1	0	0	0	0	0	0	0	0	0	0	0	0	0	0	0,0296	0,0005	176,5631
2022-03-29	03:13:00		60	0	2	2	0	0	0	0	0	0	0	0	0	0	0	0	0	0	0	0	0	0,0033	0,0001	176,5632
2022-03-29	03:14:00		60	0	0	0	0	0	0	0	0	0	0	0	0	0	0	0	0	0	0	0	0	0,0000	0,0000	176,5632
2022-03-29	03:15:00		60	0	0	0	0	0	0	0	0	0	0	0	0	0	0	0	0	0	0	0	0	0,0000	0,0000	176,5632
2022-03-29	03:16:00		60	0	0	0	0	0	0	0	0	0	0	0	0	0	0	0	0	0	0	0	0	0,0000	0,0000	176,5632
2022-03-29	03:17:00		60	0	0	0	0	0	0	0	0	0	0	0	0	0	0	0	0	0	0	0	0	0,0000	0,0000	176,5632
2022-03-29	03:18:00		60	0	0	0	0	0	0	0	0	0	0	0	0	0	0	0	0	0	0	0	0	0,0000	0,0000	176,5632
2022-03-29	03:19:00		60	0	0	0	0	0	0	0	0	0	0	0	0	0	0	0	0	0	0	0	0	0,0000	0,0000	176,5632
2022-03-29	03:20:00		60	0	0	0	0	0	0	0	0	0	0	0	0	0	0	0	0	0	0	0	0	0,0000	0,0000	176,5632
2022-03-29	03:21:00		60	0	0	0	0	0	0	0	0	0	0	0	0	0	0	0	0	0	0	0	0	0,0000	0,0000	176,5632
2022-03-29	03:22:00		60	0	0	0	0	0	0	0	0	0	0	0	0	0	0	0	0	0	0	0	0	0,0000	0,0000	176,5632
2022-03-29	03:23:00		60	0	0	0	0	0	0	0	0	0	0	0	0	0	0	0	0	0	0	0	0	0,0000	0,0000	176,5632
2022-03-29	03:24:00		60	0	0	0	0	0	0	0	0	0	0	0	0	0	0	0	0	0	0	0	0	0,0000	0,0000	176,5632
2022-03-29	03:25:00		60	0	0	0	0	0	0	0	0	0	0	0	0	0	0	0	0	0	0	0	0	0,0000	0,0000	176,5632
2022-03-29	03:26:00		60	0	0	0	0	0	0	0	0	0	0	0	0	0	0	0	0	0	0	0	0	0,0000	0,0000	176,5632
2022-03-29	03:27:00		60	0	0	0	0	0	0	0	0	0	0	0	0	0	0	0	0	0	0	0	0	0,0000	0,0000	176,5632
2022-03-29	03:28:00		60	0	0	0	0	0	0	0	0	0	0	0	0	0	0	0	0	0	0	0	0	0,0000	0,0000	176,5632
2022-03-29	03:29:00		60	0	0	0	0	0	0	0	0	0	0	0	0	0	0	0	0	0	0	0	0	0,0000	0,0000	176,5632
2022-03-29	03:30:00		60	0	0	0	0	0	0	0	0	0	0	0	0	0	0	0	0	0	0	0	0	0,0000	0,0000	176,5632
2022-03-29	03:31:00		60	0	0	0	0	0	0	0	0	0	0	0	0	0	0	0	0	0	0	0	0	0,0000	0,0000	176,5632
2022-03-29	03:32:00		60	0	0	0	0	0	0	0	0	0	0	0	0	0	0	0	0	0	0	0	0	0,0000	0,0000	176,5632
2022-03-29	03:33:00		60	2	17	4	0	0	0	0	0	0	0	0	0	0	0	0	0	0	0	0	0	0,0148	0,0002	176,5634
2022-03-29	03:34:00		60	6	42	3	1	4	7	70	60	38	14	2	0	0	0	0	0	0	0	0	0	2,8862	0,0481	176,6115
2022-03-29	03:35:00		60	2	11	83	87	26	44	91	55	42	5	2	0	0	0	0	0	0	0	0	0	3,2777	0,0546	176,6661
2022-03-29	03:36:00		60	10	228	219	45	5	7	18	0	0	0	0	0	0	0	0	0	0	0	0	0	0,6529	0,0109	176,6770
2022-03-29	03:37:00		60	86	291	217	90	3	2	0	0	0	0	0	0	0	0	0	0	0	0	0	0	0,6032	0,0101	176,6871
2022-03-29	03:38:00		60	101	353	207	15	0	0	0	0	0	0	0	0	0	0	0	0	0	0	0	0	0,4825	0,0080	176,6951
2022-03-29	03:39:00		60	53	103	41	0	0	0	0	0	0	0	0	0	0	0	0	0	0	0	0	0	0,1195	0,0020	176,6971
2022-03-29	03:40:00		60	60	5	0	0	0	0	0	0	0	0	0	0	0	0	0	0	0	0	0	0	0,0204	0,0003	176,6975
2022-03-29	03:41:00		60	7	0	0	0	0	0	0	0	0	0	0	0	0	0	0	0	0	0	0	0	0,0020	0,0000	176,6975
2022-03-29	03:42:00		60	0	0	0	0	0	0	0	0	0	0	0	0	0	0	0	0	0	0	0	0	0,0000	0,0000	176,6975
2022-03-29	03:43:00		60	0	0	0	0	0	0	0	0	0	0	0	0	0	0	0	0	0	0	0	0	0,0000	0,0000	176,6975
2022-03-29	03:44:00		60	4	0	0	0	0	0	0	0	0	0	0	0	0	0	0	0	0	0	0	0	0,0012	0,0000	176,6975
2022-03-29	03:45:00		60	0	0	0	0	0	0	0	0	0	0	0	0	0	0	0	0	0	0	0	0	0,0000	0,0000	176,6975
2022-03-29	03:46:00		60	0	0	0	0	1	1	0	0	0	0	0	0	0	0	0	0	0	0	0	0	0,0077	0,0001	176,6976
2022-03-29	03:47:00		60	0	0	15	37	5	0	0	0	0	0	0	0	0	0	0	0	0	0	0	0	0,0958	0,0016	176,6992
2022-03-29	03:48:00		60	4	67	97	15	0	0	0	0	0	0	0	0	0	0	0	0	0	0	0	0	0,1694	0,0028	176,7021
2022-03-29	03:49:00		60	8	26	0	0	0	0	0	0	0	0	0	0	0	0	0	0	0	0	0	0	0,0177	0,0003	176,7023
2022-03-29	03:50:00		60	33	1	0	0	0	0	0	0	0	0	0	0	0	0	0	0	0	0	0	0	0,0102	0,0002	176,7025
2022-03-29	03:51:00		60	26	0	0	0	0	0	0	0	0	0	0	0	0	0	0	0	0	0	0	0	0,0076	0,0001	176,7026
2022-03-29	03:52:00		60	10	0	0	0	0	0	0	0	0	0	0	0	0	0	0	0	0	0	0	0	0,0029	0,0000	176,7027
2022-03-29	03:53:00		60	0	0	0	0	0	0	0	0	0	0	0	0	0	0	0	0	0	0	0	0	0,0000	0,0000	176,7027
2022-03-29	03:54:00		60	0	0	0	0	0	0	0	0	0	0	0	0	0	0	0	0	0	0	0	0	0,0000	0,0000	176,7027
2022-03-29	03:55:00		60	0	0	0	0	0	0	0	0	0	0	0	0	0	0	0	0	0	0	0	0	0,0000	0,0000	176,7027
2022-03-29	03:56:00		60	0	0	0	0	0	0	0	0	0	0	0	0	0	0	0	0	0	0	0	0	0,0000	0,0000	176,7027
2022-03-29	03:57:00		60	0	0	0	0	0	0	0	0	0	0	0	0	0	0	0	0	0	0	0	0	0,0000	0,0000	176,7027
2022-03-29	03:58:00		60	0	0	0	0	0	0	0	0	0	0	0	0	0	0	0	0	0	0	0	0	0,0000	0,0000	176,7027
2022-03-29	03:59:00		60	0	0	0	0	0	0	0	0	0	0	0	0	0	0	0	0	0	0	0	0	0,0000	0,0000	176,7027
2022-03-29	04:00:00		60	5	0	0	0	0	0	0	0	0	0	0	0	0	0	0	0	0	0	0	0	0,0015	0,0000	176,7027
2022-03-29	04:01:00		60	0	0	0	0	0	0	0	0	0	0	0	0	0	0	0	0	0	0	0	0	0,0000	0,0000	176,7027
2022-03-29	04:02:00		60	0	0	0	0	0	0	0	0	0	0	0	0	0	0	0	0	0	0	0	0	0,0000	0,0000	176,7027
2022-03-29	04:03:00		60	0	0	0	0	0	0	0	0	0	0	0	0	0	0	0	0	0	0	0	0	0,0000	0,0000	176,7027
2022-03-29	04:04:00		60	0	0	0	0	0	0	0	0	0	0	0	0	0	0	0	0	0	0	0	0	0,0000	0,0000	176,7027
2022-03-29	04:05:00		60	0	0	0	0	0	0	0	0	0	0	0	0	0	0	0	0	0	0	0	0	0,0000	0,0000	176,7027
2022-03-29	04:06:00		60	0	0	0	0	0	0	0	0	0	0	0	0	0	0	0	0	0	0	0	0	0,0000	0,0000	176,7027
2022-03-29	04:07:00		60	0	0	0	0	0	0	0	0	0	0	0	0	0	0	0	0	0	0	0	0	0,0000	0,0000	176,7027
2022-03-29	04:08:00		60	0	0	0	0	0	0	0	0	0	0	0	0	0	0	0	0	0	0	0	0	0,0000	0,0000	176,7027
2022-03-29	04:09:00		60	0	0	0	0	0	0	0	0	0	0	0	0	0	0	0	0	0	0	0	0	0,0000	0,0000	176,7027
2022-03-29	04:10:00		60	0	0	0	0	0	0	0	0	0	0	0	0	0	0	0	0	0	0	0	0	0,0000	0,0000	176,7027
2022-03-29	04:11:00		60	0	0	0	0	0	0	0	0	0	0	0	0	0	0	0	0	0	0	0	0	0,0000	0,0000	176,7027
2022-03-29	04:12:00		60	0	0	0	0	0	0	0	0	0	0	0	0	0	0	0	0	0	0	0	0	0,0000	0,0000	176,7027
2022-03-29	04:13:00		60	0	0	0	0	0	0	0	0	0	0	0	0	0	0	0	0	0	0	0	0	0,0000	0,0000	176,7027
2022-03-29	04:14:00		60	0	0	0	0	0	0	0	0	0	0	0	0	0	0	0	0	0	0	0	0	0,0000	0,0000	176,7027
2022-03-29	04:15:00		60	0	0	0	0	0	0	0	0	0	0	0	0	0	0	0	0	0	0	0	0	0,0000	0,0000	176,7027
2022-03-29	04:16:00		60	0	0	0	0	0	0	0	0	0	0	0	0	0	0	0	0	0	0	0	0	0,0000	0,0000	176,7027
2022-03-29	04:17:00		60	0	0	0	0	0	0	0	0	0	0	0	0	0	0	0	0	0	0	0	0	0,0000	0,0000	176,7027
2022-03-29	04:18:00		60	0	0	0	0	0	0	0	0	0	0	0	0	0	0	0	0	0	0	0	0	0,0000	0,0000	176,7027
2022-03-29	04:19:00		60	0	0	0	0	0	0	0	0	0	0	0	0	0	0	0	0	0	0	0	0	0,0000	0,0000	176,7027
2022-03-29	04:20:00		60	0	0	0	0	0	0	0	0	0	0	0	0	0	0	0	0	0	0	0	0	0,0000	0,0000	176,7027
2022-03-29	04:21:00		60	0	0	0	0	0	0	0	0	0	0	0	0	0	0	0	0	0	0	0	0	0,0000	0,0000	176,7027
2022-03-29	04:22:00		60	0	0	0	0	0	0	0	0	0	0	0	0	0	0	0	0	0	0	0	0	0,0000	0,0000	176,7027
2022-03-29	04:23:00		60	0	0	0	0	0	0	0	0	0	0	0	0	0	0	0	0	0	0	0	0	0,0000	0,0000	176,7027
2022-03-29	04:24:00		60	0	0	0	0	0	0	0	0	0	0	0	0	0	0	0	0	0	0	0	0	0,0000	0,0000	176,7027
2022-03-29	04:25:00		60	0	0	0	0	0	0	0	0	0	0	0	0	0	0	0	0	0	0	0	0	0,0000	0,0000	176,7027
2022-03-29	04:26:00		60	0	0	0	0	0	0	0	0	0	0	0	0	0	0	0	0	0	0	0	0	0,0000	0,0000	176,7027
2022-03-29	04:27:00		60	0	0	0	0	0	0	0	0	0	0	0	0	0	0	0	0	0	0	0	0	0,0000	0,0000	176,7027
2022-03-29	04:28:00		60	0	0	0	0	0	0	0	0	0	0	0	0	0	0	0	0	0	0	0	0	0,0000	0,0000	176,7027
2022-03-29	04:29:00		60	0	0	0	0	0	0	0	0	0	0	0	0	0	0	0	0	0	0	0	0	0,0000	0,0000	176,7027
2022-03-29	04:30:00		60	0	0	0	0	0	0	0	0	0	0	0	0	0	0	0	0	0	0	0	0	0,0000	0,0000	176,7027
2022-03-29	04:31:00		60	0	0	0	0	0	0	0	0	0	0	0	0	0	0	0	0	0	0	0	0	0,0000	0,0000	176,7027
2022-03-29	04:32:00		60	0	0	0	0	0	0	0	0	0	0	0	0	0	0	0	0	0	0	0	0	0,0000	0,0000	176,7027
2022-03-29	04:33:00		60	0	0	0	0	0	0	0	0	0	0	0	0	0	0	0	0	0	0	0	0	0,0000	0,0000	176,7027
2022-03-29	04:34:00		60	0	0	0	0	0	0	0	0	0	0	0	0	0	0	0	0	0	0	0	0	0,0000	0,0000	176,7027
2022-03-29	04:35:00		60	0	0	0	0	0	0	0	0	0	0	0	0	0	0	0	0	0	0	0	0	0,0000	0,0000	176,7027
2022-03-29	04:36:00		60	0	0	0	0	0	0	0	0	0	0	0	0	0	0	0	0	0	0	0	0	0,0000	0,0000	176,7027
2022-03-29	04:37:00		60	0	0	0	0	0	0	0	0	0	0	0	0	0	0	0	0	0	0	0	0	0,0000	0,0000	176,7027
2022-03-29	04:38:00		60	0	0	0	0	0	0	0	0	0	0	0	0	0	0	0	0	0	0	0	0	0,0000	0,0000	176,7027
2022-03-29	04:39:00		60	0	0	0	0	0	0	0	0	0	0	0	0	0	0	0	0	0	0	0	0	0,0000	0,0000	176,7027
2022-03-29	04:40:00		60	0	0	0	0	0	0	0	0	0	0	0	0	0	0	0	0	0	0	0	0	0,0000	0,0000	176,7027
2022-03-29	04:41:00		60	0	0	0	0	0	0	0	0	0	0	0	0	0	0	0	0	0	0	0	0	0,0000	0,0000	176,7027
2022-03-29	04:42:00		60	0	0	0	0	0	0	0	0	0	0	0	0	0	0	0	0	0	0	0	0	0,0000	0,0000	176,7027
2022-03-29	04:43:00		60	0	0	0	0	0	0	0	0	0	0	0	0	0	0	0	0	0	0	0	0	0,0000	0,0000	176,7027
2022-03-29	04:44:00		60	0	0	0	0	0	0	0	0	0	0	0	0	0	0	0	0	0	0	0	0	0,0000	0,0000	176,7027
2022-03-29	04:45:00		60	0	0	0	0	0	0	0	0	0	0	0	0	0	0	0	0	0	0	0	0	0,0000	0,0000	176,7027
2022-03-29	04:46:00		60	0	0	0	0	0	0	0	0	0	0	0	0	0	0	0	0	0	0	0	0	0,0000	0,0000	176,7027
2022-03-29	04:47:00		60	0	0	0	0	0	0	0	0	0	0	0	0	0	0	0	0	0	0	0	0	0,0000	0,0000	176,7027
2022-03-29	04:48:00		60	0	0	0	0	0	0	0	0	0	0	0	0	0	0	0	0	0	0	0	0	0,0000	0,0000	176,7027
2022-03-29	04:49:00		60	0	0	0	0	0	0	0	0	0	0	0	0	0	0	0	0	0	0	0	0	0,0000	0,0000	176,7027
2022-03-29	04:50:00		60	0	0	0	0	0	0	0	0	0	0	0	0	0	0	0	0	0	0	0	0	0,0000	0,0000	176,7027
2022-03-29	04:51:00		60	0	0	0	0	0	0	0	0	0	0	0	0	0	0	0	0	0	0	0	0	0,0000	0,0000	176,7027
2022-03-29	04:52:00		60	0	0	0	0	0	0	0	0	0	0	0	0	0	0	0	0	0	0	0	0	0,0000	0,0000	176,7027
2022-03-29	04:53:00		60	0	0	0	0	0	0	0	0	0	0	0	0	0	0	0	0	0	0	0	0	0,0000	0,0000	176,7027
2022-03-29	04:54:00		60	0	0	0	0	0	0	0	0	0	0	0	0	0	0	0	0	0	0	0	0	0,0000	0,0000	176,7027
2022-03-29	04:55:00		60	0	0	0	0	0	0	0	0	0	0	0	0	0	0	0	0	0	0	0	0	0,0000	0,0000	176,7027
2022-03-29	04:56:00		60	0	0	0	0	0	0	0	0	0	0	0	0	0	0	0	0	0	0	0	0	0,0000	0,0000	176,7027
2022-03-29	04:57:00		60	0	0	0	0	0	0	0	0	0	0	0	0	0	0	0	0	0	0	0	0	0,0000	0,0000	176,7027
2022-03-29	04:58:00		60	0	0	0	0	0	0	0	0	0	0	0	0	0	0	0	0	0	0	0	0	0,0000	0,0000	176,7027
2022-03-29	04:59:00		60	6	0	0	0	0	0	0	0	0	0	0	0	0	0	0	0	0	0	0	0	0,0017	0,0000	176,7027
2022-03-29	05:00:00		60	0	0	0	0	0	0	0	0	0	0	0	0	0	0	0	0	0	0	0	0	0,0000	0,0000	176,7027
2022-03-29	05:01:00		60	0	0	0	0	0	0	0	0	0	0	0	0	0	0	0	0	0	0	0	0	0,0000	0,0000	176,7027
2022-03-29	05:02:00		60	0	0	0	0	0	0	0	0	0	0	0	0	0	0	0	0	0	0	0	0	0,0000	0,0000	176,7027
2022-03-29	05:03:00		60	0	0	0	0	0	0	0	0	0	0	0	0	0	0	0	0	0	0	0	0	0,0000	0,0000	176,7027
2022-03-29	05:04:00		60	0	0	0	0	0	0	0	0	0	0	0	0	0	0	0	0	0	0	0	0	0,0000	0,0000	176,7027
2022-03-29	05:05:00		60	0	0	0	0	0	0	0	0	0	0	0	0	0	0	0	0	0	0	0	0	0,0000	0,0000	176,7027
2022-03-29	05:06:00		60	0	0	0	0	0	0	0	0	0	0	0	0	0	0	0	0	0	0	0	0	0,0000	0,0000	176,7027
2022-03-29	05:07:00		60	0	0	0	0	0	0	0	0	0	0	0	0	0	0	0	0	0	0	0	0	0,0000	0,0000	176,7027
2022-03-29	05:08:00		60	0	0	0	0	0	0	0	0	0	0	0	0	0	0	0	0	0	0	0	0	0,0000	0,0000	176,7027
2022-03-29	05:09:00		60	0	0	0	0	0	0	0	0	0	0	0	0	0	0	0	0	0	0	0	0	0,0000	0,0000	176,7027
2022-03-29	05:10:00		60	0	0	0	0	0	0	0	0	0	0	0	0	0	0	0	0	0	0	0	0	0,0000	0,0000	176,7027
2022-03-29	05:11:00		60	0	0	0	0	0	0	0	0	0	0	0	0	0	0	0	0	0	0	0	0	0,0000	0,0000	176,7027
2022-03-29	05:12:00		60	0	0	0	0	0	0	0	0	0	0	0	0	0	0	0	0	0	0	0	0	0,0000	0,0000	176,7027
2022-03-29	05:13:00		60	0	0	0	0	0	0	0	0	0	0	0	0	0	0	0	0	0	0	0	0	0,0000	0,0000	176,7027
2022-03-29	05:14:00		60	0	0	0	0	0	0	0	0	0	0	0	0	0	0	0	0	0	0	0	0	0,0000	0,0000	176,7027
2022-03-29	05:15:00		60	0	0	0	0	0	0	0	0	0	0	0	0	0	0	0	0	0	0	0	0	0,0000	0,0000	176,7027
2022-03-29	05:16:00		60	0	0	0	0	0	0	0	0	0	0	0	0	0	0	0	0	0	0	0	0	0,0000	0,0000	176,7027
2022-03-29	05:17:00		60	0	0	0	0	0	0	0	0	0	0	0	0	0	0	0	0	0	0	0	0	0,0000	0,0000	176,7027
2022-03-29	05:18:00		60	0	0	0	0	0	0	0	0	0	0	0	0	0	0	0	0	0	0	0	0	0,0000	0,0000	176,7027
2022-03-29	05:19:00		60	0	0	0	0	0	0	0	0	0	0	0	0	0	0	0	0	0	0	0	0	0,0000	0,0000	176,7027
2022-03-29	05:20:00		60	0	0	0	0	0	0	0	0	0	0	0	0	0	0	0	0	0	0	0	0	0,0000	0,0000	176,7027
2022-03-29	05:21:00		60	0	0	0	0	0	0	0	0	0	0	0	0	0	0	0	0	0	0	0	0	0,0000	0,0000	176,7027
2022-03-29	05:22:00		60	0	0	0	0	0	0	0	0	0	0	0	0	0	0	0	0	0	0	0	0	0,0000	0,0000	176,7027
2022-03-29	05:23:00		60	0	0	0	0	0	0	0	0	0	0	0	0	0	0	0	0	0	0	0	0	0,0000	0,0000	176,7027
2022-03-29	05:24:00		60	0	0	0	0	0	0	0	0	0	0	0	0	0	0	0	0	0	0	0	0	0,0000	0,0000	176,7027
2022-03-29	05:25:00		60	0	0	0	0	0	0	0	0	0	0	0	0	0	0	0	0	0	0	0	0	0,0000	0,0000	176,7027
2022-03-29	05:26:00		60	0	0	0	0	0	0	0	0	0	0	0	0	0	0	0	0	0	0	0	0	0,0000	0,0000	176,7027
2022-03-29	05:27:00		60	0	0	0	0	0	0	0	0	0	0	0	0	0	0	0	0	0	0	0	0	0,0000	0,0000	176,7027
2022-03-29	05:28:00		60	0	0	0	0	0	0	0	0	0	0	0	0	0	0	0	0	0	0	0	0	0,0000	0,0000	176,7027
2022-03-29	05:29:00		60	0	0	0	0	0	0	0	0	0	0	0	0	0	0	0	0	0	0	0	0	0,0000	0,0000	176,7027
2022-03-29	05:30:00		60	0	0	0	0	0	0	0	0	0	0	0	0	0	0	0	0	0	0	0	0	0,0000	0,0000	176,7027
2022-03-29	05:31:00		60	0	0	0	0	0	0	0	0	0	0	0	0	0	0	0	0	0	0	0	0	0,0000	0,0000	176,7027
2022-03-29	05:32:00		60	0	0	0	0	0	0	0	0	0	0	0	0	0	0	0	0	0	0	0	0	0,0000	0,0000	176,7027
2022-03-29	05:33:00		60	0	0	0	0	0	0	0	0	0	0	0	0	0	0	0	0	0	0	0	0	0,0000	0,0000	176,7027
2022-03-29	05:34:00		60	0	0	0	0	0	0	0	0	0	0	0	0	0	0	0	0	0	0	0	0	0,0000	0,0000	176,7027
2022-03-29	05:35:00		60	0	0	0	0	0	0	0	0	0	0	0	0	0	0	0	0	0	0	0	0	0,0000	0,0000	176,7027
2022-03-29	05:36:00		60	0	0	0	0	0	0	0	0	0	0	0	0	0	0	0	0	0	0	0	0	0,0000	0,0000	176,7027
2022-03-29	05:37:00		60	0	0	0	0	0	0	0	0	0	0	0	0	0	0	0	0	0	0	0	0	0,0000	0,0000	176,7027
2022-03-29	05:38:00		60	0	0	0	0	0	0	0	0	0	0	0	0	0	0	0	0	0	0	0	0	0,0000	0,0000	176,7027
2022-03-29	05:39:00		60	0	0	0	0	0	0	0	0	0	0	0	0	0	0	0	0	0	0	0	0	0,0000	0,0000	176,7027
2022-03-29	05:40:00		60	0	0	0	0	0	0	0	0	0	0	0	0	0	0	0	0	0	0	0	0	0,0000	0,0000	176,7027
2022-03-29	05:41:00		60	0	0	0	0	0	0	0	0	0	0	0	0	0	0	0	0	0	0	0	0	0,0000	0,0000	176,7027
2022-03-29	05:42:00		60	0	0	0	0	0	0	0	0	0	0	0	0	0	0	0	0	0	0	0	0	0,0000	0,0000	176,7027
2022-03-29	05:43:00		60	0	0	0	0	0	0	0	0	0	0	0	0	0	0	0	0	0	0	0	0	0,0000	0,0000	176,7027
2022-03-29	05:44:00		60	0	0	0	0	0	0	0	0	0	0	0	0	0	0	0	0	0	0	0	0	0,0000	0,0000	176,7027
2022-03-29	05:45:00		60	0	0	0	0	0	0	0	0	0	0	0	0	0	0	0	0	0	0	0	0	0,0000	0,0000	176,7027
2022-03-29	05:46:00		60	0	0	0	0	0	0	0	0	0	0	0	0	0	0	0	0	0	0	0	0	0,0000	0,0000	176,7027
2022-03-29	05:47:00		60	0	0	0	0	0	0	0	0	0	0	0	0	0	0	0	0	0	0	0	0	0,0000	0,0000	176,7027
2022-03-29	05:48:00		60	0	0	0	0	0	0	0	0	0	0	0	0	0	0	0	0	0	0	0	0	0,0000	0,0000	176,7027
2022-03-29	05:49:00		60	0	0	0	0	0	0	0	0	0	0	0	0	0	0	0	0	0	0	0	0	0,0000	0,0000	176,7027
2022-03-29	05:50:00		60	0	0	0	0	0	0	0	0	0	0	0	0	0	0	0	0	0	0	0	0	0,0000	0,0000	176,7027
2022-03-29	05:51:00		60	0	0	0	0	0	0	0	0	0	0	0	0	0	0	0	0	0	0	0	0	0,0000	0,0000	176,7027
2022-03-29	05:52:00		60	0	0	0	0	0	0	0	0	0	0	0	0	0	0	0	0	0	0	0	0	0,0000	0,0000	176,7027
2022-03-29	05:53:00		60	0	0	0	0	0	0	0	0	0	0	0	0	0	0	0	0	0	0	0	0	0,0000	0,0000	176,7027
2022-03-29	05:54:00		60	0	0	0	0	0	0	0	0	0	0	0	0	0	0	0	0	0	0	0	0	0,0000	0,0000	176,7027
2022-03-29	05:55:00		60	0	0	0	0	0	0	0	0	0	0	0	0	0	0	0	0	0	0	0	0	0,0000	0,0000	176,7027
2022-03-29	05:56:00		60	0	0	0	0	0	0	0	0	0	0	0	0	0	0	0	0	0	0	0	0	0,0000	0,0000	176,7027
2022-03-29	05:57:00		60	0	0	0	0	0	0	0	0	0	0	0	0	0	0	0	0	0	0	0	0	0,0000	0,0000	176,7027
2022-03-29	05:58:00		60	0	0	0	0	0	0	0	0	0	0	0	0	0	0	0	0	0	0	0	0	0,0000	0,0000	176,7027
2022-03-29	05:59:00		60	0	0	0	0	0	0	0	0	0	0	0	0	0	0	0	0	0	0	0	0	0,0000	0,0000	176,7027
2022-03-29	06:00:00		60	0	0	0	0	0	0	0	0	0	0	0	0	0	0	0	0	0	0	0	0	0,0000	0,0000	176,7027
2022-03-29	06:01:00		60	0	0	0	0	0	0	0	0	0	0	0	0	0	0	0	0	0	0	0	0	0,0000	0,0000	176,7027
2022-03-29	06:02:00		60	0	0	0	0	0	0	0	0	0	0	0	0	0	0	0	0	0	0	0	0	0,0000	0,0000	176,7027
2022-03-29	06:03:00		60	0	0	0	0	0	0	0	0	0	0	0	0	0	0	0	0	0	0	0	0	0,0000	0,0000	176,7027
2022-03-29	06:04:00		60	0	0	0	0	0	0	0	0	0	0	0	0	0	0	0	0	0	0	0	0	0,0000	0,0000	176,7027
2022-03-29	06:05:00		60	0	0	0	0	0	0	0	0	0	0	0	0	0	0	0	0	0	0	0	0	0,0000	0,0000	176,7027
2022-03-29	06:06:00		60	0	0	0	0	0	0	0	0	0	0	0	0	0	0	0	0	0	0	0	0	0,0000	0,0000	176,7027
2022-03-29	06:07:00		60	0	0	0	0	0	0	0	0	0	0	0	0	0	0	0	0	0	0	0	0	0,0000	0,0000	176,7027
2022-03-29	06:08:00		60	0	0	0	0	0	0	0	0	0	0	0	0	0	0	0	0	0	0	0	0	0,0000	0,0000	176,7027
2022-03-29	06:09:00		60	0	0	0	0	0	0	0	0	0	0	0	0	0	0	0	0	0	0	0	0	0,0000	0,0000	176,7027
2022-03-29	06:10:00		60	0	0	0	0	0	0	0	0	0	0	0	0	0	0	0	0	0	0	0	0	0,0000	0,0000	176,7027
2022-03-29	06:11:00		60	0	0	0	0	0	0	0	0	0	0	0	0	0	0	0	0	0	0	0	0	0,0000	0,0000	176,7027
2022-03-29	06:12:00		60	0	0	0	0	0	0	0	0	0	0	0	0	0	0	0	0	0	0	0	0	0,0000	0,0000	176,7027
2022-03-29	06:13:00		60	0	0	0	0	0	0	0	0	0	0	0	0	0	0	0	0	0	0	0	0	0,0000	0,0000	176,7027
2022-03-29	06:14:00		60	0	0	0	0	0	0	0	0	0	0	0	0	0	0	0	0	0	0	0	0	0,0000	0,0000	176,7027
2022-03-29	06:15:00		60	0	0	0	0	0	0	0	0	0	0	0	0	0	0	0	0	0	0	0	0	0,0000	0,0000	176,7027
2022-03-29	06:16:00		60	0	0	0	0	0	0	0	0	0	0	0	0	0	0	0	0	0	0	0	0	0,0000	0,0000	176,7027
2022-03-29	06:17:00		60	0	0	0	0	0	0	0	0	0	0	0	0	0	0	0	0	0	0	0	0	0,0000	0,0000	176,7027
2022-03-29	06:18:00		60	0	0	0	0	0	0	0	0	0	0	0	0	0	0	0	0	0	0	0	0	0,0000	0,0000	176,7027
2022-03-29	06:19:00		60	0	0	0	0	0	0	0	0	0	0	0	0	0	0	0	0	0	0	0	0	0,0000	0,0000	176,7027
2022-03-29	06:20:00		60	0	0	0	0	0	0	0	0	0	0	0	0	0	0	0	0	0	0	0	0	0,0000	0,0000	176,7027
2022-03-29	06:21:00		60	0	0	0	0	0	0	0	0	0	0	0	0	0	0	0	0	0	0	0	0	0,0000	0,0000	176,7027
2022-03-29	06:22:00		60	0	0	0	0	0	0	0	0	0	0	0	0	0	0	0	0	0	0	0	0	0,0000	0,0000	176,7027
2022-03-29	06:23:00		60	0	0	0	0	0	0	0	0	0	0	0	0	0	0	0	0	0	0	0	0	0,0000	0,0000	176,7027
2022-03-29	06:24:00		60	0	0	0	0	0	0	0	0	0	0	0	0	0	0	0	0	0	0	0	0	0,0000	0,0000	176,7027
2022-03-29	06:25:00		60	0	0	0	0	0	0	0	0	0	0	0	0	0	0	0	0	0	0	0	0	0,0000	0,0000	176,7027
2022-03-29	06:26:00		60	0	0	0	0	0	0	0	0	0	0	0	0	0	0	0	0	0	0	0	0	0,0000	0,0000	176,7027
2022-03-29	06:27:00		60	0	0	0	0	0	0	0	0	0	0	0	0	0	0	0	0	0	0	0	0	0,0000	0,0000	176,7027
2022-03-29	06:28:00		60	6	0	0	0	0	0	0	0	0	0	0	0	0	0	0	0	0	0	0	0	0,0017	0,0000	176,7028
2022-03-29	06:29:00		60	8	0	0	0	0	0	0	0	0	0	0	0	0	0	0	0	0	0	0	0	0,0023	0,0000	176,7028
2022-03-29	06:30:00		60	0	0	0	0	0	0	0	0	0	0	0	0	0	0	0	0	0	0	0	0	0,0000	0,0000	176,7028
2022-03-29	06:31:00		60	0	0	0	0	0	0	0	0	0	0	0	0	0	0	0	0	0	0	0	0	0,0000	0,0000	176,7028
2022-03-29	06:32:00		60	0	0	0	0	0	0	0	0	0	0	0	0	0	0	0	0	0	0	0	0	0,0000	0,0000	176,7028
2022-03-29	06:33:00		60	0	0	0	0	0	0	0	0	0	0	0	0	0	0	0	0	0	0	0	0	0,0000	0,0000	176,7028
2022-03-29	06:34:00		60	0	0	0	0	0	0	0	0	0	0	0	0	0	0	0	0	0	0	0	0	0,0000	0,0000	176,7028
2022-03-29	06:35:00		60	0	0	0	0	0	0	0	0	0	0	0	0	0	0	0	0	0	0	0	0	0,0000	0,0000	176,7028
2022-03-29	06:36:00		60	0	0	0	0	0	0	0	0	0	0	0	0	0	0	0	0	0	0	0	0	0,0000	0,0000	176,7028
2022-03-29	06:37:00		60	0	0	0	0	0	0	0	0	0	0	0	0	0	0	0	0	0	0	0	0	0,0000	0,0000	176,7028
2022-03-29	06:38:00		60	0	0	0	0	0	0	0	0	0	0	0	0	0	0	0	0	0	0	0	0	0,0000	0,0000	176,7028
2022-03-29	06:39:00		60	0	0	0	0	0	0	0	0	0	0	0	0	0	0	0	0	0	0	0	0	0,0000	0,0000	176,7028
2022-03-29	06:40:00		60	0	0	0	0	0	0	0	0	0	0	0	0	0	0	0	0	0	0	0	0	0,0000	0,0000	176,7028
2022-03-29	06:41:00		60	0	0	0	0	0	0	0	0	0	0	0	0	0	0	0	0	0	0	0	0	0,0000	0,0000	176,7028
2022-03-29	06:42:00		60	0	0	0	0	0	0	0	0	0	0	0	0	0	0	0	0	0	0	0	0	0,0000	0,0000	176,7028
2022-03-29	06:43:00		60	0	0	0	0	0	0	0	0	0	0	0	0	0	0	0	0	0	0	0	0	0,0000	0,0000	176,7028
2022-03-29	06:44:00		60	0	0	0	0	0	0	0	0	0	0	0	0	0	0	0	0	0	0	0	0	0,0000	0,0000	176,7028
2022-03-29	06:45:00		60	0	0	0	0	0	0	0	0	0	0	0	0	0	0	0	0	0	0	0	0	0,0000	0,0000	176,7028
2022-03-29	06:46:00		60	0	0	0	0	0	0	0	0	0	0	0	0	0	0	0	0	0	0	0	0	0,0000	0,0000	176,7028
2022-03-29	06:47:00		60	0	0	0	0	0	0	0	0	0	0	0	0	0	0	0	0	0	0	0	0	0,0000	0,0000	176,7028
2022-03-29	06:48:00		60	0	0	0	0	0	0	0	0	0	0	0	0	0	0	0	0	0	0	0	0	0,0000	0,0000	176,7028
2022-03-29	06:49:00		60	0	0	0	0	0	0	0	0	0	0	0	0	0	0	0	0	0	0	0	0	0,0000	0,0000	176,7028
2022-03-29	06:50:00		60	0	0	0	0	0	0	0	0	0	0	0	0	0	0	0	0	0	0	0	0	0,0000	0,0000	176,7028
2022-03-29	06:51:00		60	0	0	0	0	0	0	0	0	0	0	0	0	0	0	0	0	0	0	0	0	0,0000	0,0000	176,7028
2022-03-29	06:52:00		60	0	0	0	0	0	0	0	0	0	0	0	0	0	0	0	0	0	0	0	0	0,0000	0,0000	176,7028
2022-03-29	06:53:00		60	0	0	0	0	0	0	0	0	0	0	0	0	0	0	0	0	0	0	0	0	0,0000	0,0000	176,7028
2022-03-29	06:54:00		60	0	0	0	0	0	0	0	0	0	0	0	0	0	0	0	0	0	0	0	0	0,0000	0,0000	176,7028
2022-03-29	06:55:00		60	0	0	0	0	0	0	0	0	0	0	0	0	0	0	0	0	0	0	0	0	0,0000	0,0000	176,7028
2022-03-29	06:56:00		60	0	0	0	0	0	0	0	0	0	0	0	0	0	0	0	0	0	0	0	0	0,0000	0,0000	176,7028
2022-03-29	06:57:00		60	0	0	0	0	0	0	0	0	0	0	0	0	0	0	0	0	0	0	0	0	0,0000	0,0000	176,7028
2022-03-29	06:58:00		60	4	0	0	0	0	0	0	0	0	0	0	0	0	0	0	0	0	0	0	0	0,0012	0,0000	176,7028
2022-03-29	06:59:00		60	5	0	0	0	0	0	0	0	0	0	0	0	0	0	0	0	0	0	0	0	0,0015	0,0000	176,7029
2022-03-29	07:00:00		60	0	0	0	0	0	0	0	0	0	0	0	0	0	0	0	0	0	0	0	0	0,0000	0,0000	176,7029
2022-03-29	07:01:00		60	0	0	0	0	0	0	0	0	0	0	0	0	0	0	0	0	0	0	0	0	0,0000	0,0000	176,7029
2022-03-29	07:02:00		60	0	0	0	0	0	0	0	0	0	0	0	0	0	0	0	0	0	0	0	0	0,0000	0,0000	176,7029
2022-03-29	07:03:00		60	0	0	0	0	0	0	0	0	0	0	0	0	0	0	0	0	0	0	0	0	0,0000	0,0000	176,7029
2022-03-29	07:04:00		60	0	0	0	0	0	0	0	0	0	0	0	0	0	0	0	0	0	0	0	0	0,0000	0,0000	176,7029
2022-03-29	07:05:00		60	0	0	0	0	0	0	0	0	0	0	0	0	0	0	0	0	0	0	0	0	0,0000	0,0000	176,7029
2022-03-29	07:06:00		60	0	0	0	0	0	0	0	0	0	0	0	0	0	0	0	0	0	0	0	0	0,0000	0,0000	176,7029
2022-03-29	07:07:00		60	0	0	0	0	0	0	0	0	0	0	0	0	0	0	0	0	0	0	0	0	0,0000	0,0000	176,7029
2022-03-29	07:08:00		60	0	0	0	0	0	0	0	0	0	0	0	0	0	0	0	0	0	0	0	0	0,0000	0,0000	176,7029
2022-03-29	07:09:00		60	0	0	0	0	0	0	0	0	0	0	0	0	0	0	0	0	0	0	0	0	0,0000	0,0000	176,7029
2022-03-29	07:10:00		60	0	0	0	0	0	0	0	0	0	0	0	0	0	0	0	0	0	0	0	0	0,0000	0,0000	176,7029
2022-03-29	07:11:00		60	0	0	0	0	0	0	0	0	0	0	0	0	0	0	0	0	0	0	0	0	0,0000	0,0000	176,7029
2022-03-29	07:12:00		60	0	0	0	0	0	0	0	0	0	0	0	0	0	0	0	0	0	0	0	0	0,0000	0,0000	176,7029
2022-03-29	07:13:00		60	0	0	0	0	0	0	0	0	0	0	0	0	0	0	0	0	0	0	0	0	0,0000	0,0000	176,7029
2022-03-29	07:14:00		60	0	0	0	0	0	0	0	0	0	0	0	0	0	0	0	0	0	0	0	0	0,0000	0,0000	176,7029
2022-03-29	07:15:00		60	0	0	0	0	0	0	0	0	0	0	0	0	0	0	0	0	0	0	0	0	0,0000	0,0000	176,7029
2022-03-29	07:16:00		60	0	0	0	0	0	0	0	0	0	0	0	0	0	0	0	0	0	0	0	0	0,0000	0,0000	176,7029
2022-03-29	07:17:00		60	0	0	0	0	0	0	0	0	0	0	0	0	0	0	0	0	0	0	0	0	0,0000	0,0000	176,7029
2022-03-29	07:18:00		60	0	0	0	0	0	0	0	0	0	0	0	0	0	0	0	0	0	0	0	0	0,0000	0,0000	176,7029
2022-03-29	07:19:00		60	0	0	0	0	0	0	0	0	0	0	0	0	0	0	0	0	0	0	0	0	0,0000	0,0000	176,7029
2022-03-29	07:20:00		60	0	0	0	0	0	0	0	0	0	0	0	0	0	0	0	0	0	0	0	0	0,0000	0,0000	176,7029
2022-03-29	07:21:00		60	0	0	0	0	0	0	0	0	0	0	0	0	0	0	0	0	0	0	0	0	0,0000	0,0000	176,7029
2022-03-29	07:22:00		60	0	0	0	0	0	0	0	0	0	0	0	0	0	0	0	0	0	0	0	0	0,0000	0,0000	176,7029
2022-03-29	07:23:00		60	0	0	0	0	0	0	0	0	0	0	0	0	0	0	0	0	0	0	0	0	0,0000	0,0000	176,7029
2022-03-29	07:24:00		60	1	0	0	7	15	11	3	0	0	0	0	0	0	0	0	0	0	0	0	0	0,1347	0,0022	176,7051
2022-03-29	07:25:00		60	3	2	66	144	5	12	7	0	0	0	0	0	0	0	0	0	0	0	0	0	0,4598	0,0077	176,7128
2022-03-29	07:26:00		60	2	4	117	86	0	0	0	0	0	0	0	0	0	0	0	0	0	0	0	0	0,2785	0,0046	176,7174
2022-03-29	07:27:00		60	1	0	3	0	0	0	0	0	0	0	0	0	0	0	0	0	0	0	0	0	0,0034	0,0001	176,7175
2022-03-29	07:28:00		60	0	0	0	0	0	0	0	0	0	0	0	0	0	0	0	0	0	0	0	0	0,0000	0,0000	176,7175
2022-03-29	07:29:00		60	0	0	0	0	0	0	0	0	0	0	0	0	0	0	0	0	0	0	0	0	0,0000	0,0000	176,7175
2022-03-29	07:30:00		60	3	4	0	0	0	0	0	0	0	0	0	0	0	0	0	0	0	0	0	0	0,0032	0,0001	176,7175
2022-03-29	07:31:00		60	48	27	0	0	0	0	0	0	0	0	0	0	0	0	0	0	0	0	0	0	0,0299	0,0005	176,7180
2022-03-29	07:32:00		60	54	2	0	0	0	0	0	0	0	0	0	0	0	0	0	0	0	0	0	0	0,0169	0,0003	176,7183
2022-03-29	07:33:00		60	0	0	0	0	0	0	0	0	0	0	0	0	0	0	0	0	0	0	0	0	0,0000	0,0000	176,7183
2022-03-29	07:34:00		60	1	1	67	21	0	0	0	0	0	0	0	0	0	0	0	0	0	0	0	0	0,1086	0,0018	176,7201
2022-03-29	07:35:00		60	16	34	130	15	2	0	0	0	0	0	0	0	0	0	0	0	0	0	0	0	0,1938	0,0032	176,7233
2022-03-29	07:36:00		60	64	195	331	27	0	0	0	0	0	0	0	0	0	0	0	0	0	0	0	0	0,5298	0,0088	176,7322
2022-03-29	07:37:00		60	92	305	59	2	0	0	0	0	0	0	0	0	0	0	0	0	0	0	0	0	0,2728	0,0045	176,7367
2022-03-29	07:38:00		60	34	201	8	0	0	0	0	0	0	0	0	0	0	0	0	0	0	0	0	0	0,1373	0,0023	176,7390
2022-03-29	07:39:00		60	108	21	0	0	0	0	0	0	0	0	0	0	0	0	0	0	0	0	0	0	0,0438	0,0007	176,7397
2022-03-29	07:40:00		60	54	1	0	0	0	0	0	0	0	0	0	0	0	0	0	0	0	0	0	0	0,0163	0,0003	176,7400
2022-03-29	07:41:00		60	17	0	0	0	0	0	0	0	0	0	0	0	0	0	0	0	0	0	0	0	0,0049	0,0001	176,7401
2022-03-29	07:42:00		60	0	0	0	0	0	0	0	0	0	0	0	0	0	0	0	0	0	0	0	0	0,0000	0,0000	176,7401
2022-03-29	07:43:00		60	0	0	0	0	0	0	0	0	0	0	0	0	0	0	0	0	0	0	0	0	0,0000	0,0000	176,7401
2022-03-29	07:44:00		60	0	0	0	0	0	0	0	0	0	0	0	0	0	0	0	0	0	0	0	0	0,0000	0,0000	176,7401
2022-03-29	07:45:00		60	0	0	0	0	0	0	0	0	0	0	0	0	0	0	0	0	0	0	0	0	0,0000	0,0000	176,7401
2022-03-29	07:46:00		60	0	0	0	0	0	0	0	0	0	0	0	0	0	0	0	0	0	0	0	0	0,0000	0,0000	176,7401
2022-03-29	07:47:00		60	0	0	0	0	0	0	0	0	0	0	0	0	0	0	0	0	0	0	0	0	0,0000	0,0000	176,7401
2022-03-29	07:48:00		60	0	0	0	0	0	0	0	0	0	0	0	0	0	0	0	0	0	0	0	0	0,0000	0,0000	176,7401
2022-03-29	07:49:00		60	5	1	12	4	0	0	0	0	0	0	0	0	0	0	0	0	0	0	0	0	0,0218	0,0004	176,7404
2022-03-29	07:50:00		60	98	57	33	15	0	0	0	0	0	0	0	0	0	0	0	0	0	0	0	0	0,1235	0,0021	176,7425
2022-03-29	07:51:00		60	111	209	18	0	0	0	0	0	0	0	0	0	0	0	0	0	0	0	0	0	0,1749	0,0029	176,7454
2022-03-29	07:52:00		60	127	300	53	3	0	0	0	0	0	0	0	0	0	0	0	0	0	0	0	0	0,2755	0,0046	176,7500
2022-03-29	07:53:00		60	210	305	45	0	0	2	1	0	0	0	0	0	0	0	0	0	0	0	0	0	0,3072	0,0051	176,7551
2022-03-29	07:54:00		60	221	226	8	0	0	0	0	0	0	0	0	0	0	0	0	0	0	0	0	0	0,2064	0,0034	176,7586
2022-03-29	07:55:00		60	164	90	8	0	0	0	0	0	0	0	0	0	0	0	0	0	0	0	0	0	0,1094	0,0018	176,7604
2022-03-29	07:56:00		60	50	77	5	0	0	0	0	0	0	0	0	0	0	0	0	0	0	0	0	0	0,0654	0,0011	176,7615
2022-03-29	07:57:00		60	86	219	17	0	0	0	0	0	0	0	0	0	0	0	0	0	0	0	0	0	0,1725	0,0029	176,7644
2022-03-29	07:58:00		60	195	107	0	0	0	0	0	0	0	0	0	0	0	0	0	0	0	0	0	0	0,1200	0,0020	176,7664
2022-03-29	07:59:00		60	128	13	0	0	0	0	0	0	0	0	0	0	0	0	0	0	0	0	0	0	0,0449	0,0007	176,7671
2022-03-29	08:00:00		60	46	0	0	0	0	0	0	0	0	0	0	0	0	0	0	0	0	0	0	0	0,0134	0,0002	176,7673
2022-03-29	08:01:00		60	0	0	0	0	0	0	0	0	0	0	0	0	0	0	0	0	0	0	0	0	0,0000	0,0000	176,7673
2022-03-29	08:02:00		60	0	0	0	0	0	0	0	0	0	0	0	0	0	0	0	0	0	0	0	0	0,0000	0,0000	176,7673
2022-03-29	08:03:00		60	0	0	0	0	0	0	0	0	0	0	0	0	0	0	0	0	0	0	0	0	0,0000	0,0000	176,7673
2022-03-29	08:04:00		60	0	0	0	0	0	0	0	0	0	0	0	0	0	0	0	0	0	0	0	0	0,0000	0,0000	176,7673
2022-03-29	08:05:00		60	0	0	0	0	0	0	0	0	0	0	0	0	0	0	0	0	0	0	0	0	0,0000	0,0000	176,7673
2022-03-29	08:06:00		60	0	0	0	0	0	0	0	0	0	0	0	0	0	0	0	0	0	0	0	0	0,0000	0,0000	176,7673
2022-03-29	08:07:00		60	0	0	0	0	0	0	0	0	0	0	0	0	0	0	0	0	0	0	0	0	0,0000	0,0000	176,7673
2022-03-29	08:08:00		60	0	0	0	0	0	0	0	0	0	0	0	0	0	0	0	0	0	0	0	0	0,0000	0,0000	176,7673
2022-03-29	08:09:00		60	0	0	0	0	0	0	0	0	0	0	0	0	0	0	0	0	0	0	0	0	0,0000	0,0000	176,7673
2022-03-29	08:10:00		60	0	0	0	0	0	0	0	0	0	0	0	0	0	0	0	0	0	0	0	0	0,0000	0,0000	176,7673
2022-03-29	08:11:00		60	0	0	0	0	0	0	0	0	0	0	0	0	0	0	0	0	0	0	0	0	0,0000	0,0000	176,7673
2022-03-29	08:12:00		60	0	0	0	0	0	0	0	0	0	0	0	0	0	0	0	0	0	0	0	0	0,0000	0,0000	176,7673
2022-03-29	08:13:00		60	0	0	0	0	0	0	0	0	0	0	0	0	0	0	0	0	0	0	0	0	0,0000	0,0000	176,7673
2022-03-29	08:14:00		60	0	0	0	0	0	0	0	0	0	0	0	0	0	0	0	0	0	0	0	0	0,0000	0,0000	176,7673
2022-03-29	08:15:00		60	0	0	0	0	0	0	0	0	0	0	0	0	0	0	0	0	0	0	0	0	0,0000	0,0000	176,7673
2022-03-29	08:16:00		60	0	0	0	0	0	0	0	0	0	0	0	0	0	0	0	0	0	0	0	0	0,0000	0,0000	176,7673
2022-03-29	08:17:00		60	0	0	0	0	0	0	0	0	0	0	0	0	0	0	0	0	0	0	0	0	0,0000	0,0000	176,7673
2022-03-29	08:18:00		60	0	0	0	0	0	0	0	0	0	0	0	0	0	0	0	0	0	0	0	0	0,0000	0,0000	176,7673
2022-03-29	08:19:00		60	0	0	0	0	0	0	0	0	0	0	0	0	0	0	0	0	0	0	0	0	0,0000	0,0000	176,7673
2022-03-29	08:20:00		60	0	0	0	0	0	0	0	0	0	0	0	0	0	0	0	0	0	0	0	0	0,0000	0,0000	176,7673
2022-03-29	08:21:00		60	0	0	0	0	0	0	0	0	0	0	0	0	0	0	0	0	0	0	0	0	0,0000	0,0000	176,7673
2022-03-29	08:22:00		60	0	0	0	0	0	0	0	0	0	0	0	0	0	0	0	0	0	0	0	0	0,0000	0,0000	176,7673
2022-03-29	08:23:00		60	0	0	0	0	0	0	0	0	0	0	0	0	0	0	0	0	0	0	0	0	0,0000	0,0000	176,7673
2022-03-29	08:24:00		60	0	0	0	0	0	0	0	0	0	0	0	0	0	0	0	0	0	0	0	0	0,0000	0,0000	176,7673
2022-03-29	08:25:00		60	0	0	0	0	0	0	0	0	0	0	0	0	0	0	0	0	0	0	0	0	0,0000	0,0000	176,7673
2022-03-29	08:26:00		60	0	0	0	0	0	0	0	0	0	0	0	0	0	0	0	0	0	0	0	0	0,0000	0,0000	176,7673
2022-03-29	08:27:00		60	0	0	0	0	0	0	0	0	0	0	0	0	0	0	0	0	0	0	0	0	0,0000	0,0000	176,7673
2022-03-29	08:28:00		60	0	0	0	0	0	0	0	0	0	0	0	0	0	0	0	0	0	0	0	0	0,0000	0,0000	176,7673
2022-03-29	08:29:00		60	0	0	0	0	0	0	0	0	0	0	0	0	0	0	0	0	0	0	0	0	0,0000	0,0000	176,7673
2022-03-29	08:30:00		60	0	0	0	0	0	0	0	0	0	0	0	0	0	0	0	0	0	0	0	0	0,0000	0,0000	176,7673
2022-03-29	08:31:00		60	0	0	0	0	0	0	0	0	0	0	0	0	0	0	0	0	0	0	0	0	0,0000	0,0000	176,7673
2022-03-29	08:32:00		60	0	0	0	0	0	0	0	0	0	0	0	0	0	0	0	0	0	0	0	0	0,0000	0,0000	176,7673
2022-03-29	08:33:00		60	0	0	0	0	0	0	0	0	0	0	0	0	0	0	0	0	0	0	0	0	0,0000	0,0000	176,7673
2022-03-29	08:34:00		60	0	0	0	0	0	0	0	0	0	0	0	0	0	0	0	0	0	0	0	0	0,0000	0,0000	176,7673
2022-03-29	08:35:00		60	4	0	0	0	0	0	0	0	0	0	0	0	0	0	0	0	0	0	0	0	0,0012	0,0000	176,7673
2022-03-29	08:36:00		60	0	0	0	0	0	0	0	0	0	0	0	0	0	0	0	0	0	0	0	0	0,0000	0,0000	176,7673
2022-03-29	08:37:00		60	0	0	0	0	0	0	0	0	0	0	0	0	0	0	0	0	0	0	0	0	0,0000	0,0000	176,7673
2022-03-29	08:38:00		60	0	0	0	0	0	0	0	0	0	0	0	0	0	0	0	0	0	0	0	0	0,0000	0,0000	176,7673
2022-03-29	08:39:00		60	5	0	0	0	0	0	0	0	0	0	0	0	0	0	0	0	0	0	0	0	0,0015	0,0000	176,7674
2022-03-29	08:40:00		60	0	0	0	0	0	0	0	0	0	0	0	0	0	0	0	0	0	0	0	0	0,0000	0,0000	176,7674
2022-03-29	08:41:00		60	0	0	0	0	0	0	0	0	0	0	0	0	0	0	0	0	0	0	0	0	0,0000	0,0000	176,7674
2022-03-29	08:42:00		60	0	0	0	0	0	0	0	0	0	0	0	0	0	0	0	0	0	0	0	0	0,0000	0,0000	176,7674
2022-03-29	08:43:00		60	0	0	0	0	0	0	0	0	0	0	0	0	0	0	0	0	0	0	0	0	0,0000	0,0000	176,7674
2022-03-29	08:44:00		60	0	0	0	0	0	0	0	0	0	0	0	0	0	0	0	0	0	0	0	0	0,0000	0,0000	176,7674
2022-03-29	08:45:00		60	0	0	0	1	0	0	0	0	0	0	0	0	0	0	0	0	0	0	0	0	0,0018	0,0000	176,7674
2022-03-29	08:46:00		60	3	41	97	104	44	6	1	0	0	0	0	0	0	0	0	0	0	0	0	0	0,4757	0,0079	176,7753
2022-03-29	08:47:00		60	17	233	203	341	82	17	2	0	0	0	0	0	0	0	0	0	0	0	0	0	1,2960	0,0216	176,7969
2022-03-29	08:48:00		60	37	452	282	123	11	1	0	0	0	0	0	0	0	0	0	0	0	0	0	0	0,8293	0,0138	176,8108
2022-03-29	08:49:00		60	162	491	166	11	2	8	0	0	0	0	0	0	0	0	0	0	0	0	0	0	0,5757	0,0096	176,8203
2022-03-29	08:50:00		60	250	324	24	19	35	3	0	0	0	0	0	0	0	0	0	0	0	0	0	0	0,4385	0,0073	176,8277
2022-03-29	08:51:00		60	44	120	2	0	0	0	0	0	0	0	0	0	0	0	0	0	0	0	0	0	0,0859	0,0014	176,8291
2022-03-29	08:52:00		60	24	19	65	5	0	4	2	0	0	0	0	0	0	0	0	0	0	0	0	0	0,1320	0,0022	176,8313
2022-03-29	08:53:00		60	17	21	24	10	6	9	1	0	0	0	0	0	0	0	0	0	0	0	0	0	0,1294	0,0022	176,8334
2022-03-29	08:54:00		60	152	139	92	27	2	0	0	0	0	0	0	0	0	0	0	0	0	0	0	0	0,2768	0,0046	176,8381
2022-03-29	08:55:00		60	279	297	100	2	0	0	0	0	0	0	0	0	0	0	0	0	0	0	0	0	0,3655	0,0061	176,8441
2022-03-29	08:56:00		60	329	121	6	1	0	0	0	0	0	0	0	0	0	0	0	0	0	0	0	0	0,1753	0,0029	176,8471
2022-03-29	08:57:00		60	207	249	48	1	0	0	0	0	0	0	0	0	0	0	0	0	0	0	0	0	0,2598	0,0043	176,8514
2022-03-29	08:58:00		60	107	420	56	30	1	0	0	0	0	0	0	0	0	0	0	0	0	0	0	0	0,3946	0,0066	176,8580
2022-03-29	08:59:00		60	129	423	84	174	4	0	0	0	0	0	0	0	0	0	0	0	0	0	0	0	0,6963	0,0116	176,8696
2022-03-29	09:00:00		60	191	268	207	30	0	0	0	0	0	0	0	0	0	0	0	0	0	0	0	0	0,4849	0,0081	176,8777
2022-03-29	09:01:00		60	21	209	118	1	0	1	0	0	0	0	0	0	0	0	0	0	0	0	0	0	0,2604	0,0043	176,8820
2022-03-29	09:02:00		60	60	161	5	5	3	2	0	0	0	0	0	0	0	0	0	0	0	0	0	0	0,1451	0,0024	176,8844
2022-03-29	09:03:00		60	129	107	27	52	2	0	0	0	0	0	0	0	0	0	0	0	0	0	0	0	0,2272	0,0038	176,8882
2022-03-29	09:04:00		60	297	187	14	3	0	0	0	0	0	0	0	0	0	0	0	0	0	0	0	0	0,2171	0,0036	176,8918
2022-03-29	09:05:00		60	256	499	51	11	2	0	0	0	0	0	0	0	0	0	0	0	0	0	0	0	0,4486	0,0075	176,8993
2022-03-29	09:06:00		60	359	425	108	14	2	0	0	0	0	0	0	0	0	0	0	0	0	0	0	0	0,5000	0,0083	176,9076
2022-03-29	09:07:00		60	252	512	277	90	9	0	0	0	0	0	0	0	0	0	0	0	0	0	0	0	0,8530	0,0142	176,9219
2022-03-29	09:08:00		60	128	551	124	9	0	0	0	0	0	0	0	0	0	0	0	0	0	0	0	0	0,5096	0,0085	176,9303
2022-03-29	09:09:00		60	371	688	129	7	0	0	0	0	0	0	0	0	0	0	0	0	0	0	0	0	0,6631	0,0111	176,9414
2022-03-29	09:10:00		60	219	399	11	0	0	0	0	0	0	0	0	0	0	0	0	0	0	0	0	0	0,3114	0,0052	176,9466
