YYYY-MM-DD	hh:mm:ss	Status	Interval [s]	n1	n2	n3	n4	n5	n6	n7	n8	n9	n10	n11	n12	n13	n14	n15	n16	n17	n18	n19	n20	RI [mm/h]	RA [mm]	RAT [mm]
2022-03-29	18:29:00		60	35	27	38	51	34	71	139	94	62	61	129	105	31	4	1	0	0	0	0	0	23,7306	0,3955	181,5382
2022-03-29	18:30:00		60	23	43	57	100	67	92	132	68	62	60	113	71	31	9	0	0	0	0	0	0	20,9346	0,3489	181,8871
2022-03-29	18:31:00		60	35	77	68	130	92	102	42	29	4	9	14	3	0	1	0	0	0	0	0	0	3,2343	0,0539	181,9410
2022-03-29	18:32:00		60	60	67	68	107	73	57	57	30	7	0	0	0	0	0	0	0	0	0	0	0	1,8936	0,0316	181,9725
2022-03-29	18:33:00		60	29	62	78	126	109	149	173	83	46	11	0	0	0	0	0	0	0	0	0	0	5,4237	0,0904	182,0629
2022-03-29	18:34:00		60	24	44	52	76	72	101	98	38	11	5	0	0	0	0	0	0	0	0	0	0	2,7127	0,0452	182,1082
2022-03-29	18:35:00		60	27	63	61	96	81	72	33	31	6	4	2	0	0	0	0	0	0	0	0	0	1,9372	0,0323	182,1404
2022-03-29	18:36:00		60	25	54	70	103	85	85	99	62	52	55	53	15	0	0	0	0	0	0	0	0	8,8551	0,1476	182,2880
2022-03-29	18:37:00		60	14	32	57	91	54	117	299	216	113	113	115	29	2	0	0	0	0	0	0	0	19,8409	0,3307	182,6187
2022-03-29	18:38:00		60	19	37	58	86	68	133	261	135	70	68	53	17	2	2	0	0	0	0	0	0	12,8991	0,2150	182,8337
2022-03-29	18:39:00		60	20	72	70	62	55	167	259	154	48	22	5	1	0	0	0	0	0	0	0	0	7,6926	0,1282	182,9619
2022-03-29	18:40:00		60	26	53	46	70	61	184	426	103	18	5	0	0	0	0	0	0	0	0	0	0	7,0446	0,1174	183,0793
2022-03-29	18:41:00		60	45	66	52	89	77	116	179	65	6	3	0	0	0	0	0	0	0	0	0	0	3,7831	0,0631	183,1424
2022-03-29	18:42:00		60	38	60	55	72	49	90	120	8	2	0	0	0	0	0	0	0	0	0	0	0	2,0130	0,0335	183,1759
2022-03-29	18:43:00		60	41	56	43	39	43	23	33	1	0	0	0	0	0	0	0	0	0	0	0	0	0,6963	0,0116	183,1875
2022-03-29	18:44:00		60	18	53	25	15	15	2	0	0	0	0	0	0	0	0	0	0	0	0	0	0	0,1422	0,0024	183,1899
2022-03-29	18:45:00		60	26	77	46	5	0	0	0	0	0	0	0	0	0	0	0	0	0	0	0	0	0,1103	0,0018	183,1917
2022-03-29	18:46:00		60	13	33	35	16	0	0	0	0	0	0	0	0	0	0	0	0	0	0	0	0	0,0885	0,0015	183,1932
2022-03-29	18:47:00		60	5	28	7	0	0	0	0	0	0	0	0	0	0	0	0	0	0	0	0	0	0,0254	0,0004	183,1936
2022-03-29	18:48:00		60	4	6	12	12	23	11	0	0	0	0	0	0	0	0	0	0	0	0	0	0	0,1574	0,0026	183,1962
2022-03-29	18:49:00		60	25	120	124	53	39	30	0	0	0	0	1	0	0	0	0	0	0	0	0	0	0,6023	0,0100	183,2063
2022-03-29	18:50:00		60	12	110	115	50	3	6	0	0	0	0	0	0	0	0	0	0	0	0	0	0	0,3155	0,0053	183,2115
2022-03-29	18:51:00		60	20	83	32	19	0	0	0	0	0	0	0	0	0	0	0	0	0	0	0	0	0,1223	0,0020	183,2136
2022-03-29	18:52:00		60	56	93	8	45	3	1	11	17	0	0	0	0	0	0	0	0	0	0	0	0	0,5209	0,0087	183,2223
2022-03-29	18:53:00		60	53	76	74	69	9	52	121	71	0	0	0	0	0	0	0	0	0	0	0	0	2,6437	0,0441	183,2663
2022-03-29	18:54:00		60	66	52	117	131	31	114	144	11	4	2	0	0	0	0	0	0	0	0	0	0	2,6041	0,0434	183,3097
2022-03-29	18:55:00		60	19	60	146	115	12	34	32	4	0	0	0	0	0	0	0	0	0	0	0	0	0,9343	0,0156	183,3253
2022-03-29	18:56:00		60	19	136	242	98	5	2	0	0	0	0	0	0	0	0	0	0	0	0	0	0	0,5382	0,0090	183,3343
2022-03-29	18:57:00		60	12	118	229	82	2	0	0	0	0	0	0	0	0	0	0	0	0	0	0	0	0,4652	0,0078	183,3420
2022-03-29	18:58:00		60	5	39	83	4	2	15	1	0	0	0	0	0	0	0	0	0	0	0	0	0	0,2051	0,0034	183,3454
2022-03-29	18:59:00		60	9	10	36	42	104	153	21	1	0	0	0	0	0	0	0	0	0	0	0	0	1,3502	0,0225	183,3679
2022-03-29	19:00:00		60	18	21	102	152	86	69	6	0	0	0	0	0	0	0	0	0	0	0	0	0	1,0245	0,0171	183,3850
2022-03-29	19:01:00		60	12	101	261	284	49	4	1	0	0	0	1	1	0	0	0	0	0	0	0	0	1,1267	0,0188	183,4038
2022-03-29	19:02:00		60	21	160	169	309	36	7	2	1	0	0	0	0	0	0	0	0	0	0	0	0	0,9959	0,0166	183,4204
2022-03-29	19:03:00		60	23	123	174	258	44	19	2	0	0	0	0	0	0	0	0	0	0	0	0	0	0,9550	0,0159	183,4363
2022-03-29	19:04:00		60	76	97	155	200	43	13	0	0	0	0	0	0	0	0	0	0	0	0	0	0	0,7832	0,0131	183,4494
2022-03-29	19:05:00		60	90	146	169	145	40	14	0	0	0	0	0	0	0	0	0	0	0	0	0	0	0,7295	0,0122	183,4615
2022-03-29	19:06:00		60	104	165	147	81	40	13	1	0	0	0	0	0	0	0	0	0	0	0	0	0	0,6122	0,0102	183,4717
2022-03-29	19:07:00		60	85	188	37	7	0	0	0	0	0	0	0	0	0	0	0	0	0	0	0	0	0,1873	0,0031	183,4748
2022-03-29	19:08:00		60	92	209	22	1	0	0	0	0	0	0	0	0	0	0	0	0	0	0	0	0	0,1753	0,0029	183,4778
2022-03-29	19:09:00		60	108	97	5	3	0	0	0	0	0	0	0	0	0	0	0	0	0	0	0	0	0,0994	0,0017	183,4794
2022-03-29	19:10:00		60	106	75	4	1	1	0	0	0	0	0	0	0	0	0	0	0	0	0	0	0	0,0841	0,0014	183,4808
2022-03-29	19:11:00		60	74	61	2	0	0	1	1	0	0	0	0	0	0	0	0	0	0	0	0	0	0,0732	0,0012	183,4820
2022-03-29	19:12:00		60	80	42	0	2	5	9	14	4	0	0	0	0	0	0	0	0	0	0	0	0	0,2906	0,0048	183,4869
2022-03-29	19:13:00		60	66	22	1	1	19	30	23	6	1	0	0	0	0	0	0	0	0	0	0	0	0,5444	0,0091	183,4960
2022-03-29	19:14:00		60	38	11	8	4	38	108	211	29	1	0	0	0	0	0	0	0	0	0	0	0	2,9527	0,0492	183,5452
2022-03-29	19:15:00		60	9	11	15	9	11	167	425	37	1	0	0	0	0	0	0	0	0	0	0	0	5,1523	0,0859	183,6310
2022-03-29	19:16:00		60	8	11	7	7	7	188	234	11	0	0	0	0	0	0	0	0	0	0	0	0	3,1543	0,0526	183,6836
2022-03-29	19:17:00		60	5	2	4	1	13	166	62	6	0	0	0	0	0	0	0	0	0	0	0	0	1,4702	0,0245	183,7081
2022-03-29	19:18:00		60	4	1	0	9	57	173	39	4	0	0	0	0	0	0	0	0	0	0	0	0	1,4090	0,0235	183,7316
2022-03-29	19:19:00		60	2	4	9	62	73	134	21	3	0	0	0	0	0	0	0	0	0	0	0	0	1,2012	0,0200	183,7516
2022-03-29	19:20:00		60	1	6	11	26	66	59	25	1	0	0	0	0	0	0	0	0	0	0	0	0	0,7669	0,0128	183,7644
2022-03-29	19:21:00		60	4	2	0	20	88	7	24	0	0	0	0	0	0	0	0	0	0	0	0	0	0,5343	0,0089	183,7733
2022-03-29	19:22:00		60	3	1	4	50	61	30	5	0	0	0	0	0	0	0	0	0	0	0	0	0	0,4571	0,0076	183,7809
2022-03-29	19:23:00		60	5	5	8	57	68	90	28	0	0	0	0	0	0	0	0	0	0	0	0	0	0,9846	0,0164	183,7973
2022-03-29	19:24:00		60	5	8	6	32	49	76	43	3	0	0	0	0	0	0	0	0	0	0	0	0	0,9937	0,0166	183,8139
2022-03-29	19:25:00		60	3	4	11	31	59	80	49	0	0	0	0	0	0	0	0	0	0	0	0	0	1,0502	0,0175	183,8314
2022-03-29	19:26:00		60	4	3	3	49	49	52	5	0	0	0	0	0	0	0	0	0	0	0	0	0	0,5264	0,0088	183,8402
2022-03-29	19:27:00		60	1	1	15	63	35	5	0	1	0	0	0	0	0	0	0	0	0	0	0	0	0,2679	0,0045	183,8446
2022-03-29	19:28:00		60	0	7	21	50	41	2	13	0	0	0	0	0	0	0	0	0	0	0	0	0	0,3561	0,0059	183,8506
2022-03-29	19:29:00		60	3	1	20	74	32	22	24	0	0	0	0	0	0	0	0	0	0	0	0	0	0,5607	0,0093	183,8599
2022-03-29	19:30:00		60	3	2	30	65	11	38	5	0	0	0	0	0	0	0	0	0	0	0	0	0	0,4059	0,0068	183,8667
2022-03-29	19:31:00		60	1	8	27	34	13	36	26	4	0	0	0	0	0	0	0	0	0	0	0	0	0,5896	0,0098	183,8765
2022-03-29	19:32:00		60	4	22	34	70	81	66	36	1	0	0	0	0	0	0	0	0	0	0	0	0	1,0521	0,0175	183,8941
2022-03-29	19:33:00		60	1	8	31	44	5	22	9	0	0	0	0	0	0	0	0	0	0	0	0	0	0,3139	0,0052	183,8993
2022-03-29	19:34:00		60	4	1	11	17	22	24	2	0	0	0	0	0	0	0	0	0	0	0	0	0	0,2391	0,0040	183,9033
2022-03-29	19:35:00		60	3	19	12	44	50	0	0	0	0	0	0	0	0	0	0	0	0	0	0	0	0,2468	0,0041	183,9074
2022-03-29	19:36:00		60	10	26	12	10	33	2	0	0	0	0	0	0	0	0	0	0	0	0	0	0	0,1532	0,0026	183,9099
2022-03-29	19:37:00		60	4	33	66	16	16	10	9	1	0	0	0	0	0	0	0	0	0	0	0	0	0,3058	0,0051	183,9150
2022-03-29	19:38:00		60	8	103	74	14	30	81	20	0	0	0	0	0	0	0	0	0	0	0	0	0	0,8143	0,0136	183,9286
2022-03-29	19:39:00		60	16	68	18	13	47	104	68	2	1	0	0	0	0	0	0	0	0	0	0	0	1,3645	0,0227	183,9513
2022-03-29	19:40:00		60	50	66	49	14	17	85	137	63	19	2	12	18	3	1	0	0	0	0	0	0	5,4853	0,0914	184,0428
2022-03-29	19:41:00		60	40	53	57	103	84	171	289	119	33	25	106	54	6	0	0	0	0	0	0	0	16,2824	0,2714	184,3141
2022-03-29	19:42:00		60	34	35	62	109	106	145	142	56	30	56	128	40	0	0	0	0	0	0	0	0	14,1442	0,2357	184,5499
2022-03-29	19:43:00		60	11	15	41	73	65	129	127	102	125	172	298	112	23	5	3	0	0	0	0	0	36,3316	0,6055	185,1554
2022-03-29	19:44:00		60	1	2	15	47	39	77	157	126	148	169	279	211	63	21	7	0	0	0	0	0	50,8168	0,8469	186,0023
2022-03-29	19:45:00		60	12	31	33	54	60	97	168	182	117	118	134	53	9	1	0	0	0	0	0	0	21,7336	0,3622	186,3646
2022-03-29	19:46:00		60	19	26	49	60	73	131	265	203	83	46	103	71	7	1	0	0	0	0	0	0	20,0261	0,3338	186,6983
2022-03-29	19:47:00		60	1	8	43	75	52	102	228	197	86	108	199	50	2	0	0	0	0	0	0	0	23,2865	0,3881	187,0865
2022-03-29	19:48:00		60	6	13	40	74	52	85	244	223	156	200	137	17	2	0	0	0	0	0	0	0	22,7869	0,3798	187,4662
2022-03-29	19:49:00		60	6	30	41	49	54	114	254	274	162	80	40	1	0	0	0	0	0	0	0	0	14,7538	0,2459	187,7121
2022-03-29	19:50:00		60	8	27	38	59	47	100	302	245	130	63	32	4	0	0	0	0	0	0	0	0	13,3558	0,2226	187,9347
2022-03-29	19:51:00		60	19	61	39	69	59	136	221	69	7	0	0	0	0	0	0	0	0	0	0	0	4,1278	0,0688	188,0035
2022-03-29	19:52:00		60	26	55	43	86	66	67	26	0	0	0	0	0	0	0	0	0	0	0	0	0	0,9754	0,0163	188,0198
2022-03-29	19:53:00		60	22	62	64	125	25	2	0	0	0	0	0	0	0	0	0	0	0	0	0	0	0,4136	0,0069	188,0267
2022-03-29	19:54:00		60	24	46	62	91	2	0	0	0	0	0	0	0	0	0	0	0	0	0	0	0	0,2665	0,0044	188,0311
2022-03-29	19:55:00		60	45	55	90	84	1	0	0	0	0	0	0	0	0	0	0	0	0	0	0	0	0,2921	0,0049	188,0360
2022-03-29	19:56:00		60	32	31	57	46	30	48	69	1	0	0	0	0	0	0	0	0	0	0	0	0	1,1025	0,0184	188,0544
2022-03-29	19:57:00		60	28	43	49	59	67	161	338	38	9	2	0	0	0	0	0	0	0	0	0	0	4,9185	0,0820	188,1363
2022-03-29	19:58:00		60	29	99	87	71	61	108	235	160	50	23	11	0	0	0	0	0	0	0	0	0	7,6225	0,1270	188,2634
2022-03-29	19:59:00		60	23	56	58	75	48	84	266	177	63	9	9	0	0	0	0	0	0	0	0	0	7,7274	0,1288	188,3922
2022-03-29	20:00:00		60	20	63	60	156	137	224	123	12	4	2	0	0	0	0	0	0	0	0	0	0	3,2443	0,0541	188,4462
2022-03-29	20:01:00		60	29	58	73	153	83	152	45	3	0	0	0	0	0	0	0	0	0	0	0	0	1,7942	0,0299	188,4761
2022-03-29	20:02:00		60	26	79	74	126	59	8	1	0	0	0	0	0	0	0	0	0	0	0	0	0	0,5725	0,0095	188,4857
2022-03-29	20:03:00		60	34	105	110	148	33	3	0	0	0	0	0	0	0	0	0	0	0	0	0	0	0,5595	0,0093	188,4950
2022-03-29	20:04:00		60	70	177	171	63	5	0	0	0	0	0	0	0	0	0	0	0	0	0	0	0	0,4310	0,0072	188,5022
2022-03-29	20:05:00		60	72	151	188	82	0	0	0	0	0	0	0	0	0	0	0	0	0	0	0	0	0,4534	0,0076	188,5097
2022-03-29	20:06:00		60	53	132	100	11	0	0	0	0	0	0	0	0	0	0	0	0	0	0	0	0	0,2182	0,0036	188,5134
2022-03-29	20:07:00		60	64	129	82	7	0	0	0	0	0	0	0	0	0	0	0	0	0	0	0	0	0,1936	0,0032	188,5166
2022-03-29	20:08:00		60	71	106	65	3	1	0	0	0	0	0	0	0	0	0	0	0	0	0	0	0	0,1599	0,0027	188,5193
2022-03-29	20:09:00		60	47	61	5	0	1	1	0	0	0	0	0	0	0	0	0	0	0	0	0	0	0,0627	0,0010	188,5203
2022-03-29	20:10:00		60	38	40	61	26	3	37	27	0	0	0	0	0	0	0	0	0	0	0	0	0	0,5663	0,0094	188,5298
2022-03-29	20:11:00		60	36	24	71	50	19	82	7	0	0	0	0	0	0	0	0	0	0	0	0	0	0,6959	0,0116	188,5414
2022-03-29	20:12:00		60	28	71	116	82	31	26	0	0	0	0	0	0	0	0	0	0	0	0	0	0	0,5311	0,0089	188,5502
2022-03-29	20:13:00		60	119	221	127	45	3	0	0	0	0	0	0	0	0	0	0	0	0	0	0	0	0,3873	0,0065	188,5567
2022-03-29	20:14:00		60	121	192	50	18	0	0	0	0	0	0	0	0	0	0	0	0	0	0	0	0	0,2333	0,0039	188,5606
2022-03-29	20:15:00		60	75	90	61	42	17	11	1	0	0	0	0	0	0	0	0	0	0	0	0	0	0,3240	0,0054	188,5659
2022-03-29	20:16:00		60	54	59	54	110	63	28	0	0	0	0	0	0	0	0	0	0	0	0	0	0	0,6178	0,0103	188,5762
2022-03-29	20:17:00		60	76	81	220	198	33	0	0	0	0	0	0	0	0	0	0	0	0	0	0	0	0,7475	0,0125	188,5887
2022-03-29	20:18:00		60	48	86	132	38	2	0	0	0	0	0	0	0	0	0	0	0	0	0	0	0	0,2768	0,0046	188,5933
2022-03-29	20:19:00		60	71	12	3	0	0	0	0	0	0	0	0	0	0	0	0	0	0	0	0	0	0,0309	0,0005	188,5938
2022-03-29	20:20:00		60	33	4	0	0	0	0	0	0	0	0	0	0	0	0	0	0	0	0	0	0	0,0120	0,0002	188,5940
2022-03-29	20:21:00		60	8	5	1	0	0	0	0	0	0	0	0	0	0	0	0	0	0	0	0	0	0,0063	0,0001	188,5941
2022-03-29	20:22:00		60	25	1	0	0	0	0	0	0	0	0	0	0	0	0	0	0	0	0	0	0	0,0079	0,0001	188,5943
2022-03-29	20:23:00		60	11	2	0	0	0	0	0	0	0	0	0	0	0	0	0	0	0	0	0	0	0,0044	0,0001	188,5943
2022-03-29	20:24:00		60	11	6	0	0	0	0	0	0	0	0	0	0	0	0	0	0	0	0	0	0	0,0067	0,0001	188,5945
2022-03-29	20:25:00		60	0	0	0	0	0	0	0	0	0	0	0	0	0	0	0	0	0	0	0	0	0,0000	0,0000	188,5945
2022-03-29	20:26:00		60	0	0	0	0	0	0	0	0	0	0	0	0	0	0	0	0	0	0	0	0	0,0000	0,0000	188,5945
2022-03-29	20:27:00		60	0	0	0	0	0	0	0	0	0	0	0	0	0	0	0	0	0	0	0	0	0,0000	0,0000	188,5945
2022-03-29	20:28:00		60	4	1	0	0	0	0	0	0	0	0	0	0	0	0	0	0	0	0	0	0	0,0018	0,0000	188,5945
2022-03-29	20:29:00		60	0	0	0	0	0	0	0	0	0	0	0	0	0	0	0	0	0	0	0	0	0,0000	0,0000	188,5945
2022-03-29	20:30:00		60	0	0	0	0	0	0	0	0	0	0	0	0	0	0	0	0	0	0	0	0	0,0000	0,0000	188,5945
2022-03-29	20:31:00		60	0	0	0	0	0	0	0	0	0	0	0	0	0	0	0	0	0	0	0	0	0,0000	0,0000	188,5945
2022-03-29	20:32:00		60	0	0	0	0	0	0	0	0	0	0	0	0	0	0	0	0	0	0	0	0	0,0000	0,0000	188,5945
2022-03-29	20:33:00		60	0	0	0	0	0	0	0	0	0	0	0	0	0	0	0	0	0	0	0	0	0,0000	0,0000	188,5945
2022-03-29	20:34:00		60	0	0	0	0	0	0	0	0	0	0	0	0	0	0	0	0	0	0	0	0	0,0000	0,0000	188,5945
2022-03-29	20:35:00		60	0	0	0	0	0	0	0	0	0	0	0	0	0	0	0	0	0	0	0	0	0,0000	0,0000	188,5945
2022-03-29	20:36:00		60	0	0	0	0	0	0	0	0	0	0	0	0	0	0	0	0	0	0	0	0	0,0000	0,0000	188,5945
2022-03-29	20:37:00		60	0	0	0	0	0	0	0	0	0	0	0	0	0	0	0	0	0	0	0	0	0,0000	0,0000	188,5945
2022-03-29	20:38:00		60	0	0	0	0	0	0	0	0	0	0	0	0	0	0	0	0	0	0	0	0	0,0000	0,0000	188,5945
2022-03-29	20:39:00		60	0	0	0	0	0	0	0	0	0	0	0	0	0	0	0	0	0	0	0	0	0,0000	0,0000	188,5945
2022-03-29	20:40:00		60	0	0	0	0	0	0	0	0	0	0	0	0	0	0	0	0	0	0	0	0	0,0000	0,0000	188,5945
2022-03-29	20:41:00		60	0	0	0	0	0	0	0	0	0	0	0	0	0	0	0	0	0	0	0	0	0,0000	0,0000	188,5945
2022-03-29	20:42:00		60	0	0	0	0	0	0	0	0	0	0	0	0	0	0	0	0	0	0	0	0	0,0000	0,0000	188,5945
2022-03-29	20:43:00		60	0	0	0	0	0	0	0	0	0	0	0	0	0	0	0	0	0	0	0	0	0,0000	0,0000	188,5945
2022-03-29	20:44:00		60	0	0	0	0	0	0	0	0	0	0	0	0	0	0	0	0	0	0	0	0	0,0000	0,0000	188,5945
2022-03-29	20:45:00		60	0	0	0	0	0	0	0	0	0	0	0	0	0	0	0	0	0	0	0	0	0,0000	0,0000	188,5945
2022-03-29	20:46:00		60	0	0	0	0	0	0	0	0	0	0	0	0	0	0	0	0	0	0	0	0	0,0000	0,0000	188,5945
2022-03-29	20:47:00		60	0	0	0	0	0	0	0	0	0	0	0	0	0	0	0	0	0	0	0	0	0,0000	0,0000	188,5945
2022-03-29	20:48:00		60	6	0	0	0	0	0	0	0	0	0	0	0	0	0	0	0	0	0	0	0	0,0017	0,0000	188,5945
2022-03-29	20:49:00		60	4	0	0	0	0	0	0	0	0	0	0	0	0	0	0	0	0	0	0	0	0,0012	0,0000	188,5945
2022-03-29	20:50:00		60	5	0	0	0	0	0	0	0	0	0	0	0	0	0	0	0	0	0	0	0	0,0015	0,0000	188,5946
2022-03-29	20:51:00		60	0	0	0	0	0	0	0	0	0	0	0	0	0	0	0	0	0	0	0	0	0,0000	0,0000	188,5946
2022-03-29	20:52:00		60	4	0	0	0	0	0	0	0	0	0	0	0	0	0	0	0	0	0	0	0	0,0012	0,0000	188,5946
2022-03-29	20:53:00		60	0	0	0	0	0	0	0	0	0	0	0	0	0	0	0	0	0	0	0	0	0,0000	0,0000	188,5946
2022-03-29	20:54:00		60	0	0	0	0	0	0	0	0	0	0	0	0	0	0	0	0	0	0	0	0	0,0000	0,0000	188,5946
2022-03-29	20:55:00		60	0	0	0	0	0	0	0	0	0	0	0	0	0	0	0	0	0	0	0	0	0,0000	0,0000	188,5946
2022-03-29	20:56:00		60	0	0	0	0	0	0	0	0	0	0	0	0	0	0	0	0	0	0	0	0	0,0000	0,0000	188,5946
2022-03-29	20:57:00		60	0	0	0	0	0	0	0	0	0	0	0	0	0	0	0	0	0	0	0	0	0,0000	0,0000	188,5946
2022-03-29	20:58:00		60	0	0	0	0	0	0	0	0	0	0	0	0	0	0	0	0	0	0	0	0	0,0000	0,0000	188,5946
2022-03-29	20:59:00		60	5	0	0	0	0	0	0	0	0	0	0	0	0	0	0	0	0	0	0	0	0,0015	0,0000	188,5946
2022-03-29	21:00:00		60	6	0	0	0	0	0	0	0	0	0	0	0	0	0	0	0	0	0	0	0	0,0017	0,0000	188,5946
2022-03-29	21:01:00		60	0	0	0	0	0	0	0	0	0	0	0	0	0	0	0	0	0	0	0	0	0,0000	0,0000	188,5946
2022-03-29	21:02:00		60	0	0	0	0	0	0	0	0	0	0	0	0	0	0	0	0	0	0	0	0	0,0000	0,0000	188,5946
2022-03-29	21:03:00		60	0	0	0	0	0	0	0	0	0	0	0	0	0	0	0	0	0	0	0	0	0,0000	0,0000	188,5946
2022-03-29	21:04:00		60	0	0	0	0	0	0	0	0	0	0	0	0	0	0	0	0	0	0	0	0	0,0000	0,0000	188,5946
2022-03-29	21:05:00		60	14	1	0	0	0	0	0	0	0	1	2	2	0	0	0	0	0	0	0	0	0,2664	0,0044	188,5991
2022-03-29	21:06:00		60	9	0	1	0	0	1	1	0	4	2	2	1	0	0	0	0	0	0	0	0	0,3213	0,0054	188,6044
2022-03-29	21:07:00		60	19	5	2	0	0	0	0	3	6	3	2	3	0	0	0	0	0	0	0	0	0,5759	0,0096	188,6140
2022-03-29	21:08:00		60	29	2	0	1	0	1	1	2	2	4	4	8	2	0	1	0	0	0	0	0	1,3909	0,0232	188,6372
2022-03-29	21:09:00		60	32	3	1	0	0	1	0	16	10	5	15	5	1	1	0	0	0	0	0	0	1,8913	0,0315	188,6687
2022-03-29	21:10:00		60	47	4	0	1	0	1	11	15	4	16	13	4	0	1	0	0	0	0	0	0	1,8998	0,0317	188,7004
2022-03-29	21:11:00		60	30	3	2	1	1	0	10	20	18	13	14	6	2	0	0	0	0	0	0	0	2,4305	0,0405	188,7409
2022-03-29	21:12:00		60	28	5	0	2	0	3	14	16	7	9	12	3	0	0	0	0	0	0	0	0	1,5439	0,0257	188,7666
2022-03-29	21:13:00		60	24	2	4	0	1	3	9	8	4	11	13	4	0	0	0	0	0	0	0	0	1,4922	0,0249	188,7915
2022-03-29	21:14:00		60	8	3	1	0	0	2	5	9	6	7	11	1	0	0	0	0	0	0	0	0	1,0790	0,0180	188,8095
2022-03-29	21:15:00		60	7	0	0	1	0	0	1	5	9	5	7	2	0	0	0	0	0	0	0	0	0,8771	0,0146	188,8241
2022-03-29	21:16:00		60	6	0	1	0	0	0	0	9	2	1	2	1	0	0	0	0	0	0	0	0	0,3683	0,0061	188,8302
2022-03-29	21:17:00		60	7	0	0	0	0	0	1	4	9	4	3	0	0	0	0	0	0	0	0	0	0,5109	0,0085	188,8388
2022-03-29	21:18:00		60	2	0	0	1	3	3	1	6	7	6	1	0	0	0	0	0	0	0	0	0	0,4911	0,0082	188,8469
2022-03-29	21:19:00		60	0	0	0	0	1	3	1	1	0	0	0	0	0	0	0	0	0	0	0	0	0,0408	0,0007	188,8476
2022-03-29	21:20:00		60	1	1	0	5	7	6	5	0	0	1	0	0	0	0	0	0	0	0	0	0	0,1313	0,0022	188,8498
2022-03-29	21:21:00		60	1	1	0	2	9	8	5	0	0	0	0	0	0	0	0	0	0	0	0	0	0,1123	0,0019	188,8517
2022-03-29	21:22:00		60	0	0	1	6	9	8	1	0	0	0	0	0	0	0	0	0	0	0	0	0	0,0846	0,0014	188,8531
2022-03-29	21:23:00		60	3	2	1	15	15	6	2	0	0	0	0	0	0	0	0	0	0	0	0	0	0,1191	0,0020	188,8551
2022-03-29	21:24:00		60	1	0	1	10	15	6	0	1	0	0	2	0	0	0	0	0	0	0	0	0	0,1936	0,0032	188,8583
2022-03-29	21:25:00		60	1	0	0	4	6	6	0	1	0	0	2	1	0	0	0	0	0	0	0	0	0,2284	0,0038	188,8621
2022-03-29	21:26:00		60	3	1	1	3	2	5	5	1	9	3	3	2	0	0	0	0	0	0	0	0	0,6528	0,0109	188,8730
2022-03-29	21:27:00		60	4	2	1	0	0	3	6	11	3	5	4	1	0	0	0	0	0	0	0	0	0,6906	0,0115	188,8845
2022-03-29	21:28:00		60	0	0	2	1	3	4	18	11	4	2	1	0	0	0	0	0	0	0	0	0	0,5396	0,0090	188,8935
2022-03-29	21:29:00		60	0	1	2	4	3	14	20	5	4	1	1	1	0	0	0	0	0	0	0	0	0,5653	0,0094	188,9029
2022-03-29	21:30:00		60	0	0	1	6	8	20	23	7	6	1	1	0	0	0	0	0	0	0	0	0	0,6366	0,0106	188,9135
2022-03-29	21:31:00		60	0	2	4	7	6	13	21	6	8	1	0	0	0	0	0	0	0	0	0	0	0,5702	0,0095	188,9230
2022-03-29	21:32:00		60	1	0	4	9	7	16	16	9	2	0	0	0	0	0	0	0	0	0	0	0	0,4331	0,0072	188,9302
2022-03-29	21:33:00		60	1	1	4	16	4	16	19	5	2	0	0	0	0	0	0	0	0	0	0	0	0,4044	0,0067	188,9370
2022-03-29	21:34:00		60	3	3	4	4	4	8	5	2	0	0	0	0	0	0	0	0	0	0	0	0	0,1370	0,0023	188,9393
2022-03-29	21:35:00		60	1	3	3	9	2	5	4	0	0	0	0	0	0	0	0	0	0	0	0	0	0,0858	0,0014	188,9407
2022-03-29	21:36:00		60	1	5	6	10	7	1	0	0	0	0	0	0	0	0	0	0	0	0	0	0	0,0522	0,0009	188,9416
2022-03-29	21:37:00		60	6	4	8	6	4	2	0	0	0	0	0	0	0	0	0	0	0	0	0	0	0,0442	0,0007	188,9423
2022-03-29	21:38:00		60	2	4	5	5	1	0	0	0	0	0	0	0	0	0	0	0	0	0	0	0	0,0200	0,0003	188,9426
2022-03-29	21:39:00		60	4	7	1	3	0	0	0	0	0	0	0	0	0	0	0	0	0	0	0	0	0,0117	0,0002	188,9428
2022-03-29	21:40:00		60	4	6	4	0	0	0	0	0	0	0	0	0	0	0	0	0	0	0	0	0	0,0089	0,0001	188,9430
2022-03-29	21:41:00		60	3	3	1	0	0	0	0	0	0	0	0	0	0	0	0	0	0	0	0	0	0,0037	0,0001	188,9430
2022-03-29	21:42:00		60	5	6	2	0	0	0	0	0	0	0	0	0	0	0	0	0	0	0	0	0	0,0071	0,0001	188,9432
2022-03-29	21:43:00		60	7	6	1	0	0	0	0	0	0	0	0	0	0	0	0	0	0	0	0	0	0,0066	0,0001	188,9433
2022-03-29	21:44:00		60	3	4	1	0	0	0	0	0	0	0	0	0	0	0	0	0	0	0	0	0	0,0043	0,0001	188,9433
2022-03-29	21:45:00		60	3	6	3	0	0	0	0	0	0	0	0	0	0	0	0	0	0	0	0	0	0,0076	0,0001	188,9435
2022-03-29	21:46:00		60	3	1	1	0	0	0	0	0	0	0	0	0	0	0	0	0	0	0	0	0	0,0025	0,0000	188,9435
2022-03-29	21:47:00		60	6	3	0	0	0	0	0	0	0	0	0	0	0	0	0	0	0	0	0	0	0,0035	0,0001	188,9436
2022-03-29	21:48:00		60	4	0	0	0	0	0	0	0	0	0	0	0	0	0	0	0	0	0	0	0	0,0012	0,0000	188,9436
2022-03-29	21:49:00		60	0	0	0	0	0	0	0	0	0	0	0	0	0	0	0	0	0	0	0	0	0,0000	0,0000	188,9436
2022-03-29	21:50:00		60	0	0	0	0	0	0	0	0	0	0	0	0	0	0	0	0	0	0	0	0	0,0000	0,0000	188,9436
2022-03-29	21:51:00		60	0	0	0	0	0	0	0	0	0	0	0	0	0	0	0	0	0	0	0	0	0,0000	0,0000	188,9436
2022-03-29	21:52:00		60	0	0	0	0	0	0	0	0	0	0	0	0	0	0	0	0	0	0	0	0	0,0000	0,0000	188,9436
2022-03-29	21:53:00		60	0	0	0	0	0	0	0	0	0	0	0	0	0	0	0	0	0	0	0	0	0,0000	0,0000	188,9436
2022-03-29	21:54:00		60	0	0	1	0	0	0	0	0	0	0	0	0	0	0	0	0	0	0	0	0	0,0011	0,0000	188,9436
2022-03-29	21:55:00		60	0	0	0	0	0	0	0	0	0	0	0	0	0	0	0	0	0	0	0	0	0,0000	0,0000	188,9436
2022-03-29	21:56:00		60	0	0	0	0	0	0	0	0	0	0	0	0	0	0	0	0	0	0	0	0	0,0000	0,0000	188,9436
2022-03-29	21:57:00		60	0	0	0	0	0	0	0	0	0	0	0	0	0	0	0	0	0	0	0	0	0,0000	0,0000	188,9436
2022-03-29	21:58:00		60	0	0	0	0	0	0	0	0	0	0	0	0	0	0	0	0	0	0	0	0	0,0000	0,0000	188,9436
2022-03-29	21:59:00		60	5	0	0	0	0	0	0	0	0	0	0	0	0	0	0	0	0	0	0	0	0,0015	0,0000	188,9436
2022-03-29	22:00:00		60	4	0	0	0	0	0	0	0	0	0	0	0	0	0	0	0	0	0	0	0	0,0012	0,0000	188,9437
2022-03-29	22:01:00		60	0	0	0	0	0	0	0	0	0	0	0	0	0	0	0	0	0	0	0	0	0,0000	0,0000	188,9437
2022-03-29	22:02:00		60	2	0	1	0	0	0	0	0	0	0	0	0	0	0	0	0	0	0	0	0	0,0016	0,0000	188,9437
2022-03-29	22:03:00		60	0	0	1	0	0	0	0	0	0	0	0	0	0	0	0	0	0	0	0	0	0,0011	0,0000	188,9437
2022-03-29	22:04:00		60	0	0	0	0	0	0	0	0	0	0	0	0	0	0	0	0	0	0	0	0	0,0000	0,0000	188,9437
2022-03-29	22:05:00		60	0	0	0	0	0	0	0	0	0	0	0	0	0	0	0	0	0	0	0	0	0,0000	0,0000	188,9437
2022-03-29	22:06:00		60	0	0	0	0	0	0	0	0	0	0	0	0	0	0	0	0	0	0	0	0	0,0000	0,0000	188,9437
2022-03-29	22:07:00		60	0	0	0	0	0	0	0	0	0	0	0	0	0	0	0	0	0	0	0	0	0,0000	0,0000	188,9437
2022-03-29	22:08:00		60	0	0	0	0	0	0	0	0	0	0	0	0	0	0	0	0	0	0	0	0	0,0000	0,0000	188,9437
2022-03-29	22:09:00		60	0	0	0	0	0	0	0	0	0	0	0	0	0	0	0	0	0	0	0	0	0,0000	0,0000	188,9437
2022-03-29	22:10:00		60	0	0	0	0	0	0	0	0	0	0	0	0	0	0	0	0	0	0	0	0	0,0000	0,0000	188,9437
2022-03-29	22:11:00		60	0	0	0	0	0	0	0	0	0	0	0	0	0	0	0	0	0	0	0	0	0,0000	0,0000	188,9437
2022-03-29	22:12:00		60	5	0	0	0	0	0	0	0	0	0	0	0	0	0	0	0	0	0	0	0	0,0015	0,0000	188,9437
2022-03-29	22:13:00		60	0	0	0	0	0	0	0	0	0	0	0	0	0	0	0	0	0	0	0	0	0,0000	0,0000	188,9437
2022-03-29	22:14:00		60	0	0	0	0	0	0	0	0	0	0	0	0	0	0	0	0	0	0	0	0	0,0000	0,0000	188,9437
2022-03-29	22:15:00		60	0	0	0	0	0	0	0	0	0	0	0	0	0	0	0	0	0	0	0	0	0,0000	0,0000	188,9437
2022-03-29	22:16:00		60	0	0	0	0	0	0	0	0	0	0	0	0	0	0	0	0	0	0	0	0	0,0000	0,0000	188,9437
2022-03-29	22:17:00		60	0	0	0	0	0	0	0	0	0	0	0	0	0	0	0	0	0	0	0	0	0,0000	0,0000	188,9437
2022-03-29	22:18:00		60	0	0	0	0	0	0	0	0	0	0	0	0	0	0	0	0	0	0	0	0	0,0000	0,0000	188,9437
2022-03-29	22:19:00		60	4	0	0	0	0	0	0	0	0	0	0	0	0	0	0	0	0	0	0	0	0,0012	0,0000	188,9437
2022-03-29	22:20:00		60	0	0	0	0	0	0	0	0	0	0	0	0	0	0	0	0	0	0	0	0	0,0000	0,0000	188,9437
2022-03-29	22:21:00		60	0	0	0	0	0	0	0	0	0	0	0	0	0	0	0	0	0	0	0	0	0,0000	0,0000	188,9437
2022-03-29	22:22:00		60	0	0	0	0	0	0	0	0	0	0	0	0	0	0	0	0	0	0	0	0	0,0000	0,0000	188,9437
2022-03-29	22:23:00		60	0	0	0	0	0	0	0	0	0	0	0	0	0	0	0	0	0	0	0	0	0,0000	0,0000	188,9437
2022-03-29	22:24:00		60	0	0	0	0	0	0	0	0	0	0	0	0	0	0	0	0	0	0	0	0	0,0000	0,0000	188,9437
2022-03-29	22:25:00		60	0	0	0	0	0	0	0	0	0	0	0	0	0	0	0	0	0	0	0	0	0,0000	0,0000	188,9437
2022-03-29	22:26:00		60	0	0	0	0	0	0	0	0	0	0	0	0	0	0	0	0	0	0	0	0	0,0000	0,0000	188,9437
2022-03-29	22:27:00		60	0	0	0	0	0	0	0	0	0	0	0	0	0	0	0	0	0	0	0	0	0,0000	0,0000	188,9437
2022-03-29	22:28:00		60	0	0	0	0	0	0	0	0	0	0	0	0	0	0	0	0	0	0	0	0	0,0000	0,0000	188,9437
2022-03-29	22:29:00		60	0	0	0	0	0	0	0	0	0	0	0	0	0	0	0	0	0	0	0	0	0,0000	0,0000	188,9437
2022-03-29	22:30:00		60	0	0	0	0	0	0	0	0	0	0	0	0	0	0	0	0	0	0	0	0	0,0000	0,0000	188,9437
2022-03-29	22:31:00		60	0	0	0	0	0	0	0	0	0	0	0	0	0	0	0	0	0	0	0	0	0,0000	0,0000	188,9437
2022-03-29	22:32:00		60	0	0	0	0	0	0	0	0	0	0	0	0	0	0	0	0	0	0	0	0	0,0000	0,0000	188,9437
2022-03-29	22:33:00		60	4	0	0	0	0	0	0	0	0	0	0	0	0	0	0	0	0	0	0	0	0,0012	0,0000	188,9438
2022-03-29	22:34:00		60	0	0	0	0	0	0	0	0	0	0	0	0	0	0	0	0	0	0	0	0	0,0000	0,0000	188,9438
2022-03-29	22:35:00		60	0	0	0	0	0	0	0	0	0	0	0	0	0	0	0	0	0	0	0	0	0,0000	0,0000	188,9438
2022-03-29	22:36:00		60	0	0	0	0	0	0	0	0	0	0	0	0	0	0	0	0	0	0	0	0	0,0000	0,0000	188,9438
2022-03-29	22:37:00		60	0	0	0	0	0	0	0	0	0	0	0	0	0	0	0	0	0	0	0	0	0,0000	0,0000	188,9438
2022-03-29	22:38:00		60	0	0	0	0	0	0	0	0	0	0	0	0	0	0	0	0	0	0	0	0	0,0000	0,0000	188,9438
2022-03-29	22:39:00		60	0	0	0	0	0	0	0	0	0	0	0	0	0	0	0	0	0	0	0	0	0,0000	0,0000	188,9438
2022-03-29	22:40:00		60	0	0	0	0	0	0	0	0	0	0	0	0	0	0	0	0	0	0	0	0	0,0000	0,0000	188,9438
2022-03-29	22:41:00		60	0	0	0	0	0	0	0	0	0	0	0	0	0	0	0	0	0	0	0	0	0,0000	0,0000	188,9438
2022-03-29	22:42:00		60	0	0	0	0	0	0	0	0	0	0	0	0	0	0	0	0	0	0	0	0	0,0000	0,0000	188,9438
2022-03-29	22:43:00		60	4	0	0	0	0	0	0	0	0	0	0	0	0	0	0	0	0	0	0	0	0,0012	0,0000	188,9438
2022-03-29	22:44:00		60	0	0	0	0	0	0	0	0	0	0	0	0	0	0	0	0	0	0	0	0	0,0000	0,0000	188,9438
2022-03-29	22:45:00		60	0	0	0	0	0	0	0	0	0	0	0	0	0	0	0	0	0	0	0	0	0,0000	0,0000	188,9438
2022-03-29	22:46:00		60	0	0	0	0	0	0	0	0	0	0	0	0	0	0	0	0	0	0	0	0	0,0000	0,0000	188,9438
2022-03-29	22:47:00		60	0	0	0	0	0	0	0	0	0	0	0	0	0	0	0	0	0	0	0	0	0,0000	0,0000	188,9438
2022-03-29	22:48:00		60	0	0	0	0	0	0	0	0	0	0	0	0	0	0	0	0	0	0	0	0	0,0000	0,0000	188,9438
2022-03-29	22:49:00		60	0	0	0	0	0	0	0	0	0	0	0	0	0	0	0	0	0	0	0	0	0,0000	0,0000	188,9438
2022-03-29	22:50:00		60	0	0	0	0	0	0	0	0	0	0	0	0	0	0	0	0	0	0	0	0	0,0000	0,0000	188,9438
2022-03-29	22:51:00		60	0	0	0	0	0	0	0	0	0	0	0	0	0	0	0	0	0	0	0	0	0,0000	0,0000	188,9438
2022-03-29	22:52:00		60	0	0	0	0	0	0	0	0	0	0	0	0	0	0	0	0	0	0	0	0	0,0000	0,0000	188,9438
2022-03-29	22:53:00		60	1	0	0	0	0	0	1	0	0	0	0	0	0	0	0	0	0	0	0	0	0,0090	0,0002	188,9439
2022-03-29	22:54:00		60	0	0	0	0	0	0	1	0	0	0	0	0	0	0	0	0	0	0	0	0	0,0087	0,0001	188,9441
2022-03-29	22:55:00		60	0	1	0	0	1	0	14	17	1	0	0	0	0	0	0	0	0	0	0	0	0,3991	0,0067	188,9507
2022-03-29	22:56:00		60	0	0	1	0	0	3	32	7	2	1	0	0	0	0	0	0	0	0	0	0	0,4705	0,0078	188,9586
2022-03-29	22:57:00		60	0	0	0	2	1	8	54	22	4	0	0	0	0	0	0	0	0	0	0	0	0,9281	0,0155	188,9740
2022-03-29	22:58:00		60	5	5	1	2	0	10	66	21	4	0	0	0	0	0	0	0	0	0	0	0	1,0302	0,0172	188,9912
2022-03-29	22:59:00		60	3	6	2	2	12	19	93	32	3	3	0	0	0	0	0	0	0	0	0	0	1,5732	0,0262	189,0174
2022-03-29	23:00:00		60	26	12	3	8	38	57	123	45	15	2	11	2	3	1	0	0	0	0	0	0	3,6364	0,0606	189,0780
2022-03-29	23:01:00		60	49	13	8	44	75	101	114	87	39	33	43	13	1	0	0	0	0	0	0	0	7,8244	0,1304	189,2084
2022-03-29	23:02:00		60	40	18	20	36	57	87	123	74	50	34	58	13	6	0	0	0	0	0	0	0	9,0563	0,1509	189,3594
2022-03-29	23:03:00		60	55	26	34	75	59	70	98	68	31	34	38	16	6	2	1	2	0	0	0	0	8,7593	0,1460	189,5054
2022-03-29	23:04:00		60	65	38	24	65	37	64	82	52	32	27	41	13	9	8	0	0	0	0	0	0	8,4558	0,1409	189,6463
2022-03-29	23:05:00		60	68	46	45	44	39	45	67	77	33	32	46	21	7	6	1	0	0	0	0	0	9,2579	0,1543	189,8006
2022-03-29	23:06:00		60	83	49	42	47	34	45	60	57	24	27	43	37	7	4	3	2	0	0	0	0	10,2570	0,1709	189,9715
2022-03-29	23:07:00		60	61	70	45	63	43	70	89	62	30	30	47	20	6	9	4	0	0	0	0	0	10,2071	0,1701	190,1417
2022-03-29	23:08:00		60	61	71	55	68	58	97	78	61	37	36	49	19	13	2	3	0	0	0	0	0	10,1428	0,1690	190,3107
2022-03-29	23:09:00		60	49	60	65	65	58	80	92	61	47	40	56	28	5	3	1	0	0	0	0	0	10,3390	0,1723	190,4830
2022-03-29	23:10:00		60	46	72	64	81	54	80	99	73	62	50	70	23	8	2	2	2	0	0	0	0	12,4063	0,2068	190,6898
2022-03-29	23:11:00		60	23	45	52	66	55	79	142	106	76	71	96	39	16	9	4	3	0	0	0	0	19,0138	0,3169	191,0067
2022-03-29	23:12:00		60	22	39	46	74	57	100	182	116	87	83	128	72	22	4	1	0	0	0	0	0	22,4543	0,3742	191,3809
2022-03-29	23:13:00		60	27	49	56	69	52	99	166	116	74	51	85	33	16	1	1	0	0	0	0	0	15,2884	0,2548	191,6357
2022-03-29	23:14:00		60	46	49	49	65	54	78	123	98	43	41	56	14	3	0	1	0	0	0	0	0	9,3798	0,1563	191,7921
2022-03-29	23:15:00		60	44	61	53	72	47	62	131	80	49	35	32	11	1	0	0	0	0	0	0	0	7,3706	0,1228	191,9149
2022-03-29	23:16:00		60	25	82	66	82	59	61	122	105	50	39	31	3	0	0	0	0	0	0	0	0	7,1362	0,1189	192,0338
2022-03-29	23:17:00		60	34	49	44	49	47	62	175	134	58	57	73	58	8	1	3	0	0	0	0	0	16,0545	0,2676	192,3014
2022-03-29	23:18:00		60	14	26	38	48	44	80	180	155	123	108	111	63	8	5	0	0	0	0	0	0	21,3413	0,3557	192,6571
2022-03-29	23:19:00		60	1	7	13	48	39	102	290	309	177	117	148	104	18	4	2	0	0	0	0	0	31,9943	0,5332	193,1903
2022-03-29	23:20:00		60	2	13	33	43	48	93	260	265	160	112	142	48	11	1	0	0	0	0	0	0	24,6348	0,4106	193,6009
2022-03-29	23:21:00		60	3	17	46	54	47	82	232	283	192	113	133	35	3	0	0	0	0	0	0	0	23,0006	0,3833	193,9843
2022-03-29	23:22:00		60	8	22	34	46	35	94	209	169	115	95	101	34	5	0	0	0	0	0	0	0	17,6756	0,2946	194,2789
2022-03-29	23:23:00		60	9	28	28	42	41	90	250	245	148	109	101	22	3	0	0	0	0	0	0	0	19,1765	0,3196	194,5985
2022-03-29	23:24:00		60	3	8	25	36	44	80	259	206	134	98	124	55	5	2	0	0	0	0	0	0	21,9052	0,3651	194,9636
2022-03-29	23:25:00		60	3	18	29	67	50	103	236	190	160	110	128	46	4	0	0	0	0	0	0	0	21,6843	0,3614	195,3250
2022-03-29	23:26:00		60	6	23	27	42	35	79	171	184	125	90	99	40	4	2	0	0	0	0	0	0	18,0845	0,3014	195,6264
2022-03-29	23:27:00		60	10	25	34	47	36	78	205	150	93	76	103	35	4	1	0	0	0	0	0	0	16,4668	0,2744	195,9008
2022-03-29	23:28:00		60	16	26	31	64	31	63	203	143	51	57	69	27	2	1	0	0	0	0	0	0	12,5469	0,2091	196,1099
2022-03-29	23:29:00		60	14	23	38	29	25	62	208	180	106	87	93	38	6	0	2	0	0	0	0	0	17,6571	0,2943	196,4042
2022-03-29	23:30:00		60	12	26	40	49	38	65	209	179	96	74	77	34	4	0	0	0	0	0	0	0	15,5297	0,2588	196,6630
2022-03-29	23:31:00		60	18	29	37	54	34	69	171	162	88	86	71	19	1	2	0	0	0	0	0	0	13,7607	0,2293	196,8924
2022-03-29	23:32:00		60	12	26	35	41	32	80	217	187	89	73	62	23	1	0	0	0	0	0	0	0	13,7931	0,2299	197,1223
2022-03-29	23:33:00		60	5	17	40	42	29	89	203	241	129	81	60	16	1	0	0	0	0	0	0	0	15,0005	0,2500	197,3723
2022-03-29	23:34:00		60	9	30	50	59	29	84	231	142	89	74	69	12	0	0	0	0	0	0	0	0	12,7396	0,2123	197,5846
2022-03-29	23:35:00		60	9	19	35	47	43	90	205	167	101	112	128	36	4	0	0	0	0	0	0	0	19,0311	0,3172	197,9018
2022-03-29	23:36:00		60	5	15	34	41	45	63	196	202	161	130	128	41	4	1	0	0	0	0	0	0	21,6527	0,3609	198,2627
2022-03-29	23:37:00		60	3	7	22	41	27	64	246	245	139	153	160	74	11	5	0	0	0	0	0	0	28,0044	0,4667	198,7294
2022-03-29	23:38:00		60	5	20	38	53	49	67	237	262	197	158	96	13	1	0	0	0	0	0	0	0	20,6364	0,3439	199,0734
2022-03-29	23:39:00		60	5	41	36	49	35	100	220	269	113	53	30	6	0	0	0	0	0	0	0	0	12,3504	0,2058	199,2792
2022-03-29	23:40:00		60	7	30	34	48	39	74	222	227	123	51	35	13	0	0	0	0	0	0	0	0	12,5063	0,2084	199,4876
2022-03-29	23:41:00		60	8	22	43	43	32	99	321	180	81	61	88	25	5	1	0	0	0	0	0	0	16,0459	0,2674	199,7551
2022-03-29	23:42:00		60	10	26	42	51	36	118	210	204	108	79	81	25	6	2	0	0	0	0	0	0	16,6014	0,2767	200,0318
2022-03-29	23:43:00		60	18	18	40	49	40	105	253	139	96	83	106	51	6	2	0	0	0	0	0	0	18,7949	0,3132	200,3450
2022-03-29	23:44:00		60	21	33	36	45	42	103	214	164	75	67	53	30	4	0	1	0	0	0	0	0	13,7478	0,2291	200,5741
2022-03-29	23:45:00		60	18	28	42	52	37	130	196	140	65	67	55	26	7	2	0	0	0	0	0	0	13,3646	0,2227	200,7969
2022-03-29	23:46:00		60	24	47	39	60	58	108	223	138	56	41	42	16	7	2	0	1	0	0	0	0	11,5873	0,1931	200,9900
2022-03-29	23:47:00		60	35	50	54	48	44	77	107	84	32	32	54	19	2	5	1	0	0	0	0	0	9,3823	0,1564	201,1464
2022-03-29	23:48:00		60	45	54	41	36	31	63	89	45	44	27	43	18	6	9	1	0	0	0	0	0	9,0974	0,1516	201,2980
2022-03-29	23:49:00		60	41	51	29	42	27	53	90	54	25	16	25	25	7	3	2	2	0	0	0	0	8,1479	0,1358	201,4338
2022-03-29	23:50:00		60	52	43	44	54	27	50	71	57	29	28	37	16	14	3	1	0	0	0	0	0	8,3506	0,1392	201,5730
2022-03-29	23:51:00		60	56	46	36	41	20	64	67	46	20	26	41	17	8	1	0	0	0	0	0	0	7,0152	0,1169	201,6899
2022-03-29	23:52:00		60	42	46	23	24	24	45	81	50	38	25	41	29	11	6	3	2	0	0	0	0	10,5390	0,1756	201,8655
2022-03-29	23:53:00		60	32	36	24	38	38	82	109	84	59	56	84	52	18	4	0	0	0	0	0	0	15,7119	0,2619	202,1274
2022-03-29	23:54:00		60	17	26	35	38	33	105	189	163	94	104	98	41	5	4	0	0	0	0	0	0	18,2299	0,3038	202,4312
2022-03-29	23:55:00		60	38	34	39	62	57	90	171	136	81	61	54	16	12	2	2	0	0	0	0	0	13,3315	0,2222	202,6534
2022-03-29	23:56:00		60	30	38	52	56	51	94	152	90	32	46	51	28	5	0	2	0	0	0	0	0	10,6842	0,1781	202,8315
2022-03-29	23:57:00		60	43	43	50	57	41	62	113	73	40	19	28	9	2	0	0	0	0	0	0	0	6,1824	0,1030	202,9345
2022-03-29	23:58:00		60	36	59	30	49	32	43	77	59	29	21	36	17	2	1	0	0	0	0	0	0	6,4172	0,1070	203,0415
2022-03-29	23:59:00		60	56	44	22	34	20	42	63	43	23	24	26	14	3	2	1	0	0	0	0	0	5,7445	0,0957	203,1372
2022-03-30	00:00:00		60	56	28	24	30	16	37	53	32	19	22	20	14	4	0	1	0	0	0	0	0	4,8486	0,0808	203,2180
2022-03-30	00:01:00		60	23	31	26	31	21	28	49	29	15	9	22	6	1	0	0	0	0	0	0	0	3,2514	0,0542	203,2722
2022-03-30	00:02:00		60	22	26	18	31	16	37	45	30	19	22	15	7	0	0	0	0	0	0	0	0	3,3677	0,0561	203,3284
2022-03-30	00:03:00		60	21	33	20	34	22	40	61	31	19	16	9	1	0	0	0	0	0	0	0	0	2,6931	0,0449	203,3733
2022-03-30	00:04:00		60	18	28	30	34	27	37	61	43	19	9	1	0	0	0	0	0	0	0	0	0	2,2508	0,0375	203,4108
2022-03-30	00:05:00		60	30	14	23	40	27	35	73	35	20	11	3	3	0	1	0	0	0	0	0	0	2,7590	0,0460	203,4567
2022-03-30	00:06:00		60	28	23	24	31	32	44	65	40	18	8	7	4	0	2	0	0	0	0	0	0	3,0770	0,0513	203,5080
2022-03-30	00:07:00		60	29	23	25	22	22	39	55	26	17	21	16	6	0	1	0	0	0	0	0	0	3,4622	0,0577	203,5657
2022-03-30	00:08:00		60	30	22	13	18	22	40	79	52	19	20	23	7	1	3	0	0	0	0	0	0	4,8408	0,0807	203,6464
2022-03-30	00:09:00		60	39	19	20	25	28	58	76	52	23	27	15	4	2	0	0	0	0	0	0	0	4,3220	0,0720	203,7184
2022-03-30	00:10:00		60	29	17	19	22	22	38	61	43	22	17	14	3	1	0	0	0	0	0	0	0	3,3981	0,0566	203,7751
2022-03-30	00:11:00		60	21	17	19	35	20	61	50	33	16	8	12	6	1	0	0	0	0	0	0	0	3,0185	0,0503	203,8254
2022-03-30	00:12:00		60	16	16	17	21	28	73	71	29	9	4	4	0	0	0	0	0	0	0	0	0	2,0335	0,0339	203,8593
2022-03-30	00:13:00		60	14	21	14	25	16	57	51	29	12	8	9	1	0	0	0	0	0	0	0	0	2,2265	0,0371	203,8964
2022-03-30	00:14:00		60	11	18	11	24	26	38	51	18	13	10	10	1	0	0	0	0	0	0	0	0	2,1173	0,0353	203,9317
2022-03-30	00:15:00		60	14	11	17	29	26	46	38	24	7	3	2	0	0	0	0	0	0	0	0	0	1,3872	0,0231	203,9548
2022-03-30	00:16:00		60	11	14	21	32	20	53	33	20	7	7	9	1	0	0	0	0	0	0	0	0	1,8068	0,0301	203,9849
2022-03-30	00:17:00		60	6	14	13	21	30	45	34	20	4	2	3	0	0	0	0	0	0	0	0	0	1,2314	0,0205	204,0054
2022-03-30	00:18:00		60	6	19	19	23	22	35	41	24	2	5	1	0	0	0	0	0	0	0	0	0	1,2500	0,0208	204,0263
2022-03-30	00:19:00		60	10	19	19	22	15	41	44	13	8	7	6	0	0	0	0	0	0	0	0	0	1,5275	0,0255	204,0517
2022-03-30	00:20:00		60	12	14	17	17	21	33	48	9	3	6	5	1	0	0	0	0	0	0	0	0	1,3610	0,0227	204,0744
2022-03-30	00:21:00		60	12	18	16	17	21	25	25	18	16	6	11	0	0	0	0	0	0	0	0	0	1,7266	0,0288	204,1032
2022-03-30	00:22:00		60	9	17	22	23	11	32	28	27	15	13	11	1	0	0	0	0	0	0	0	0	2,1603	0,0360	204,1392
2022-03-30	00:23:00		60	11	15	20	16	17	33	51	25	11	7	4	2	0	0	0	0	0	0	0	0	1,8436	0,0307	204,1699
2022-03-30	00:24:00		60	11	26	13	14	5	31	57	38	12	8	6	3	0	0	1	0	0	0	0	0	2,4563	0,0409	204,2109
2022-03-30	00:25:00		60	16	12	11	11	8	30	53	23	11	5	9	1	1	0	0	0	0	0	0	0	1,9701	0,0328	204,2437
2022-03-30	00:26:00		60	22	31	19	13	15	40	48	18	4	4	5	2	3	1	0	0	0	0	0	0	2,0280	0,0338	204,2775
2022-03-30	00:27:00		60	32	19	17	16	20	38	42	18	10	8	5	2	0	0	0	0	0	0	0	0	1,7506	0,0292	204,3067
2022-03-30	00:28:00		60	25	26	24	27	25	55	47	17	10	5	4	2	0	0	0	0	0	0	0	0	1,7732	0,0296	204,3362
2022-03-30	00:29:00		60	27	21	18	26	28	38	56	13	9	6	7	1	0	0	0	0	0	0	0	0	1,7763	0,0296	204,3658
2022-03-30	00:30:00		60	18	22	20	41	24	63	53	25	8	4	9	0	1	0	0	0	0	0	0	0	2,1070	0,0351	204,4009
2022-03-30	00:31:00		60	22	21	20	35	31	41	40	18	10	4	15	6	0	0	0	0	0	0	0	0	2,4272	0,0405	204,4414
2022-03-30	00:32:00		60	12	19	22	28	22	35	39	21	7	8	5	0	0	0	0	0	0	0	0	0	1,5718	0,0262	204,4676
2022-03-30	00:33:00		60	11	26	29	34	19	34	40	22	12	9	11	2	0	0	0	0	0	0	0	0	2,1484	0,0358	204,5034
2022-03-30	00:34:00		60	10	17	20	22	20	48	54	25	14	5	5	2	0	0	0	0	0	0	0	0	2,0120	0,0335	204,5369
2022-03-30	00:35:00		60	13	15	19	21	19	63	69	29	23	14	4	0	0	0	0	0	0	0	0	0	2,5334	0,0422	204,5792
2022-03-30	00:36:00		60	17	21	17	18	19	72	87	38	7	13	7	0	0	0	0	0	0	0	0	0	2,6236	0,0437	204,6229
2022-03-30	00:37:00		60	21	26	23	29	28	67	91	24	17	12	8	4	0	0	0	0	0	0	0	0	3,0023	0,0500	204,6729
2022-03-30	00:38:00		60	12	20	33	27	33	65	59	32	11	12	6	3	0	0	0	0	0	0	0	0	2,5580	0,0426	204,7156
2022-03-30	00:39:00		60	11	27	23	30	27	79	62	24	10	7	4	0	0	0	0	0	0	0	0	0	2,0424	0,0340	204,7496
2022-03-30	00:40:00		60	13	40	32	30	27	60	54	27	7	2	1	0	0	0	0	0	0	0	0	0	1,6027	0,0267	204,7763
2022-03-30	00:41:00		60	11	20	21	22	28	46	71	5	3	0	0	0	0	0	0	0	0	0	0	0	1,1352	0,0189	204,7952
2022-03-30	00:42:00		60	18	27	26	23	13	70	53	4	0	0	0	0	0	0	0	0	0	0	0	0	0,9836	0,0164	204,8116
2022-03-30	00:43:00		60	13	24	19	32	21	87	51	6	1	1	0	0	0	0	0	0	0	0	0	0	1,1560	0,0193	204,8309
2022-03-30	00:44:00		60	8	27	17	33	37	72	43	13	2	1	0	0	0	0	0	0	0	0	0	0	1,1856	0,0198	204,8507
2022-03-30	00:45:00		60	21	27	24	31	33	72	41	3	1	3	0	0	0	0	0	0	0	0	0	0	1,0526	0,0175	204,8682
2022-03-30	00:46:00		60	16	24	26	20	40	53	28	6	1	0	0	0	0	0	0	0	0	0	0	0	0,8052	0,0134	204,8816
2022-03-30	00:47:00		60	10	23	20	27	28	37	25	3	2	0	0	0	0	0	0	0	0	0	0	0	0,6487	0,0108	204,8924
2022-03-30	00:48:00		60	15	28	27	31	28	28	13	2	0	0	0	0	0	0	0	0	0	0	0	0	0,4620	0,0077	204,9001
2022-03-30	00:49:00		60	9	34	44	29	34	60	17	4	0	0	0	0	0	0	0	0	0	0	0	0	0,7130	0,0119	204,9120
2022-03-30	00:50:00		60	14	35	36	20	34	75	31	9	0	0	0	0	0	0	0	0	0	0	0	0	0,9587	0,0160	204,9280
2022-03-30	00:51:00		60	17	30	37	31	32	65	33	1	1	1	1	0	0	0	0	0	0	0	0	0	0,9169	0,0153	204,9433
2022-03-30	00:52:00		60	17	44	23	26	29	54	38	5	3	0	0	1	0	0	0	0	0	0	0	0	0,9858	0,0164	204,9597
2022-03-30	00:53:00		60	31	32	30	31	29	49	47	18	9	3	11	1	0	0	0	0	0	0	0	0	1,9451	0,0324	204,9921
2022-03-30	00:54:00		60	20	27	33	34	15	30	35	13	12	11	6	0	0	0	0	0	0	0	0	0	1,6418	0,0274	205,0195
2022-03-30	00:55:00		60	16	29	24	16	16	12	24	22	8	6	2	0	0	0	0	0	0	0	0	0	1,1479	0,0191	205,0386
2022-03-30	00:56:00		60	16	13	15	19	13	21	30	21	7	11	6	0	0	0	0	0	0	0	0	0	1,5055	0,0251	205,0637
2022-03-30	00:57:00		60	14	15	30	16	21	25	35	24	9	5	5	1	0	0	0	0	0	0	0	0	1,5443	0,0257	205,0894
2022-03-30	00:58:00		60	8	23	24	26	18	48	63	37	10	4	4	0	0	0	0	0	0	0	0	0	1,9733	0,0329	205,1223
2022-03-30	00:59:00		60	16	17	20	24	31	41	42	30	11	5	7	0	0	0	0	0	0	0	0	0	1,8634	0,0311	205,1534
2022-03-30	01:00:00		60	13	12	27	32	20	53	68	31	11	10	2	2	0	0	0	0	0	0	0	0	2,2190	0,0370	205,1904
2022-03-30	01:01:00		60	25	28	42	34	44	66	72	28	8	7	15	3	2	0	0	0	0	0	0	0	3,0818	0,0514	205,2417
2022-03-30	01:02:00		60	20	42	38	42	24	59	43	16	11	15	12	9	0	1	0	0	0	0	0	0	3,1073	0,0518	205,2935
2022-03-30	01:03:00		60	18	34	28	34	33	50	14	7	9	10	19	5	0	0	0	0	0	0	0	0	2,3550	0,0392	205,3328
2022-03-30	01:04:00		60	24	39	36	39	25	15	6	6	4	5	6	1	0	0	0	0	0	0	0	0	0,9889	0,0165	205,3493
2022-03-30	01:05:00		60	27	23	16	39	13	27	23	5	3	0	0	0	0	0	0	0	0	0	0	0	0,6133	0,0102	205,3595
2022-03-30	01:06:00		60	23	40	36	22	32	62	16	3	0	0	0	0	0	0	0	0	0	0	0	0	0,6800	0,0113	205,3708
2022-03-30	01:07:00		60	18	38	22	41	25	28	10	0	0	0	0	0	0	0	0	0	0	0	0	0	0,4168	0,0069	205,3778
2022-03-30	01:08:00		60	17	49	39	28	8	13	3	1	0	0	0	0	0	0	0	0	0	0	0	0	0,2508	0,0042	205,3819
2022-03-30	01:09:00		60	27	40	29	18	15	14	12	0	3	2	1	0	0	0	0	0	0	0	0	0	0,4752	0,0079	205,3899
2022-03-30	01:10:00		60	32	34	28	18	20	37	18	14	11	8	3	0	0	0	0	0	0	0	0	0	1,2898	0,0215	205,4113
2022-03-30	01:11:00		60	25	45	8	27	14	17	57	28	5	8	8	1	0	0	0	0	0	0	0	0	1,8875	0,0315	205,4428
2022-03-30	01:12:00		60	20	38	39	31	6	64	58	17	3	8	1	0	0	0	0	0	0	0	0	0	1,5463	0,0258	205,4686
2022-03-30	01:13:00		60	22	32	27	14	25	60	24	17	5	0	1	0	0	0	0	0	0	0	0	0	1,0501	0,0175	205,4861
2022-03-30	01:14:00		60	19	24	16	18	27	38	22	3	8	2	4	0	0	0	0	0	0	0	0	0	0,9699	0,0162	205,5022
2022-03-30	01:15:00		60	17	27	14	28	13	24	25	13	5	1	0	0	0	0	0	0	0	0	0	0	0,7847	0,0131	205,5153
2022-03-30	01:16:00		60	11	16	17	21	25	29	18	0	0	0	0	0	0	0	0	0	0	0	0	0	0,4356	0,0073	205,5226
2022-03-30	01:17:00		60	17	17	20	26	17	20	7	1	1	0	0	0	0	0	0	0	0	0	0	0	0,3241	0,0054	205,5280
2022-03-30	01:18:00		60	10	26	20	22	12	9	4	2	0	0	0	0	0	0	0	0	0	0	0	0	0,2205	0,0037	205,5317
2022-03-30	01:19:00		60	24	26	13	14	2	1	1	1	1	0	0	0	0	0	0	0	0	0	0	0	0,1164	0,0019	205,5336
2022-03-30	01:20:00		60	10	15	12	3	0	4	3	3	0	1	0	0	0	0	0	0	0	0	0	0	0,1485	0,0025	205,5361
2022-03-30	01:21:00		60	11	16	4	2	2	5	4	4	2	1	0	0	0	0	0	0	0	0	0	0	0,2162	0,0036	205,5397
2022-03-30	01:22:00		60	10	11	2	8	6	17	20	3	1	1	0	0	0	0	0	0	0	0	0	0	0,3939	0,0066	205,5462
2022-03-30	01:23:00		60	11	6	4	7	13	24	7	2	0	0	0	0	0	0	0	0	0	0	0	0	0,2663	0,0044	205,5507
2022-03-30	01:24:00		60	4	7	10	12	20	30	19	2	1	1	2	0	0	0	0	0	0	0	0	0	0,5720	0,0095	205,5602
2022-03-30	01:25:00		60	4	7	12	30	24	29	17	0	3	8	3	1	0	0	0	0	0	0	0	0	0,9280	0,0155	205,5757
2022-03-30	01:26:00		60	7	4	7	15	12	17	27	27	11	8	10	0	0	0	0	0	0	0	0	0	1,6973	0,0283	205,6040
2022-03-30	01:27:00		60	5	7	13	17	7	26	52	25	10	3	1	0	1	0	0	0	0	0	0	0	1,4724	0,0245	205,6285
2022-03-30	01:28:00		60	2	13	21	24	21	42	40	11	2	0	1	0	0	0	0	0	0	0	0	0	0,9334	0,0156	205,6441
2022-03-30	01:29:00		60	9	19	21	18	33	45	39	5	3	0	1	0	0	0	0	0	0	0	0	0	0,9010	0,0150	205,6591
2022-03-30	01:30:00		60	7	12	16	35	18	42	21	5	1	1	0	0	0	0	0	0	0	0	0	0	0,6486	0,0108	205,6699
2022-03-30	01:31:00		60	14	12	20	24	19	31	11	3	0	0	0	0	0	0	0	0	0	0	0	0	0,4182	0,0070	205,6769
2022-03-30	01:32:00		60	10	10	24	15	20	30	18	6	0	0	0	0	0	0	0	0	0	0	0	0	0,5078	0,0085	205,6853
2022-03-30	01:33:00		60	5	20	17	12	14	32	14	0	0	0	0	0	0	0	0	0	0	0	0	0	0,3680	0,0061	205,6915
2022-03-30	01:34:00		60	11	14	9	11	14	29	15	3	0	0	0	0	0	0	0	0	0	0	0	0	0,3949	0,0066	205,6980
2022-03-30	01:35:00		60	14	9	19	25	13	31	28	7	6	3	5	1	0	0	0	0	0	0	0	0	1,1154	0,0186	205,7166
2022-03-30	01:36:00		60	12	12	14	19	26	28	29	12	5	2	0	0	0	0	0	0	0	0	0	0	0,8641	0,0144	205,7310
2022-03-30	01:37:00		60	8	16	24	16	19	44	36	13	0	0	0	0	0	1	0	0	0	0	0	0	0,9859	0,0164	205,7475
2022-03-30	01:38:00		60	15	13	9	23	29	30	14	6	2	4	8	6	1	0	0	0	0	0	0	0	1,5537	0,0259	205,7734
2022-03-30	01:39:00		60	15	7	13	28	16	27	33	17	6	3	6	2	0	0	0	0	0	0	0	0	1,4112	0,0235	205,7969
2022-03-30	01:40:00		60	7	10	13	14	11	30	29	11	3	1	0	0	0	0	0	0	0	0	0	0	0,7312	0,0122	205,8091
2022-03-30	01:41:00		60	7	24	10	12	25	52	32	3	0	0	0	0	0	0	0	0	0	0	0	0	0,6926	0,0115	205,8206
2022-03-30	01:42:00		60	13	13	17	25	27	32	6	1	0	0	0	0	0	0	0	0	0	0	0	0	0,3717	0,0062	205,8268
2022-03-30	01:43:00		60	4	8	13	23	32	11	5	1	1	0	0	0	0	0	0	0	0	0	0	0	0,2850	0,0048	205,8316
2022-03-30	01:44:00		60	8	16	16	20	9	8	8	1	0	1	0	0	0	0	0	0	0	0	0	0	0,2419	0,0040	205,8356
2022-03-30	01:45:00		60	8	16	20	7	6	7	14	6	5	3	0	0	0	0	0	0	0	0	0	0	0,5015	0,0084	205,8439
2022-03-30	01:46:00		60	6	12	18	7	14	26	15	9	2	0	0	0	0	0	0	0	0	0	0	0	0,5121	0,0085	205,8525
2022-03-30	01:47:00		60	4	9	5	9	29	21	14	2	1	0	0	0	0	0	0	0	0	0	0	0	0,3850	0,0064	205,8589
2022-03-30	01:48:00		60	6	4	12	20	18	24	22	5	1	0	0	0	0	0	0	0	0	0	0	0	0,5065	0,0084	205,8673
2022-03-30	01:49:00		60	6	11	15	19	24	45	44	0	0	0	0	1	0	0	0	0	0	0	0	0	0,7987	0,0133	205,8807
2022-03-30	01:50:00		60	13	13	14	20	29	55	20	6	5	3	3	0	0	0	0	0	0	0	0	0	0,9978	0,0166	205,8973
2022-03-30	01:51:00		60	5	16	11	38	35	31	27	14	4	3	1	0	0	0	0	0	0	0	0	0	0,9989	0,0166	205,9139
2022-03-30	01:52:00		60	9	19	14	19	23	21	26	13	0	0	0	0	0	0	0	0	0	0	0	0	0,6486	0,0108	205,9247
2022-03-30	01:53:00		60	7	23	17	29	8	41	26	1	0	0	0	0	0	0	0	0	0	0	0	0	0,5459	0,0091	205,9338
2022-03-30	01:54:00		60	9	19	24	22	25	28	5	0	0	0	0	0	0	0	0	0	0	0	0	0	0,3277	0,0055	205,9393
2022-03-30	01:55:00		60	12	18	13	15	8	10	0	0	0	0	0	0	0	0	0	0	0	0	0	0	0,1253	0,0021	205,9414
2022-03-30	01:56:00		60	14	13	6	6	10	6	0	0	0	0	2	0	0	0	0	0	0	0	0	0	0,1740	0,0029	205,9443
2022-03-30	01:57:00		60	7	7	3	4	2	0	2	1	0	3	2	0	0	0	0	0	0	0	0	0	0,2293	0,0038	205,9481
2022-03-30	01:58:00		60	10	12	2	2	1	1	12	7	4	1	0	0	0	0	0	0	0	0	0	0	0,3467	0,0058	205,9539
2022-03-30	01:59:00		60	19	9	1	0	0	10	14	1	0	0	0	0	0	0	0	0	0	0	0	0	0,1968	0,0033	205,9572
2022-03-30	02:00:00		60	12	0	0	1	8	14	6	0	0	0	0	0	0	1	0	0	0	0	0	0	0,2960	0,0049	205,9621
2022-03-30	02:01:00		60	1	0	0	0	11	14	4	1	0	0	0	0	0	0	0	0	0	0	0	0	0,1487	0,0025	205,9646
2022-03-30	02:02:00		60	8	2	2	11	7	5	3	0	0	0	0	0	0	0	0	0	0	0	0	0	0,0954	0,0016	205,9662
2022-03-30	02:03:00		60	9	4	6	8	3	3	0	1	1	0	1	1	0	0	0	0	0	0	0	0	0,2011	0,0034	205,9695
2022-03-30	02:04:00		60	6	13	11	1	3	4	7	13	10	4	10	1	0	0	0	0	0	0	0	0	1,1465	0,0191	205,9886
2022-03-30	02:05:00		60	4	11	9	12	3	18	26	10	4	4	2	0	0	0	0	0	0	0	0	0	0,7980	0,0133	206,0019
2022-03-30	02:06:00		60	5	8	12	14	25	24	22	9	3	1	2	0	0	0	0	0	0	0	0	0	0,7371	0,0123	206,0142
2022-03-30	02:07:00		60	5	8	8	28	21	16	15	6	0	0	0	0	0	0	0	0	0	0	0	0	0,4211	0,0070	206,0212
2022-03-30	02:08:00		60	6	10	16	24	13	20	15	0	0	0	0	0	0	0	0	0	0	0	0	0	0,3311	0,0055	206,0268
2022-03-30	02:09:00		60	8	9	12	16	11	22	7	0	0	0	0	0	0	0	0	0	0	0	0	0	0,2467	0,0041	206,0309
2022-03-30	02:10:00		60	11	14	13	20	22	17	8	0	0	0	0	0	0	0	0	0	0	0	0	0	0,2751	0,0046	206,0354
2022-03-30	02:11:00		60	12	12	25	21	15	18	4	0	0	0	0	0	0	0	0	0	0	0	0	0	0,2383	0,0040	206,0394
2022-03-30	02:12:00		60	12	12	12	18	23	2	0	0	0	0	0	0	0	0	0	0	0	0	0	0	0,1309	0,0022	206,0416
2022-03-30	02:13:00		60	7	13	16	29	3	0	0	0	0	0	0	0	0	0	0	0	0	0	0	0	0,0866	0,0014	206,0430
2022-03-30	02:14:00		60	13	14	3	4	0	1	0	0	0	0	0	0	0	0	0	0	0	0	0	0	0,0271	0,0005	206,0435
2022-03-30	02:15:00		60	7	2	3	0	1	0	0	0	0	0	0	0	0	0	0	0	0	0	0	0	0,0093	0,0002	206,0437
2022-03-30	02:16:00		60	0	0	0	0	0	0	0	0	0	0	0	0	0	0	0	0	0	0	0	0	0,0000	0,0000	206,0437
2022-03-30	02:17:00		60	2	5	0	0	0	0	0	0	0	0	0	0	0	0	0	0	0	0	0	0	0,0035	0,0001	206,0437
2022-03-30	02:18:00		60	0	0	0	0	0	0	0	0	0	0	0	0	0	0	0	0	0	0	0	0	0,0000	0,0000	206,0437
2022-03-30	02:19:00		60	0	0	0	0	0	0	0	0	0	0	0	0	0	0	0	0	0	0	0	0	0,0000	0,0000	206,0437
2022-03-30	02:20:00		60	0	0	0	0	0	0	0	0	0	0	0	0	0	0	0	0	0	0	0	0	0,0000	0,0000	206,0437
2022-03-30	02:21:00		60	0	0	0	0	0	0	0	0	0	0	0	0	0	0	0	0	0	0	0	0	0,0000	0,0000	206,0437
2022-03-30	02:22:00		60	0	0	0	0	0	0	0	0	0	0	0	0	0	0	0	0	0	0	0	0	0,0000	0,0000	206,0437
2022-03-30	02:23:00		60	0	0	0	0	0	0	0	0	0	0	0	0	0	0	0	0	0	0	0	0	0,0000	0,0000	206,0437
2022-03-30	02:24:00		60	0	0	0	0	0	0	0	0	0	0	0	0	0	0	0	0	0	0	0	0	0,0000	0,0000	206,0437
2022-03-30	02:25:00		60	0	0	0	0	0	0	0	0	0	0	0	0	0	0	0	0	0	0	0	0	0,0000	0,0000	206,0437
2022-03-30	02:26:00		60	0	0	0	0	0	0	0	0	0	0	0	0	0	0	0	0	0	0	0	0	0,0000	0,0000	206,0437
2022-03-30	02:27:00		60	0	0	0	0	0	0	0	0	0	0	0	0	0	0	0	0	0	0	0	0	0,0000	0,0000	206,0437
2022-03-30	02:28:00		60	0	0	0	0	0	0	0	0	0	0	0	0	0	0	0	0	0	0	0	0	0,0000	0,0000	206,0437
2022-03-30	02:29:00		60	1	0	0	0	1	0	0	0	0	0	0	0	0	0	0	0	0	0	0	0	0,0032	0,0001	206,0438
2022-03-30	02:30:00		60	0	0	0	0	0	0	0	0	0	0	0	0	0	0	0	0	0	0	0	0	0,0000	0,0000	206,0438
2022-03-30	02:31:00		60	0	0	0	0	0	0	0	0	0	0	0	0	0	0	0	0	0	0	0	0	0,0000	0,0000	206,0438
2022-03-30	02:32:00		60	0	0	0	0	0	0	0	0	0	0	0	0	0	0	0	0	0	0	0	0	0,0000	0,0000	206,0438
2022-03-30	02:33:00		60	0	0	0	0	0	0	0	0	0	0	0	0	0	0	0	0	0	0	0	0	0,0000	0,0000	206,0438
2022-03-30	02:34:00		60	0	0	0	0	0	0	0	0	0	0	0	0	0	0	0	0	0	0	0	0	0,0000	0,0000	206,0438
2022-03-30	02:35:00		60	0	0	0	0	0	0	0	0	0	0	0	0	0	0	0	0	0	0	0	0	0,0000	0,0000	206,0438
2022-03-30	02:36:00		60	0	0	0	0	0	0	0	0	0	0	0	0	0	0	0	0	0	0	0	0	0,0000	0,0000	206,0438
2022-03-30	02:37:00		60	4	0	0	0	0	0	0	0	0	0	0	0	0	0	0	0	0	0	0	0	0,0012	0,0000	206,0438
2022-03-30	02:38:00		60	0	0	0	0	0	0	0	0	0	0	0	0	0	0	0	0	0	0	0	0	0,0000	0,0000	206,0438
2022-03-30	02:39:00		60	1	0	0	0	0	0	0	0	2	0	1	0	0	0	0	0	0	0	0	0	0,0871	0,0015	206,0452
2022-03-30	02:40:00		60	1	0	0	0	0	0	0	1	3	0	0	0	0	0	0	0	0	0	0	0	0,0795	0,0013	206,0466
2022-03-30	02:41:00		60	3	0	0	0	0	0	0	1	0	0	0	0	0	0	0	0	0	0	0	0	0,0157	0,0003	206,0468
2022-03-30	02:42:00		60	1	0	0	1	0	0	1	0	0	0	0	0	0	0	0	0	0	0	0	0	0,0108	0,0002	206,0470
2022-03-30	02:43:00		60	0	0	0	0	0	0	0	0	0	0	0	0	0	0	0	0	0	0	0	0	0,0000	0,0000	206,0470
2022-03-30	02:44:00		60	0	0	0	0	0	0	0	0	0	0	0	0	0	0	0	0	0	0	0	0	0,0000	0,0000	206,0470
2022-03-30	02:45:00		60	0	0	0	0	0	0	0	0	0	0	0	0	0	0	0	0	0	0	0	0	0,0000	0,0000	206,0470
2022-03-30	02:46:00		60	0	0	0	0	0	0	0	0	0	0	0	0	0	0	0	0	0	0	0	0	0,0000	0,0000	206,0470
2022-03-30	02:47:00		60	0	0	0	0	0	0	0	0	0	0	0	0	0	0	0	0	0	0	0	0	0,0000	0,0000	206,0470
2022-03-30	02:48:00		60	0	0	0	0	0	0	0	0	0	0	0	0	0	0	0	0	0	0	0	0	0,0000	0,0000	206,0470
2022-03-30	02:49:00		60	0	0	0	0	0	0	0	0	0	0	0	0	0	0	0	0	0	0	0	0	0,0000	0,0000	206,0470
2022-03-30	02:50:00		60	0	0	0	0	0	0	0	0	0	0	0	0	0	0	0	0	0	0	0	0	0,0000	0,0000	206,0470
2022-03-30	02:51:00		60	0	0	0	0	0	0	0	0	0	0	0	0	0	0	0	0	0	0	0	0	0,0000	0,0000	206,0470
2022-03-30	02:52:00		60	0	0	0	0	0	0	0	0	0	0	0	0	0	0	0	0	0	0	0	0	0,0000	0,0000	206,0470
2022-03-30	02:53:00		60	0	0	0	0	0	0	0	0	0	0	0	0	0	0	0	0	0	0	0	0	0,0000	0,0000	206,0470
2022-03-30	02:54:00		60	0	0	0	0	0	0	0	0	0	0	0	0	0	0	0	0	0	0	0	0	0,0000	0,0000	206,0470
2022-03-30	02:55:00		60	0	0	0	0	0	0	0	0	0	0	0	0	0	0	0	0	0	0	0	0	0,0000	0,0000	206,0470
2022-03-30	02:56:00		60	0	0	0	0	0	0	0	0	0	0	0	0	0	0	0	0	0	0	0	0	0,0000	0,0000	206,0470
2022-03-30	02:57:00		60	0	0	0	0	0	0	0	0	0	0	0	0	0	0	0	0	0	0	0	0	0,0000	0,0000	206,0470
2022-03-30	02:58:00		60	0	0	0	0	0	0	0	0	0	0	0	0	0	0	0	0	0	0	0	0	0,0000	0,0000	206,0470
2022-03-30	02:59:00		60	6	0	0	0	0	0	0	0	0	0	0	0	0	0	0	0	0	0	0	0	0,0017	0,0000	206,0470
2022-03-30	03:00:00		60	0	0	0	0	0	0	0	0	0	0	0	0	0	0	0	0	0	0	0	0	0,0000	0,0000	206,0470
2022-03-30	03:01:00		60	0	0	0	0	0	0	0	0	0	0	0	0	0	0	0	0	0	0	0	0	0,0000	0,0000	206,0470
2022-03-30	03:02:00		60	0	0	0	0	0	0	0	0	0	0	0	0	0	0	0	0	0	0	0	0	0,0000	0,0000	206,0470
2022-03-30	03:03:00		60	0	0	0	0	0	0	0	0	0	0	0	0	0	0	0	0	0	0	0	0	0,0000	0,0000	206,0470
2022-03-30	03:04:00		60	6	0	0	0	0	0	0	0	0	0	0	0	0	0	0	0	0	0	0	0	0,0017	0,0000	206,0471
2022-03-30	03:05:00		60	0	0	0	0	0	0	0	0	0	0	0	0	0	0	0	0	0	0	0	0	0,0000	0,0000	206,0471
2022-03-30	03:06:00		60	0	0	0	0	0	0	0	0	0	0	0	0	0	0	0	0	0	0	0	0	0,0000	0,0000	206,0471
2022-03-30	03:07:00		60	0	0	0	0	0	0	0	0	0	0	0	0	0	0	0	0	0	0	0	0	0,0000	0,0000	206,0471
2022-03-30	03:08:00		60	0	0	0	0	0	0	0	0	0	0	0	0	0	0	0	0	0	0	0	0	0,0000	0,0000	206,0471
2022-03-30	03:09:00		60	0	0	0	0	0	0	0	0	0	0	0	0	0	0	0	0	0	0	0	0	0,0000	0,0000	206,0471
2022-03-30	03:10:00		60	0	0	1	0	0	0	0	0	0	0	0	0	0	0	0	0	0	0	0	0	0,0011	0,0000	206,0471
2022-03-30	03:11:00		60	3	10	0	0	0	0	0	0	0	0	0	0	0	0	0	0	0	0	0	0	0,0068	0,0001	206,0472
2022-03-30	03:12:00		60	4	15	0	0	0	0	0	0	0	0	0	0	0	0	0	0	0	0	0	0	0,0100	0,0002	206,0474
2022-03-30	03:13:00		60	7	1	0	0	0	0	0	0	0	0	0	0	0	0	0	0	0	0	0	0	0,0026	0,0000	206,0474
2022-03-30	03:14:00		60	3	0	1	0	0	0	0	0	0	0	0	0	0	0	0	0	0	0	0	0	0,0019	0,0000	206,0474
2022-03-30	03:15:00		60	0	0	0	0	0	0	0	0	0	0	0	0	0	0	0	0	0	0	0	0	0,0000	0,0000	206,0474
2022-03-30	03:16:00		60	5	0	0	0	0	0	0	0	0	0	0	0	0	0	0	0	0	0	0	0	0,0015	0,0000	206,0475
2022-03-30	03:17:00		60	0	0	0	0	0	0	0	0	0	0	0	0	0	0	0	0	0	0	0	0	0,0000	0,0000	206,0475
2022-03-30	03:18:00		60	0	0	0	0	0	0	0	0	0	0	0	0	0	0	0	0	0	0	0	0	0,0000	0,0000	206,0475
2022-03-30	03:19:00		60	0	0	0	0	0	0	0	0	0	0	0	0	0	0	0	0	0	0	0	0	0,0000	0,0000	206,0475
2022-03-30	03:20:00		60	0	0	0	0	0	0	0	0	0	0	0	0	0	0	0	0	0	0	0	0	0,0000	0,0000	206,0475
2022-03-30	03:21:00		60	0	0	0	0	0	0	0	0	0	0	0	0	0	0	0	0	0	0	0	0	0,0000	0,0000	206,0475
2022-03-30	03:22:00		60	0	0	0	0	0	0	0	0	0	0	0	0	0	0	0	0	0	0	0	0	0,0000	0,0000	206,0475
2022-03-30	03:23:00		60	0	0	0	0	0	0	0	0	0	0	0	0	0	0	0	0	0	0	0	0	0,0000	0,0000	206,0475
2022-03-30	03:24:00		60	0	0	0	0	0	0	0	0	0	0	0	0	0	0	0	0	0	0	0	0	0,0000	0,0000	206,0475
2022-03-30	03:25:00		60	0	0	0	0	0	0	0	0	0	0	0	0	0	0	0	0	0	0	0	0	0,0000	0,0000	206,0475
2022-03-30	03:26:00		60	0	0	0	0	0	0	0	0	0	0	0	0	0	0	0	0	0	0	0	0	0,0000	0,0000	206,0475
2022-03-30	03:27:00		60	0	0	0	0	0	0	0	0	0	0	0	0	0	0	0	0	0	0	0	0	0,0000	0,0000	206,0475
2022-03-30	03:28:00		60	0	0	0	0	0	0	0	0	0	0	0	0	0	0	0	0	0	0	0	0	0,0000	0,0000	206,0475
2022-03-30	03:29:00		60	0	0	0	0	0	0	0	0	0	0	0	0	0	0	0	0	0	0	0	0	0,0000	0,0000	206,0475
2022-03-30	03:30:00		60	0	0	0	0	0	0	0	0	0	0	0	0	0	0	0	0	0	0	0	0	0,0000	0,0000	206,0475
2022-03-30	03:31:00		60	0	0	0	0	0	0	0	0	0	0	0	0	0	0	0	0	0	0	0	0	0,0000	0,0000	206,0475
2022-03-30	03:32:00		60	0	0	0	0	0	0	0	0	0	0	0	0	0	0	0	0	0	0	0	0	0,0000	0,0000	206,0475
2022-03-30	03:33:00		60	0	0	0	0	0	0	0	0	0	0	0	0	0	0	0	0	0	0	0	0	0,0000	0,0000	206,0475
2022-03-30	03:34:00		60	0	0	0	0	0	0	0	0	0	0	0	0	0	0	0	0	0	0	0	0	0,0000	0,0000	206,0475
2022-03-30	03:35:00		60	0	0	0	0	0	0	0	0	0	0	0	0	0	0	0	0	0	0	0	0	0,0000	0,0000	206,0475
2022-03-30	03:36:00		60	0	0	0	0	0	0	0	0	0	0	0	0	0	0	0	0	0	0	0	0	0,0000	0,0000	206,0475
2022-03-30	03:37:00		60	0	0	0	0	0	0	0	0	0	0	0	0	0	0	0	0	0	0	0	0	0,0000	0,0000	206,0475
2022-03-30	03:38:00		60	0	0	0	0	0	0	0	0	0	0	0	0	0	0	0	0	0	0	0	0	0,0000	0,0000	206,0475
2022-03-30	03:39:00		60	0	0	0	0	0	0	0	0	0	0	0	0	0	0	0	0	0	0	0	0	0,0000	0,0000	206,0475
2022-03-30	03:40:00		60	0	0	0	0	0	0	0	0	0	0	0	0	0	0	0	0	0	0	0	0	0,0000	0,0000	206,0475
2022-03-30	03:41:00		60	0	0	0	0	0	0	0	0	0	0	0	0	0	0	0	0	0	0	0	0	0,0000	0,0000	206,0475
2022-03-30	03:42:00		60	0	0	0	0	0	0	0	0	0	0	0	0	0	0	0	0	0	0	0	0	0,0000	0,0000	206,0475
2022-03-30	03:43:00		60	0	0	0	0	0	0	0	0	0	0	0	0	0	0	0	0	0	0	0	0	0,0000	0,0000	206,0475
2022-03-30	03:44:00		60	0	0	0	0	0	0	0	0	0	0	0	0	0	0	0	0	0	0	0	0	0,0000	0,0000	206,0475
2022-03-30	03:45:00		60	0	0	0	0	0	0	0	0	0	0	0	0	0	0	0	0	0	0	0	0	0,0000	0,0000	206,0475
2022-03-30	03:46:00		60	0	0	0	0	0	0	0	0	0	0	0	0	0	0	0	0	0	0	0	0	0,0000	0,0000	206,0475
2022-03-30	03:47:00		60	0	0	0	0	0	0	0	0	0	0	0	0	0	0	0	0	0	0	0	0	0,0000	0,0000	206,0475
2022-03-30	03:48:00		60	0	0	0	0	0	0	0	0	0	0	0	0	0	0	0	0	0	0	0	0	0,0000	0,0000	206,0475
2022-03-30	03:49:00		60	0	0	0	0	0	0	0	0	0	0	0	0	0	0	0	0	0	0	0	0	0,0000	0,0000	206,0475
2022-03-30	03:50:00		60	0	0	0	0	0	0	0	0	0	0	0	0	0	0	0	0	0	0	0	0	0,0000	0,0000	206,0475
2022-03-30	03:51:00		60	0	0	0	0	0	0	0	0	0	0	0	0	0	0	0	0	0	0	0	0	0,0000	0,0000	206,0475
2022-03-30	03:52:00		60	0	0	0	0	0	0	0	0	0	0	0	0	0	0	0	0	0	0	0	0	0,0000	0,0000	206,0475
2022-03-30	03:53:00		60	0	0	0	0	0	0	0	0	0	0	0	0	0	0	0	0	0	0	0	0	0,0000	0,0000	206,0475
2022-03-30	03:54:00		60	0	0	0	0	0	0	0	0	0	0	0	0	0	0	0	0	0	0	0	0	0,0000	0,0000	206,0475
2022-03-30	03:55:00		60	0	0	0	0	0	0	0	0	0	0	0	0	0	0	0	0	0	0	0	0	0,0000	0,0000	206,0475
2022-03-30	03:56:00		60	0	0	0	0	0	0	0	0	0	0	0	0	0	0	0	0	0	0	0	0	0,0000	0,0000	206,0475
2022-03-30	03:57:00		60	0	0	0	0	0	0	0	0	0	0	0	0	0	0	0	0	0	0	0	0	0,0000	0,0000	206,0475
2022-03-30	03:58:00		60	0	0	0	0	0	0	0	0	0	0	0	0	0	0	0	0	0	0	0	0	0,0000	0,0000	206,0475
2022-03-30	03:59:00		60	7	0	0	0	0	0	0	0	0	0	0	0	0	0	0	0	0	0	0	0	0,0020	0,0000	206,0475
2022-03-30	04:00:00		60	0	0	0	0	0	0	0	0	0	0	0	0	0	0	0	0	0	0	0	0	0,0000	0,0000	206,0475
2022-03-30	04:01:00		60	0	0	0	0	0	0	0	0	0	0	0	0	0	0	0	0	0	0	0	0	0,0000	0,0000	206,0475
2022-03-30	04:02:00		60	0	0	0	0	0	0	0	0	0	0	0	0	0	0	0	0	0	0	0	0	0,0000	0,0000	206,0475
2022-03-30	04:03:00		60	0	0	0	0	0	0	0	0	0	0	0	0	0	0	0	0	0	0	0	0	0,0000	0,0000	206,0475
2022-03-30	04:04:00		60	0	0	0	0	0	0	0	0	0	0	0	0	0	0	0	0	0	0	0	0	0,0000	0,0000	206,0475
2022-03-30	04:05:00		60	0	0	0	0	0	0	0	0	0	0	0	0	0	0	0	0	0	0	0	0	0,0000	0,0000	206,0475
2022-03-30	04:06:00		60	0	0	0	0	0	0	0	0	0	0	0	0	0	0	0	0	0	0	0	0	0,0000	0,0000	206,0475
2022-03-30	04:07:00		60	0	0	0	0	0	0	0	0	0	0	0	0	0	0	0	0	0	0	0	0	0,0000	0,0000	206,0475
2022-03-30	04:08:00		60	0	0	0	0	0	0	0	0	0	0	0	0	0	0	0	0	0	0	0	0	0,0000	0,0000	206,0475
2022-03-30	04:09:00		60	0	1	0	2	2	1	0	0	0	0	0	0	0	0	0	0	0	0	0	0	0,0147	0,0002	206,0477
2022-03-30	04:10:00		60	2	0	1	2	1	0	0	0	0	0	0	0	0	0	0	0	0	0	0	0	0,0081	0,0001	206,0479
2022-03-30	04:11:00		60	1	0	1	2	0	0	0	0	0	0	0	0	0	0	0	0	0	0	0	0	0,0049	0,0001	206,0480
2022-03-30	04:12:00		60	2	0	2	1	0	0	0	0	0	0	0	0	0	0	0	0	0	0	0	0	0,0045	0,0001	206,0480
2022-03-30	04:13:00		60	1	6	1	1	1	0	0	0	0	0	0	0	0	0	0	0	0	0	0	0	0,0095	0,0002	206,0482
2022-03-30	04:14:00		60	3	2	0	1	0	0	0	0	0	0	0	0	0	0	0	0	0	0	0	0	0,0038	0,0001	206,0483
2022-03-30	04:15:00		60	5	0	1	0	0	0	0	0	0	0	0	0	0	0	0	0	0	0	0	0	0,0025	0,0000	206,0483
2022-03-30	04:16:00		60	0	0	0	0	0	0	0	0	0	0	0	0	0	0	0	0	0	0	0	0	0,0000	0,0000	206,0483
2022-03-30	04:17:00		60	0	0	0	0	0	0	0	0	0	0	0	0	0	0	0	0	0	0	0	0	0,0000	0,0000	206,0483
2022-03-30	04:18:00		60	0	0	0	0	0	0	0	0	0	0	0	0	0	0	0	0	0	0	0	0	0,0000	0,0000	206,0483
2022-03-30	04:19:00		60	0	0	0	0	0	0	0	0	0	0	0	0	0	0	0	0	0	0	0	0	0,0000	0,0000	206,0483
2022-03-30	04:20:00		60	0	0	0	0	0	0	0	0	0	0	0	0	0	0	0	0	0	0	0	0	0,0000	0,0000	206,0483
2022-03-30	04:21:00		60	0	0	0	0	0	0	0	0	0	0	0	0	0	0	0	0	0	0	0	0	0,0000	0,0000	206,0483
2022-03-30	04:22:00		60	0	0	0	0	0	0	0	0	0	0	0	0	0	0	0	0	0	0	0	0	0,0000	0,0000	206,0483
2022-03-30	04:23:00		60	0	0	0	0	0	0	0	0	0	0	0	0	0	0	0	0	0	0	0	0	0,0000	0,0000	206,0483
2022-03-30	04:24:00		60	0	0	0	0	0	0	0	0	0	0	0	0	0	0	0	0	0	0	0	0	0,0000	0,0000	206,0483
2022-03-30	04:25:00		60	0	0	0	0	0	0	0	0	0	0	0	0	0	0	0	0	0	0	0	0	0,0000	0,0000	206,0483
2022-03-30	04:26:00		60	0	0	0	0	0	0	0	0	0	0	0	0	0	0	0	0	0	0	0	0	0,0000	0,0000	206,0483
2022-03-30	04:27:00		60	0	0	0	0	0	0	0	0	0	0	0	0	0	0	0	0	0	0	0	0	0,0000	0,0000	206,0483
2022-03-30	04:28:00		60	0	0	0	0	0	0	0	0	0	0	0	0	0	0	0	0	0	0	0	0	0,0000	0,0000	206,0483
2022-03-30	04:29:00		60	0	0	0	0	0	0	0	0	0	0	0	0	0	0	0	0	0	0	0	0	0,0000	0,0000	206,0483
2022-03-30	04:30:00		60	0	0	0	0	0	0	0	0	0	0	0	0	0	0	0	0	0	0	0	0	0,0000	0,0000	206,0483
2022-03-30	04:31:00		60	0	0	0	0	0	0	0	0	0	0	0	0	0	0	0	0	0	0	0	0	0,0000	0,0000	206,0483
2022-03-30	04:32:00		60	0	0	0	0	0	0	0	0	0	0	0	0	0	0	0	0	0	0	0	0	0,0000	0,0000	206,0483
2022-03-30	04:33:00		60	0	0	0	0	0	0	0	0	0	0	0	0	0	0	0	0	0	0	0	0	0,0000	0,0000	206,0483
2022-03-30	04:34:00		60	0	0	0	0	0	0	0	0	0	0	0	0	0	0	0	0	0	0	0	0	0,0000	0,0000	206,0483
2022-03-30	04:35:00		60	0	0	0	0	0	0	0	0	0	0	0	0	0	0	0	0	0	0	0	0	0,0000	0,0000	206,0483
2022-03-30	04:36:00		60	0	0	0	0	0	0	0	0	0	0	0	0	0	0	0	0	0	0	0	0	0,0000	0,0000	206,0483
2022-03-30	04:37:00		60	0	0	0	0	0	0	0	0	0	0	0	0	0	0	0	0	0	0	0	0	0,0000	0,0000	206,0483
2022-03-30	04:38:00		60	0	0	0	0	0	0	0	0	0	0	0	0	0	0	0	0	0	0	0	0	0,0000	0,0000	206,0483
2022-03-30	04:39:00		60	0	0	0	0	0	0	0	0	0	0	0	0	0	0	0	0	0	0	0	0	0,0000	0,0000	206,0483
2022-03-30	04:40:00		60	0	0	0	0	0	0	0	0	0	0	0	0	0	0	0	0	0	0	0	0	0,0000	0,0000	206,0483
2022-03-30	04:41:00		60	0	0	0	0	0	0	0	0	0	0	0	0	0	0	0	0	0	0	0	0	0,0000	0,0000	206,0483
2022-03-30	04:42:00		60	0	0	0	0	0	0	0	0	0	0	0	0	0	0	0	0	0	0	0	0	0,0000	0,0000	206,0483
2022-03-30	04:43:00		60	0	0	0	0	0	0	0	0	0	0	0	0	0	0	0	0	0	0	0	0	0,0000	0,0000	206,0483
2022-03-30	04:44:00		60	0	0	0	0	0	0	0	0	0	0	0	0	0	0	0	0	0	0	0	0	0,0000	0,0000	206,0483
2022-03-30	04:45:00		60	0	0	0	0	0	0	0	0	0	0	0	0	0	0	0	0	0	0	0	0	0,0000	0,0000	206,0483
2022-03-30	04:46:00		60	0	0	0	0	0	0	0	0	0	0	0	0	0	0	0	0	0	0	0	0	0,0000	0,0000	206,0483
2022-03-30	04:47:00		60	0	0	0	0	0	0	0	0	0	0	0	0	0	0	0	0	0	0	0	0	0,0000	0,0000	206,0483
2022-03-30	04:48:00		60	0	0	0	0	0	0	0	0	0	0	0	0	0	0	0	0	0	0	0	0	0,0000	0,0000	206,0483
2022-03-30	04:49:00		60	0	0	0	0	0	0	0	0	0	0	0	0	0	0	0	0	0	0	0	0	0,0000	0,0000	206,0483
2022-03-30	04:50:00		60	0	0	0	0	0	0	0	0	0	0	0	0	0	0	0	0	0	0	0	0	0,0000	0,0000	206,0483
2022-03-30	04:51:00		60	0	0	0	0	0	0	0	0	0	0	0	0	0	0	0	0	0	0	0	0	0,0000	0,0000	206,0483
2022-03-30	04:52:00		60	0	0	0	0	0	0	0	0	0	0	0	0	0	0	0	0	0	0	0	0	0,0000	0,0000	206,0483
2022-03-30	04:53:00		60	0	0	0	0	0	0	0	0	0	0	0	0	0	0	0	0	0	0	0	0	0,0000	0,0000	206,0483
2022-03-30	04:54:00		60	0	0	0	0	0	0	0	0	0	0	0	0	0	0	0	0	0	0	0	0	0,0000	0,0000	206,0483
2022-03-30	04:55:00		60	0	0	0	0	0	0	0	0	0	0	0	0	0	0	0	0	0	0	0	0	0,0000	0,0000	206,0483
2022-03-30	04:56:00		60	0	0	0	0	0	0	0	0	0	0	0	0	0	0	0	0	0	0	0	0	0,0000	0,0000	206,0483
2022-03-30	04:57:00		60	0	0	0	0	0	0	0	0	0	0	0	0	0	0	0	0	0	0	0	0	0,0000	0,0000	206,0483
2022-03-30	04:58:00		60	0	0	0	0	0	0	0	0	0	0	0	0	0	0	0	0	0	0	0	0	0,0000	0,0000	206,0483
2022-03-30	04:59:00		60	9	0	0	0	0	0	0	0	0	0	0	0	0	0	0	0	0	0	0	0	0,0026	0,0000	206,0483
2022-03-30	05:00:00		60	0	0	0	0	0	0	0	0	0	0	0	0	0	0	0	0	0	0	0	0	0,0000	0,0000	206,0483
2022-03-30	05:01:00		60	0	0	0	0	0	0	0	0	0	0	0	0	0	0	0	0	0	0	0	0	0,0000	0,0000	206,0483
2022-03-30	05:02:00		60	0	0	0	0	0	0	0	0	0	0	0	0	0	0	0	0	0	0	0	0	0,0000	0,0000	206,0483
2022-03-30	05:03:00		60	0	0	0	0	0	0	0	0	0	0	0	0	0	0	0	0	0	0	0	0	0,0000	0,0000	206,0483
2022-03-30	05:04:00		60	0	0	0	0	0	0	0	0	0	0	0	0	0	0	0	0	0	0	0	0	0,0000	0,0000	206,0483
2022-03-30	05:05:00		60	0	0	0	0	0	0	0	0	0	0	0	0	0	0	0	0	0	0	0	0	0,0000	0,0000	206,0483
2022-03-30	05:06:00		60	0	0	0	0	0	0	0	0	0	0	0	0	0	0	0	0	0	0	0	0	0,0000	0,0000	206,0483
2022-03-30	05:07:00		60	0	0	0	0	0	0	0	0	0	0	0	0	0	0	0	0	0	0	0	0	0,0000	0,0000	206,0483
2022-03-30	05:08:00		60	0	0	0	0	0	0	0	0	0	0	0	0	0	0	0	0	0	0	0	0	0,0000	0,0000	206,0483
2022-03-30	05:09:00		60	0	0	0	0	0	0	0	0	0	0	0	0	0	0	0	0	0	0	0	0	0,0000	0,0000	206,0483
2022-03-30	05:10:00		60	0	0	0	0	0	0	0	0	0	0	0	0	0	0	0	0	0	0	0	0	0,0000	0,0000	206,0483
2022-03-30	05:11:00		60	0	0	0	0	0	0	0	0	0	0	0	0	0	0	0	0	0	0	0	0	0,0000	0,0000	206,0483
2022-03-30	05:12:00		60	0	0	0	0	0	0	0	0	0	0	0	0	0	0	0	0	0	0	0	0	0,0000	0,0000	206,0483
2022-03-30	05:13:00		60	0	0	0	0	0	0	0	0	0	0	0	0	0	0	0	0	0	0	0	0	0,0000	0,0000	206,0483
2022-03-30	05:14:00		60	0	0	0	0	0	0	0	0	0	0	0	0	0	0	0	0	0	0	0	0	0,0000	0,0000	206,0483
2022-03-30	05:15:00		60	0	0	0	0	0	0	0	0	0	0	0	0	0	0	0	0	0	0	0	0	0,0000	0,0000	206,0483
2022-03-30	05:16:00		60	0	0	0	0	0	0	0	0	0	0	0	0	0	0	0	0	0	0	0	0	0,0000	0,0000	206,0483
2022-03-30	05:17:00		60	0	0	0	0	0	0	0	0	0	0	0	0	0	0	0	0	0	0	0	0	0,0000	0,0000	206,0483
2022-03-30	05:18:00		60	0	0	0	0	0	0	0	0	0	0	0	0	0	0	0	0	0	0	0	0	0,0000	0,0000	206,0483
2022-03-30	05:19:00		60	0	0	0	0	0	0	0	0	0	0	0	0	0	0	0	0	0	0	0	0	0,0000	0,0000	206,0483
2022-03-30	05:20:00		60	0	0	0	0	0	0	0	0	0	0	0	0	0	0	0	0	0	0	0	0	0,0000	0,0000	206,0483
2022-03-30	05:21:00		60	0	0	0	0	0	0	0	0	0	0	0	0	0	0	0	0	0	0	0	0	0,0000	0,0000	206,0483
2022-03-30	05:22:00		60	0	0	0	0	0	0	0	0	0	0	0	0	0	0	0	0	0	0	0	0	0,0000	0,0000	206,0483
2022-03-30	05:23:00		60	0	0	0	0	0	0	0	0	0	0	0	0	0	0	0	0	0	0	0	0	0,0000	0,0000	206,0483
2022-03-30	05:24:00		60	0	0	0	0	0	0	0	0	0	0	0	0	0	0	0	0	0	0	0	0	0,0000	0,0000	206,0483
2022-03-30	05:25:00		60	0	0	0	0	0	0	0	0	0	0	0	0	0	0	0	0	0	0	0	0	0,0000	0,0000	206,0483
2022-03-30	05:26:00		60	0	0	0	0	0	0	0	0	0	0	0	0	0	0	0	0	0	0	0	0	0,0000	0,0000	206,0483
2022-03-30	05:27:00		60	0	0	0	0	0	0	0	0	0	0	0	0	0	0	0	0	0	0	0	0	0,0000	0,0000	206,0483
2022-03-30	05:28:00		60	0	0	0	0	0	0	0	0	0	0	0	0	0	0	0	0	0	0	0	0	0,0000	0,0000	206,0483
2022-03-30	05:29:00		60	0	0	0	0	0	0	0	0	0	0	0	0	0	0	0	0	0	0	0	0	0,0000	0,0000	206,0483
2022-03-30	05:30:00		60	0	0	0	0	0	0	0	0	0	0	0	0	0	0	0	0	0	0	0	0	0,0000	0,0000	206,0483
2022-03-30	05:31:00		60	0	0	0	0	0	0	0	0	0	0	0	0	0	0	0	0	0	0	0	0	0,0000	0,0000	206,0483
2022-03-30	05:32:00		60	0	0	0	0	0	0	0	0	0	0	0	0	0	0	0	0	0	0	0	0	0,0000	0,0000	206,0483
2022-03-30	05:33:00		60	0	0	0	0	0	0	0	0	0	0	0	0	0	0	0	0	0	0	0	0	0,0000	0,0000	206,0483
2022-03-30	05:34:00		60	0	0	0	0	0	0	0	0	0	0	0	0	0	0	0	0	0	0	0	0	0,0000	0,0000	206,0483
2022-03-30	05:35:00		60	0	0	0	0	0	0	0	0	0	0	0	0	0	0	0	0	0	0	0	0	0,0000	0,0000	206,0483
2022-03-30	05:36:00		60	0	0	0	0	0	0	0	0	0	0	0	0	0	0	0	0	0	0	0	0	0,0000	0,0000	206,0483
2022-03-30	05:37:00		60	0	0	0	0	0	0	0	0	0	0	0	0	0	0	0	0	0	0	0	0	0,0000	0,0000	206,0483
2022-03-30	05:38:00		60	0	0	0	0	0	0	0	0	0	0	0	0	0	0	0	0	0	0	0	0	0,0000	0,0000	206,0483
2022-03-30	05:39:00		60	0	0	0	0	0	0	0	0	0	0	0	0	0	0	0	0	0	0	0	0	0,0000	0,0000	206,0483
2022-03-30	05:40:00		60	0	0	0	0	0	0	0	0	0	0	0	0	0	0	0	0	0	0	0	0	0,0000	0,0000	206,0483
2022-03-30	05:41:00		60	0	0	0	0	0	0	0	0	0	0	0	0	0	0	0	0	0	0	0	0	0,0000	0,0000	206,0483
2022-03-30	05:42:00		60	0	0	0	0	0	0	0	0	0	0	0	0	0	0	0	0	0	0	0	0	0,0000	0,0000	206,0483
2022-03-30	05:43:00		60	0	0	0	0	0	0	0	0	0	0	0	0	0	0	0	0	0	0	0	0	0,0000	0,0000	206,0483
2022-03-30	05:44:00		60	0	0	0	0	0	0	0	0	0	0	0	0	0	0	0	0	0	0	0	0	0,0000	0,0000	206,0483
2022-03-30	05:45:00		60	0	0	0	0	0	0	0	0	0	0	0	0	0	0	0	0	0	0	0	0	0,0000	0,0000	206,0483
2022-03-30	05:46:00		60	0	0	0	0	0	0	0	0	0	0	0	0	0	0	0	0	0	0	0	0	0,0000	0,0000	206,0483
2022-03-30	05:47:00		60	0	0	0	0	0	0	0	0	0	0	0	0	0	0	0	0	0	0	0	0	0,0000	0,0000	206,0483
2022-03-30	05:48:00		60	0	0	0	0	0	0	0	0	0	0	0	0	0	0	0	0	0	0	0	0	0,0000	0,0000	206,0483
2022-03-30	05:49:00		60	0	0	0	0	0	0	0	0	0	0	0	0	0	0	0	0	0	0	0	0	0,0000	0,0000	206,0483
2022-03-30	05:50:00		60	0	0	0	0	0	0	0	0	0	0	0	0	0	0	0	0	0	0	0	0	0,0000	0,0000	206,0483
2022-03-30	05:51:00		60	0	0	0	0	0	0	0	0	0	0	0	0	0	0	0	0	0	0	0	0	0,0000	0,0000	206,0483
2022-03-30	05:52:00		60	0	0	0	0	0	0	0	0	0	0	0	0	0	0	0	0	0	0	0	0	0,0000	0,0000	206,0483
2022-03-30	05:53:00		60	0	0	0	0	0	0	0	0	0	0	0	0	0	0	0	0	0	0	0	0	0,0000	0,0000	206,0483
2022-03-30	05:54:00		60	0	0	0	0	0	0	0	0	0	0	0	0	0	0	0	0	0	0	0	0	0,0000	0,0000	206,0483
2022-03-30	05:55:00		60	0	0	0	0	0	0	0	0	0	0	0	0	0	0	0	0	0	0	0	0	0,0000	0,0000	206,0483
2022-03-30	05:56:00		60	0	0	0	0	0	0	0	0	0	0	0	0	0	0	0	0	0	0	0	0	0,0000	0,0000	206,0483
2022-03-30	05:57:00		60	0	0	0	0	0	0	0	0	0	0	0	0	0	0	0	0	0	0	0	0	0,0000	0,0000	206,0483
2022-03-30	05:58:00		60	0	0	0	0	0	0	0	0	0	0	0	0	0	0	0	0	0	0	0	0	0,0000	0,0000	206,0483
2022-03-30	05:59:00		60	0	0	0	0	0	0	0	0	0	0	0	0	0	0	0	0	0	0	0	0	0,0000	0,0000	206,0483
2022-03-30	06:00:00		60	0	0	0	0	0	0	0	0	0	0	0	0	0	0	0	0	0	0	0	0	0,0000	0,0000	206,0483
2022-03-30	06:01:00		60	0	0	0	0	0	0	0	0	0	0	0	0	0	0	0	0	0	0	0	0	0,0000	0,0000	206,0483
2022-03-30	06:02:00		60	0	0	0	0	0	0	0	0	0	0	0	0	0	0	0	0	0	0	0	0	0,0000	0,0000	206,0483
2022-03-30	06:03:00		60	0	0	0	0	0	0	0	0	0	0	0	0	0	0	0	0	0	0	0	0	0,0000	0,0000	206,0483
2022-03-30	06:04:00		60	0	0	0	0	0	0	0	0	0	0	0	0	0	0	0	0	0	0	0	0	0,0000	0,0000	206,0483
2022-03-30	06:05:00		60	0	0	0	0	0	0	0	0	0	0	0	0	0	0	0	0	0	0	0	0	0,0000	0,0000	206,0483
2022-03-30	06:06:00		60	0	0	0	0	0	0	0	0	0	0	0	0	0	0	0	0	0	0	0	0	0,0000	0,0000	206,0483
2022-03-30	06:07:00		60	0	0	0	0	0	0	0	0	0	0	0	0	0	0	0	0	0	0	0	0	0,0000	0,0000	206,0483
2022-03-30	06:08:00		60	0	0	0	0	0	0	0	0	0	0	0	0	0	0	0	0	0	0	0	0	0,0000	0,0000	206,0483
2022-03-30	06:09:00		60	0	0	0	0	0	0	0	0	0	0	0	0	0	0	0	0	0	0	0	0	0,0000	0,0000	206,0483
2022-03-30	06:10:00		60	0	0	0	0	0	0	0	0	0	0	0	0	0	0	0	0	0	0	0	0	0,0000	0,0000	206,0483
2022-03-30	06:11:00		60	0	0	0	0	0	0	0	0	0	0	0	0	0	0	0	0	0	0	0	0	0,0000	0,0000	206,0483
2022-03-30	06:12:00		60	0	0	0	0	0	0	0	0	0	0	0	0	0	0	0	0	0	0	0	0	0,0000	0,0000	206,0483
2022-03-30	06:13:00		60	0	0	0	0	0	0	0	0	0	0	0	0	0	0	0	0	0	0	0	0	0,0000	0,0000	206,0483
2022-03-30	06:14:00		60	0	0	0	0	0	0	0	0	0	0	0	0	0	0	0	0	0	0	0	0	0,0000	0,0000	206,0483
2022-03-30	06:15:00		60	0	0	0	0	0	0	0	0	0	0	0	0	0	0	0	0	0	0	0	0	0,0000	0,0000	206,0483
2022-03-30	06:16:00		60	0	0	0	0	0	0	0	0	0	0	0	0	0	0	0	0	0	0	0	0	0,0000	0,0000	206,0483
2022-03-30	06:17:00		60	0	0	0	0	0	0	0	0	0	0	0	0	0	0	0	0	0	0	0	0	0,0000	0,0000	206,0483
2022-03-30	06:18:00		60	0	0	0	0	0	0	0	0	0	0	0	0	0	0	0	0	0	0	0	0	0,0000	0,0000	206,0483
2022-03-30	06:19:00		60	0	0	0	0	0	0	0	0	0	0	0	0	0	0	0	0	0	0	0	0	0,0000	0,0000	206,0483
2022-03-30	06:20:00		60	0	0	0	0	0	0	0	0	0	0	0	0	0	0	0	0	0	0	0	0	0,0000	0,0000	206,0483
2022-03-30	06:21:00		60	0	0	0	0	0	0	0	0	0	0	0	0	0	0	0	0	0	0	0	0	0,0000	0,0000	206,0483
2022-03-30	06:22:00		60	0	0	0	0	0	0	0	0	0	0	0	0	0	0	0	0	0	0	0	0	0,0000	0,0000	206,0483
2022-03-30	06:23:00		60	0	0	0	0	0	0	0	0	0	0	0	0	0	0	0	0	0	0	0	0	0,0000	0,0000	206,0483
2022-03-30	06:24:00		60	0	0	0	0	0	0	0	0	0	0	0	0	0	0	0	0	0	0	0	0	0,0000	0,0000	206,0483
2022-03-30	06:25:00		60	0	0	0	0	0	0	0	0	0	0	0	0	0	0	0	0	0	0	0	0	0,0000	0,0000	206,0483
2022-03-30	06:26:00		60	0	0	0	0	0	0	0	0	0	0	0	0	0	0	0	0	0	0	0	0	0,0000	0,0000	206,0483
2022-03-30	06:27:00		60	0	0	0	0	0	0	0	0	0	0	0	0	0	0	0	0	0	0	0	0	0,0000	0,0000	206,0483
2022-03-30	06:28:00		60	0	0	0	0	0	0	0	0	0	0	0	0	0	0	0	0	0	0	0	0	0,0000	0,0000	206,0483
2022-03-30	06:29:00		60	0	0	0	0	0	0	0	0	0	0	0	0	0	0	0	0	0	0	0	0	0,0000	0,0000	206,0483
2022-03-30	06:30:00		60	0	0	0	0	0	0	0	0	0	0	0	0	0	0	0	0	0	0	0	0	0,0000	0,0000	206,0483
2022-03-30	06:31:00		60	0	0	0	0	0	0	0	0	0	0	0	0	0	0	0	0	0	0	0	0	0,0000	0,0000	206,0483
2022-03-30	06:32:00		60	0	0	0	0	0	0	0	0	0	0	0	0	0	0	0	0	0	0	0	0	0,0000	0,0000	206,0483
2022-03-30	06:33:00		60	0	0	0	0	0	0	0	0	0	0	0	0	0	0	0	0	0	0	0	0	0,0000	0,0000	206,0483
2022-03-30	06:34:00		60	0	0	0	0	0	0	0	0	0	0	0	0	0	0	0	0	0	0	0	0	0,0000	0,0000	206,0483
2022-03-30	06:35:00		60	0	0	0	0	0	0	0	0	0	0	0	0	0	0	0	0	0	0	0	0	0,0000	0,0000	206,0483
2022-03-30	06:36:00		60	0	0	0	0	0	0	0	0	0	0	0	0	0	0	0	0	0	0	0	0	0,0000	0,0000	206,0483
2022-03-30	06:37:00		60	0	0	0	0	0	0	0	0	0	0	0	0	0	0	0	0	0	0	0	0	0,0000	0,0000	206,0483
2022-03-30	06:38:00		60	0	0	0	0	0	0	0	0	0	0	0	0	0	0	0	0	0	0	0	0	0,0000	0,0000	206,0483
2022-03-30	06:39:00		60	0	0	0	0	0	0	0	0	0	0	0	0	0	0	0	0	0	0	0	0	0,0000	0,0000	206,0483
2022-03-30	06:40:00		60	0	0	0	0	0	0	0	0	0	0	0	0	0	0	0	0	0	0	0	0	0,0000	0,0000	206,0483
2022-03-30	06:41:00		60	0	0	0	0	0	0	0	0	0	0	0	0	0	0	0	0	0	0	0	0	0,0000	0,0000	206,0483
2022-03-30	06:42:00		60	0	0	0	0	0	0	0	0	0	0	0	0	0	0	0	0	0	0	0	0	0,0000	0,0000	206,0483
2022-03-30	06:43:00		60	0	0	0	0	0	0	0	0	0	0	0	0	0	0	0	0	0	0	0	0	0,0000	0,0000	206,0483
2022-03-30	06:44:00		60	0	0	0	0	0	0	0	0	0	0	0	0	0	0	0	0	0	0	0	0	0,0000	0,0000	206,0483
2022-03-30	06:45:00		60	0	0	0	0	0	0	0	0	0	0	0	0	0	0	0	0	0	0	0	0	0,0000	0,0000	206,0483
2022-03-30	06:46:00		60	0	0	0	0	0	0	0	0	0	0	0	0	0	0	0	0	0	0	0	0	0,0000	0,0000	206,0483
2022-03-30	06:47:00		60	0	0	0	0	0	0	0	0	0	0	0	0	0	0	0	0	0	0	0	0	0,0000	0,0000	206,0483
2022-03-30	06:48:00		60	0	0	0	0	0	0	0	0	0	0	0	0	0	0	0	0	0	0	0	0	0,0000	0,0000	206,0483
2022-03-30	06:49:00		60	0	0	0	0	0	0	0	0	0	0	0	0	0	0	0	0	0	0	0	0	0,0000	0,0000	206,0483
2022-03-30	06:50:00		60	0	0	0	0	0	0	0	0	0	0	0	0	0	0	0	0	0	0	0	0	0,0000	0,0000	206,0483
2022-03-30	06:51:00		60	0	0	0	0	0	0	0	0	0	0	0	0	0	0	0	0	0	0	0	0	0,0000	0,0000	206,0483
2022-03-30	06:52:00		60	4	0	0	0	0	0	0	0	0	0	0	0	0	0	0	0	0	0	0	0	0,0012	0,0000	206,0484
2022-03-30	06:53:00		60	0	0	0	0	0	0	0	0	0	0	0	0	0	0	0	0	0	0	0	0	0,0000	0,0000	206,0484
2022-03-30	06:54:00		60	0	0	0	0	0	0	0	0	0	0	0	0	0	0	0	0	0	0	0	0	0,0000	0,0000	206,0484
2022-03-30	06:55:00		60	0	0	0	0	0	0	0	0	0	0	0	0	0	0	0	0	0	0	0	0	0,0000	0,0000	206,0484
2022-03-30	06:56:00		60	0	0	0	0	0	0	0	0	0	0	0	0	0	0	0	0	0	0	0	0	0,0000	0,0000	206,0484
2022-03-30	06:57:00		60	0	0	0	0	0	0	0	0	0	0	0	0	0	0	0	0	0	0	0	0	0,0000	0,0000	206,0484
2022-03-30	06:58:00		60	0	0	0	0	0	0	0	0	0	0	0	0	0	0	0	0	0	0	0	0	0,0000	0,0000	206,0484
2022-03-30	06:59:00		60	5	0	0	0	0	0	0	0	0	0	0	0	0	0	0	0	0	0	0	0	0,0015	0,0000	206,0484
2022-03-30	07:00:00		60	0	0	0	0	0	0	0	0	0	0	0	0	0	0	0	0	0	0	0	0	0,0000	0,0000	206,0484
2022-03-30	07:01:00		60	0	0	0	0	0	0	0	0	0	0	0	0	0	0	0	0	0	0	0	0	0,0000	0,0000	206,0484
2022-03-30	07:02:00		60	0	0	0	0	0	0	0	0	0	0	0	0	0	0	0	0	0	0	0	0	0,0000	0,0000	206,0484
2022-03-30	07:03:00		60	0	0	0	0	0	0	0	0	0	0	0	0	0	0	0	0	0	0	0	0	0,0000	0,0000	206,0484
2022-03-30	07:04:00		60	0	0	0	0	0	0	0	0	0	0	0	0	0	0	0	0	0	0	0	0	0,0000	0,0000	206,0484
2022-03-30	07:05:00		60	0	0	0	0	0	0	0	0	0	0	0	0	0	0	0	0	0	0	0	0	0,0000	0,0000	206,0484
2022-03-30	07:06:00		60	0	0	0	0	0	0	0	0	0	0	0	0	0	0	0	0	0	0	0	0	0,0000	0,0000	206,0484
2022-03-30	07:07:00		60	0	0	0	0	0	0	0	0	0	0	0	0	0	0	0	0	0	0	0	0	0,0000	0,0000	206,0484
2022-03-30	07:08:00		60	0	0	0	0	0	0	0	0	0	0	0	0	0	0	0	0	0	0	0	0	0,0000	0,0000	206,0484
2022-03-30	07:09:00		60	0	0	0	0	0	0	0	0	0	0	0	0	0	0	0	0	0	0	0	0	0,0000	0,0000	206,0484
2022-03-30	07:10:00		60	0	0	0	0	0	0	0	0	0	0	0	0	0	0	0	0	0	0	0	0	0,0000	0,0000	206,0484
2022-03-30	07:11:00		60	0	0	0	0	0	0	0	0	0	0	0	0	0	0	0	0	0	0	0	0	0,0000	0,0000	206,0484
2022-03-30	07:12:00		60	0	0	0	0	0	0	0	0	0	0	0	0	0	0	0	0	0	0	0	0	0,0000	0,0000	206,0484
2022-03-30	07:13:00		60	0	0	0	0	0	0	0	0	0	0	0	0	0	0	0	0	0	0	0	0	0,0000	0,0000	206,0484
2022-03-30	07:14:00		60	0	0	0	0	0	0	0	0	0	0	0	0	0	0	0	0	0	0	0	0	0,0000	0,0000	206,0484
2022-03-30	07:15:00		60	0	0	0	0	0	0	0	0	0	0	0	0	0	0	0	0	0	0	0	0	0,0000	0,0000	206,0484
2022-03-30	07:16:00		60	0	0	0	0	0	0	0	0	0	0	0	0	0	0	0	0	0	0	0	0	0,0000	0,0000	206,0484
2022-03-30	07:17:00		60	0	0	0	0	0	0	0	0	0	0	0	0	0	0	0	0	0	0	0	0	0,0000	0,0000	206,0484
2022-03-30	07:18:00		60	0	0	0	0	0	0	0	0	0	0	0	0	0	0	0	0	0	0	0	0	0,0000	0,0000	206,0484
2022-03-30	07:19:00		60	0	0	0	0	0	0	0	0	0	0	0	0	0	0	0	0	0	0	0	0	0,0000	0,0000	206,0484
2022-03-30	07:20:00		60	0	0	0	0	0	0	0	0	0	0	0	0	0	0	0	0	0	0	0	0	0,0000	0,0000	206,0484
2022-03-30	07:21:00		60	0	0	0	0	0	0	0	0	0	0	0	0	0	0	0	0	0	0	0	0	0,0000	0,0000	206,0484
2022-03-30	07:22:00		60	0	0	0	0	0	0	0	0	0	0	0	0	0	0	0	0	0	0	0	0	0,0000	0,0000	206,0484
2022-03-30	07:23:00		60	0	0	0	0	0	0	0	0	0	0	0	0	0	0	0	0	0	0	0	0	0,0000	0,0000	206,0484
2022-03-30	07:24:00		60	0	0	0	0	0	0	0	0	0	0	0	0	0	0	0	0	0	0	0	0	0,0000	0,0000	206,0484
2022-03-30	07:25:00		60	0	0	0	0	0	0	0	0	0	0	0	0	0	0	0	0	0	0	0	0	0,0000	0,0000	206,0484
2022-03-30	07:26:00		60	0	0	0	0	0	0	0	0	0	0	0	0	0	0	0	0	0	0	0	0	0,0000	0,0000	206,0484
2022-03-30	07:27:00		60	0	0	0	0	0	0	0	0	0	0	0	0	0	0	0	0	0	0	0	0	0,0000	0,0000	206,0484
2022-03-30	07:28:00		60	5	0	0	0	0	0	0	0	0	0	0	0	0	0	0	0	0	0	0	0	0,0015	0,0000	206,0484
2022-03-30	07:29:00		60	0	0	0	0	0	0	0	0	0	0	0	0	0	0	0	0	0	0	0	0	0,0000	0,0000	206,0484
2022-03-30	07:30:00		60	0	0	0	0	0	0	0	0	0	0	0	0	0	0	0	0	0	0	0	0	0,0000	0,0000	206,0484
2022-03-30	07:31:00		60	0	0	0	0	0	0	0	0	0	0	0	0	0	0	0	0	0	0	0	0	0,0000	0,0000	206,0484
2022-03-30	07:32:00		60	0	0	0	0	0	0	0	0	0	0	0	0	0	0	0	0	0	0	0	0	0,0000	0,0000	206,0484
2022-03-30	07:33:00		60	0	0	0	0	0	0	0	0	0	0	0	0	0	0	0	0	0	0	0	0	0,0000	0,0000	206,0484
2022-03-30	07:34:00		60	0	0	0	0	0	0	0	0	0	0	0	0	0	0	0	0	0	0	0	0	0,0000	0,0000	206,0484
2022-03-30	07:35:00		60	0	0	0	0	0	0	0	0	0	0	0	0	0	0	0	0	0	0	0	0	0,0000	0,0000	206,0484
2022-03-30	07:36:00		60	0	0	0	0	0	0	0	0	0	0	0	0	0	0	0	0	0	0	0	0	0,0000	0,0000	206,0484
2022-03-30	07:37:00		60	0	0	0	0	0	0	0	0	0	0	0	0	0	0	0	0	0	0	0	0	0,0000	0,0000	206,0484
2022-03-30	07:38:00		60	0	0	0	0	0	0	0	0	0	0	0	0	0	0	0	0	0	0	0	0	0,0000	0,0000	206,0484
2022-03-30	07:39:00		60	0	0	0	0	0	0	0	0	0	0	0	0	0	0	0	0	0	0	0	0	0,0000	0,0000	206,0484
2022-03-30	07:40:00		60	0	0	0	0	0	0	0	0	0	0	0	0	0	0	0	0	0	0	0	0	0,0000	0,0000	206,0484
2022-03-30	07:41:00		60	0	0	0	0	0	0	0	0	0	0	0	0	0	0	0	0	0	0	0	0	0,0000	0,0000	206,0484
2022-03-30	07:42:00		60	0	0	0	0	0	0	0	0	0	0	0	0	0	0	0	0	0	0	0	0	0,0000	0,0000	206,0484
2022-03-30	07:43:00		60	0	0	0	0	0	0	0	0	0	0	0	0	0	0	0	0	0	0	0	0	0,0000	0,0000	206,0484
2022-03-30	07:44:00		60	0	0	0	0	0	0	0	0	0	0	0	0	0	0	0	0	0	0	0	0	0,0000	0,0000	206,0484
2022-03-30	07:45:00		60	0	0	0	0	0	0	0	0	0	0	0	0	0	0	0	0	0	0	0	0	0,0000	0,0000	206,0484
2022-03-30	07:46:00		60	0	0	0	0	0	0	0	0	0	0	0	0	0	0	0	0	0	0	0	0	0,0000	0,0000	206,0484
2022-03-30	07:47:00		60	0	0	0	0	0	0	0	0	0	0	0	0	0	0	0	0	0	0	0	0	0,0000	0,0000	206,0484
2022-03-30	07:48:00		60	0	0	0	0	0	0	0	0	0	0	0	0	0	0	0	0	0	0	0	0	0,0000	0,0000	206,0484
2022-03-30	07:49:00		60	0	0	0	0	0	0	0	0	0	0	0	0	0	0	0	0	0	0	0	0	0,0000	0,0000	206,0484
2022-03-30	07:50:00		60	0	0	0	0	0	0	0	0	0	0	0	0	0	0	0	0	0	0	0	0	0,0000	0,0000	206,0484
2022-03-30	07:51:00		60	0	0	0	0	0	0	0	0	0	0	0	0	0	0	0	0	0	0	0	0	0,0000	0,0000	206,0484
2022-03-30	07:52:00		60	0	0	0	0	0	0	0	0	0	0	0	0	0	0	0	0	0	0	0	0	0,0000	0,0000	206,0484
2022-03-30	07:53:00		60	2	0	0	0	1	0	0	0	0	0	0	0	0	0	0	0	0	0	0	0	0,0035	0,0001	206,0485
2022-03-30	07:54:00		60	0	0	0	0	0	0	0	0	0	0	0	0	0	0	0	0	0	0	0	0	0,0000	0,0000	206,0485
2022-03-30	07:55:00		60	0	1	0	1	0	0	0	0	0	0	0	0	0	0	0	0	0	0	0	0	0,0024	0,0000	206,0485
2022-03-30	07:56:00		60	0	0	0	0	0	0	0	0	0	0	0	0	0	0	0	0	0	0	0	0	0,0000	0,0000	206,0485
2022-03-30	07:57:00		60	0	2	1	1	0	0	0	0	0	0	0	0	0	0	0	0	0	0	0	0	0,0040	0,0001	206,0486
2022-03-30	07:58:00		60	2	1	2	2	0	0	0	0	0	0	0	0	0	0	0	0	0	0	0	0	0,0068	0,0001	206,0487
2022-03-30	07:59:00		60	7	1	0	0	1	0	0	0	0	0	0	0	0	0	0	0	0	0	0	0	0,0055	0,0001	206,0488
2022-03-30	08:00:00		60	0	0	0	0	0	0	0	0	0	0	0	0	0	0	0	0	0	0	0	0	0,0000	0,0000	206,0488
2022-03-30	08:01:00		60	1	2	4	1	0	0	0	0	0	0	0	0	0	0	0	0	0	0	0	0	0,0075	0,0001	206,0489
2022-03-30	08:02:00		60	2	0	2	0	0	0	0	0	0	0	0	0	0	0	0	0	0	0	0	0	0,0027	0,0000	206,0489
2022-03-30	08:03:00		60	5	1	2	0	0	0	0	0	0	0	0	0	0	0	0	0	0	0	0	0	0,0041	0,0001	206,0490
2022-03-30	08:04:00		60	0	0	0	0	0	0	0	0	0	0	0	0	0	0	0	0	0	0	0	0	0,0000	0,0000	206,0490
2022-03-30	08:05:00		60	4	3	0	1	1	0	0	0	0	0	0	0	0	0	0	0	0	0	0	0	0,0076	0,0001	206,0491
2022-03-30	08:06:00		60	1	2	1	1	0	0	0	0	0	0	0	0	0	0	0	0	0	0	0	0	0,0043	0,0001	206,0492
2022-03-30	08:07:00		60	3	1	2	0	0	0	0	0	0	0	0	0	0	0	0	0	0	0	0	0	0,0036	0,0001	206,0493
2022-03-30	08:08:00		60	5	4	0	0	0	0	0	0	0	0	0	0	0	0	0	0	0	0	0	0	0,0038	0,0001	206,0493
2022-03-30	08:09:00		60	0	0	0	0	0	0	0	0	0	0	0	0	0	0	0	0	0	0	0	0	0,0000	0,0000	206,0493
2022-03-30	08:10:00		60	2	1	0	0	0	1	0	0	0	0	0	0	0	0	0	0	0	0	0	0	0,0060	0,0001	206,0494
2022-03-30	08:11:00		60	0	0	0	0	0	0	0	0	0	0	0	0	0	0	0	0	0	0	0	0	0,0000	0,0000	206,0494
2022-03-30	08:12:00		60	1	1	1	0	0	0	0	0	0	0	0	0	0	0	0	0	0	0	0	0	0,0019	0,0000	206,0495
2022-03-30	08:13:00		60	0	0	0	0	0	0	0	0	0	0	0	0	0	0	0	0	0	0	0	0	0,0000	0,0000	206,0495
2022-03-30	08:14:00		60	4	0	0	0	0	0	0	0	0	0	0	0	0	0	0	0	0	0	0	0	0,0012	0,0000	206,0495
2022-03-30	08:15:00		60	0	0	0	0	0	0	0	0	0	0	0	0	0	0	0	0	0	0	0	0	0,0000	0,0000	206,0495
2022-03-30	08:16:00		60	0	0	0	0	0	0	0	0	0	0	0	0	0	0	0	0	0	0	0	0	0,0000	0,0000	206,0495
2022-03-30	08:17:00		60	0	0	0	0	0	0	0	0	0	0	0	0	0	0	0	0	0	0	0	0	0,0000	0,0000	206,0495
2022-03-30	08:18:00		60	0	0	0	0	0	0	0	0	0	0	0	0	0	0	0	0	0	0	0	0	0,0000	0,0000	206,0495
2022-03-30	08:19:00		60	0	0	0	0	0	0	0	0	0	0	0	0	0	0	0	0	0	0	0	0	0,0000	0,0000	206,0495
2022-03-30	08:20:00		60	0	0	0	0	0	0	0	0	0	0	0	0	0	0	0	0	0	0	0	0	0,0000	0,0000	206,0495
2022-03-30	08:21:00		60	0	0	0	0	0	0	0	0	0	0	0	0	0	0	0	0	0	0	0	0	0,0000	0,0000	206,0495
2022-03-30	08:22:00		60	0	0	0	0	0	0	0	0	0	0	0	0	0	0	0	0	0	0	0	0	0,0000	0,0000	206,0495
2022-03-30	08:23:00		60	0	0	0	0	0	0	0	0	0	0	0	0	0	0	0	0	0	0	0	0	0,0000	0,0000	206,0495
2022-03-30	08:24:00		60	0	0	0	0	0	0	0	0	0	0	0	0	0	0	0	0	0	0	0	0	0,0000	0,0000	206,0495
2022-03-30	08:25:00		60	0	0	0	0	0	0	0	0	0	0	0	0	0	0	0	0	0	0	0	0	0,0000	0,0000	206,0495
2022-03-30	08:26:00		60	0	0	0	0	0	0	0	0	0	0	0	0	0	0	0	0	0	0	0	0	0,0000	0,0000	206,0495
2022-03-30	08:27:00		60	0	0	0	0	0	0	0	0	0	0	0	0	0	0	0	0	0	0	0	0	0,0000	0,0000	206,0495
2022-03-30	08:28:00		60	0	0	0	0	0	0	0	0	0	0	0	0	0	0	0	0	0	0	0	0	0,0000	0,0000	206,0495
2022-03-30	08:29:00		60	0	0	0	0	0	0	0	0	0	0	0	0	0	0	0	0	0	0	0	0	0,0000	0,0000	206,0495
2022-03-30	08:30:00		60	0	0	0	0	0	0	0	0	0	0	0	0	0	0	0	0	0	0	0	0	0,0000	0,0000	206,0495
2022-03-30	08:31:00		60	0	0	0	0	0	0	0	0	0	0	0	0	0	0	0	0	0	0	0	0	0,0000	0,0000	206,0495
2022-03-30	08:32:00		60	0	0	0	0	0	0	0	0	0	0	0	0	0	0	0	0	0	0	0	0	0,0000	0,0000	206,0495
2022-03-30	08:33:00		60	0	0	0	0	0	0	0	0	0	0	0	0	0	0	0	0	0	0	0	0	0,0000	0,0000	206,0495
2022-03-30	08:34:00		60	0	0	0	0	0	0	0	0	0	0	0	0	0	0	0	0	0	0	0	0	0,0000	0,0000	206,0495
2022-03-30	08:35:00		60	0	0	0	0	0	0	0	0	0	0	0	0	0	0	0	0	0	0	0	0	0,0000	0,0000	206,0495
2022-03-30	08:36:00		60	0	0	0	0	0	0	0	0	0	0	0	0	0	0	0	0	0	0	0	0	0,0000	0,0000	206,0495
2022-03-30	08:37:00		60	0	0	0	0	0	0	0	0	0	0	0	0	0	0	0	0	0	0	0	0	0,0000	0,0000	206,0495
2022-03-30	08:38:00		60	0	0	0	0	0	0	0	0	0	0	0	0	0	0	0	0	0	0	0	0	0,0000	0,0000	206,0495
2022-03-30	08:39:00		60	4	0	0	0	0	0	0	0	0	0	0	0	0	0	0	0	0	0	0	0	0,0012	0,0000	206,0495
2022-03-30	08:40:00		60	0	0	0	0	0	0	0	0	0	0	0	0	0	0	0	0	0	0	0	0	0,0000	0,0000	206,0495
2022-03-30	08:41:00		60	0	0	0	0	0	0	0	0	0	0	0	0	0	0	0	0	0	0	0	0	0,0000	0,0000	206,0495
2022-03-30	08:42:00		60	0	0	0	0	0	0	0	0	0	0	0	0	0	0	0	0	0	0	0	0	0,0000	0,0000	206,0495
2022-03-30	08:43:00		60	0	0	0	0	0	0	0	0	0	0	0	0	0	0	0	0	0	0	0	0	0,0000	0,0000	206,0495
2022-03-30	08:44:00		60	0	0	0	0	0	0	0	0	0	0	0	0	0	0	0	0	0	0	0	0	0,0000	0,0000	206,0495
2022-03-30	08:45:00		60	0	0	0	0	0	0	0	0	0	0	0	0	0	0	0	0	0	0	0	0	0,0000	0,0000	206,0495
2022-03-30	08:46:00		60	0	0	0	0	0	0	0	0	0	0	0	0	0	0	0	0	0	0	0	0	0,0000	0,0000	206,0495
2022-03-30	08:47:00		60	0	0	0	0	0	0	0	0	0	0	0	0	0	0	0	0	0	0	0	0	0,0000	0,0000	206,0495
2022-03-30	08:48:00		60	0	0	0	0	0	0	0	0	0	0	0	0	0	0	0	0	0	0	0	0	0,0000	0,0000	206,0495
2022-03-30	08:49:00		60	0	0	0	0	0	0	0	0	0	0	0	0	0	0	0	0	0	0	0	0	0,0000	0,0000	206,0495
2022-03-30	08:50:00		60	0	0	0	0	0	0	0	0	0	0	0	0	0	0	0	0	0	0	0	0	0,0000	0,0000	206,0495
2022-03-30	08:51:00		60	0	0	0	0	0	0	0	0	0	0	0	0	0	0	0	0	0	0	0	0	0,0000	0,0000	206,0495
2022-03-30	08:52:00		60	0	0	0	0	0	0	0	0	0	0	0	0	0	0	0	0	0	0	0	0	0,0000	0,0000	206,0495
2022-03-30	08:53:00		60	0	0	0	0	0	0	0	0	0	0	0	0	0	0	0	0	0	0	0	0	0,0000	0,0000	206,0495
2022-03-30	08:54:00		60	0	0	0	0	0	0	0	0	0	0	0	0	0	0	0	0	0	0	0	0	0,0000	0,0000	206,0495
2022-03-30	08:55:00		60	0	0	0	0	0	0	0	0	0	0	0	0	0	0	0	0	0	0	0	0	0,0000	0,0000	206,0495
2022-03-30	08:56:00		60	0	0	0	0	0	0	0	0	0	0	0	0	0	0	0	0	0	0	0	0	0,0000	0,0000	206,0495
2022-03-30	08:57:00		60	0	0	0	0	0	0	0	0	0	0	0	0	0	0	0	0	0	0	0	0	0,0000	0,0000	206,0495
2022-03-30	08:58:00		60	0	0	0	0	0	0	0	0	0	0	0	0	0	0	0	0	0	0	0	0	0,0000	0,0000	206,0495
2022-03-30	08:59:00		60	9	0	0	0	0	0	0	0	0	0	0	0	0	0	0	0	0	0	0	0	0,0026	0,0000	206,0495
2022-03-30	09:00:00		60	0	0	0	0	0	0	0	0	0	0	0	0	0	0	0	0	0	0	0	0	0,0000	0,0000	206,0495
2022-03-30	09:01:00		60	0	0	0	0	0	0	0	0	0	0	0	0	0	0	0	0	0	0	0	0	0,0000	0,0000	206,0495
2022-03-30	09:02:00		60	0	0	0	0	0	0	0	0	0	0	0	0	0	0	0	0	0	0	0	0	0,0000	0,0000	206,0495
2022-03-30	09:03:00		60	0	0	0	0	0	0	0	0	0	0	0	0	0	0	0	0	0	0	0	0	0,0000	0,0000	206,0495
2022-03-30	09:04:00		60	0	0	0	0	0	0	0	0	0	0	0	0	0	0	0	0	0	0	0	0	0,0000	0,0000	206,0495
2022-03-30	09:05:00		60	0	0	0	0	0	0	0	0	0	0	0	0	0	0	0	0	0	0	0	0	0,0000	0,0000	206,0495
2022-03-30	09:06:00		60	0	0	0	0	0	0	0	0	0	0	0	0	0	0	0	0	0	0	0	0	0,0000	0,0000	206,0495
2022-03-30	09:07:00		60	0	0	0	0	0	0	0	0	0	0	0	0	0	0	0	0	0	0	0	0	0,0000	0,0000	206,0495
2022-03-30	09:08:00		60	0	0	0	0	0	0	0	0	0	0	0	0	0	0	0	0	0	0	0	0	0,0000	0,0000	206,0495
2022-03-30	09:09:00		60	0	0	0	0	0	0	0	0	0	0	0	0	0	0	0	0	0	0	0	0	0,0000	0,0000	206,0495
2022-03-30	09:10:00		60	0	0	0	0	0	0	0	0	0	0	0	0	0	0	0	0	0	0	0	0	0,0000	0,0000	206,0495
2022-03-30	09:11:00		60	0	0	0	0	0	0	0	0	0	0	0	0	0	0	0	0	0	0	0	0	0,0000	0,0000	206,0495
